time at 532nm	frame at 532nm	I_1 at 532nm(counts)	I_2 at 532nm(counts)	time at 532nm	frame at 532nm	FRET_1>2	discr.FRET_1>2	
1.017480e-01	1	1.248777e+02	3.196719e+02	1.017480e-01	1	7.190916e-01	7.000000e-01	
2.034960e-01	2	1.248777e+02	3.196719e+02	2.034960e-01	2	7.190916e-01	7.000000e-01	
3.052440e-01	3	1.091502e+02	2.542881e+02	3.052440e-01	3	6.996734e-01	7.000000e-01	
4.069920e-01	4	1.274996e+02	3.318050e+02	4.069920e-01	4	7.224073e-01	7.000000e-01	
5.087400e-01	5	1.255805e+02	3.321254e+02	5.087400e-01	5	7.256306e-01	7.000000e-01	
6.104880e-01	6	1.091502e+02	2.542879e+02	6.104880e-01	6	6.996732e-01	7.000000e-01	
7.122360e-01	7	1.319313e+02	3.135411e+02	7.122360e-01	7	7.038396e-01	7.000000e-01	
8.139840e-01	8	1.087222e+02	3.185183e+02	8.139840e-01	8	7.455246e-01	7.000000e-01	
9.157320e-01	9	1.441475e+02	3.632222e+02	9.157320e-01	9	7.158926e-01	7.000000e-01	
1.017480e+00	10	1.442533e+02	3.832392e+02	1.017480e+00	10	7.265301e-01	7.000000e-01	
1.119228e+00	11	1.374152e+02	3.130364e+02	1.119228e+00	11	6.949390e-01	7.000000e-01	
1.220976e+00	12	1.236830e+02	3.255535e+02	1.220976e+00	12	7.246818e-01	7.000000e-01	
1.322724e+00	13	1.221329e+02	2.959986e+02	1.322724e+00	13	7.079079e-01	7.000000e-01	
1.424472e+00	14	1.143220e+02	2.725904e+02	1.424472e+00	14	7.045274e-01	7.000000e-01	
1.526220e+00	15	1.407152e+02	2.874229e+02	1.526220e+00	15	6.713322e-01	7.000000e-01	
1.627968e+00	16	1.291188e+02	2.888703e+02	1.627968e+00	16	6.910953e-01	7.000000e-01	
1.729716e+00	17	1.356435e+02	3.092949e+02	1.729716e+00	17	6.951409e-01	7.000000e-01	
1.831464e+00	18	1.463036e+02	3.309634e+02	1.831464e+00	18	6.934554e-01	7.000000e-01	
1.933212e+00	19	1.371022e+02	3.077224e+02	1.933212e+00	19	6.917837e-01	7.000000e-01	
2.034960e+00	20	1.408065e+02	2.871033e+02	2.034960e+00	20	6.709435e-01	7.000000e-01	
2.136708e+00	21	1.284208e+02	2.885135e+02	2.136708e+00	21	6.919879e-01	7.000000e-01	
2.238456e+00	22	1.557430e+02	3.044726e+02	2.238456e+00	22	6.615869e-01	7.000000e-01	
2.340204e+00	23	1.178480e+02	3.701245e+02	2.340204e+00	23	7.584946e-01	7.000000e-01	
2.441952e+00	24	1.580163e+02	3.112037e+02	2.441952e+00	24	6.632362e-01	7.000000e-01	
2.543700e+00	25	1.454293e+02	3.053651e+02	2.543700e+00	25	6.773933e-01	7.000000e-01	
2.645448e+00	26	1.522355e+02	3.193626e+02	2.645448e+00	26	6.771923e-01	7.000000e-01	
2.747196e+00	27	1.494126e+02	3.114587e+02	2.747196e+00	27	6.758041e-01	7.000000e-01	
2.848944e+00	28	1.496531e+02	3.122928e+02	2.848944e+00	28	6.760376e-01	7.000000e-01	
2.950692e+00	29	1.347524e+02	2.904325e+02	2.950692e+00	29	6.830734e-01	7.000000e-01	
3.052440e+00	30	1.663119e+02	3.110817e+02	3.052440e+00	30	6.516252e-01	7.000000e-01	
3.154188e+00	31	1.273575e+02	2.808260e+02	3.154188e+00	31	6.879896e-01	7.000000e-01	
3.255936e+00	32	1.271673e+02	3.099952e+02	3.255936e+00	32	7.091075e-01	7.000000e-01	
3.357684e+00	33	1.514276e+02	3.049396e+02	3.357684e+00	33	6.681891e-01	7.000000e-01	
3.459432e+00	34	1.176389e+02	3.472526e+02	3.459432e+00	34	7.469541e-01	7.000000e-01	
3.561180e+00	35	1.318455e+02	2.973235e+02	3.561180e+00	35	6.927889e-01	7.000000e-01	
3.662928e+00	36	1.538490e+02	3.056714e+02	3.662928e+00	36	6.651966e-01	7.000000e-01	
3.764676e+00	37	1.219900e+02	2.257740e+02	3.764676e+00	37	6.492161e-01	7.000000e-01	
3.866424e+00	38	1.341041e+02	3.066893e+02	3.866424e+00	38	6.957665e-01	7.000000e-01	
3.968172e+00	39	1.149544e+02	3.150393e+02	3.968172e+00	39	7.326603e-01	7.000000e-01	
4.069920e+00	40	1.230939e+02	3.115125e+02	4.069920e+00	40	7.167692e-01	7.000000e-01	
4.171668e+00	41	1.236184e+02	2.992402e+02	4.171668e+00	41	7.076602e-01	7.000000e-01	
4.273416e+00	42	1.113615e+02	3.080632e+02	4.273416e+00	42	7.344899e-01	7.000000e-01	
4.375164e+00	43	1.418168e+02	3.211895e+02	4.375164e+00	43	6.937044e-01	7.000000e-01	
4.476912e+00	44	1.270548e+02	3.155965e+02	4.476912e+00	44	7.129687e-01	7.000000e-01	
4.578660e+00	45	1.268716e+02	3.553285e+02	4.578660e+00	45	7.368901e-01	7.000000e-01	
4.680408e+00	46	1.265101e+02	3.647006e+02	4.680408e+00	46	7.424525e-01	7.000000e-01	
4.782156e+00	47	1.176879e+02	3.106808e+02	4.782156e+00	47	7.252649e-01	7.000000e-01	
4.883904e+00	48	1.106675e+02	3.165685e+02	4.883904e+00	48	7.409687e-01	7.000000e-01	
4.985652e+00	49	1.219206e+02	3.472144e+02	4.985652e+00	49	7.401162e-01	7.000000e-01	
5.087400e+00	50	1.251310e+02	3.656856e+02	5.087400e+00	50	7.450555e-01	7.000000e-01	
5.189148e+00	51	1.367285e+02	3.600914e+02	5.189148e+00	51	7.247926e-01	7.000000e-01	
5.290896e+00	52	1.224199e+02	3.399787e+02	5.290896e+00	52	7.352503e-01	7.000000e-01	
5.392644e+00	53	1.163509e+02	3.479382e+02	5.392644e+00	53	7.493999e-01	7.000000e-01	
5.494392e+00	54	1.366135e+02	3.748645e+02	5.494392e+00	54	7.329044e-01	7.000000e-01	
5.596140e+00	55	1.198457e+02	3.574352e+02	5.596140e+00	55	7.488990e-01	7.000000e-01	
5.697888e+00	56	1.106915e+02	2.858356e+02	5.697888e+00	56	7.208476e-01	7.000000e-01	
5.799636e+00	57	1.249769e+02	3.101995e+02	5.799636e+00	57	7.128132e-01	7.000000e-01	
5.901384e+00	58	1.215210e+02	3.452178e+02	5.901384e+00	58	7.396381e-01	7.000000e-01	
6.003132e+00	59	1.048452e+02	2.934817e+02	6.003132e+00	59	7.367860e-01	7.000000e-01	
6.104880e+00	60	1.221049e+02	3.225677e+02	6.104880e+00	60	7.254049e-01	7.000000e-01	
6.206628e+00	61	1.221529e+02	3.274322e+02	6.206628e+00	61	7.282986e-01	7.000000e-01	
6.308376e+00	62	1.252756e+02	2.671333e+02	6.308376e+00	62	6.807524e-01	7.000000e-01	
6.410124e+00	63	1.188627e+02	2.950309e+02	6.410124e+00	63	7.128182e-01	7.000000e-01	
6.511872e+00	64	1.132323e+02	2.968195e+02	6.511872e+00	64	7.238585e-01	7.000000e-01	
6.613620e+00	65	1.147462e+02	2.628953e+02	6.613620e+00	65	6.961504e-01	7.000000e-01	
6.715368e+00	66	1.119104e+02	2.755767e+02	6.715368e+00	66	7.111894e-01	7.000000e-01	
6.817116e+00	67	1.164541e+02	2.717648e+02	6.817116e+00	67	7.000298e-01	7.000000e-01	
6.918864e+00	68	1.264192e+02	2.410627e+02	6.918864e+00	68	6.559852e-01	7.000000e-01	
7.020612e+00	69	1.183521e+02	2.611605e+02	7.020612e+00	69	6.881471e-01	7.000000e-01	
7.122360e+00	70	1.221857e+02	2.657283e+02	7.122360e+00	70	6.850186e-01	7.000000e-01	
7.224108e+00	71	1.117102e+02	2.678563e+02	7.224108e+00	71	7.056900e-01	7.000000e-01	
7.325856e+00	72	1.309018e+02	2.735099e+02	7.325856e+00	72	6.763155e-01	7.000000e-01	
7.427604e+00	73	1.278931e+02	2.817417e+02	7.427604e+00	73	6.877875e-01	7.000000e-01	
7.529352e+00	74	1.320435e+02	2.705817e+02	7.529352e+00	74	6.720436e-01	7.000000e-01	
7.631100e+00	75	1.140367e+02	2.747631e+02	7.631100e+00	75	7.066956e-01	7.000000e-01	
7.732848e+00	76	1.208151e+02	2.620627e+02	7.732848e+00	76	6.844552e-01	7.000000e-01	
7.834596e+00	77	9.945032e+01	2.470060e+02	7.834596e+00	77	7.129499e-01	7.000000e-01	
7.936344e+00	78	1.337528e+02	2.721816e+02	7.936344e+00	78	6.705064e-01	7.000000e-01	
8.038092e+00	79	1.283531e+02	2.733334e+02	8.038092e+00	79	6.804645e-01	7.000000e-01	
8.139840e+00	80	1.071655e+02	2.687016e+02	8.139840e+00	80	7.148846e-01	7.000000e-01	
8.241588e+00	81	1.252543e+02	3.752141e+02	8.241588e+00	81	7.497259e-01	7.000000e-01	
8.343336e+00	82	1.220141e+02	3.241517e+02	8.343336e+00	82	7.265274e-01	7.000000e-01	
8.445084e+00	83	9.966300e+01	3.505882e+02	8.445084e+00	83	7.786502e-01	7.000000e-01	
8.546832e+00	84	1.225486e+02	2.553476e+02	8.546832e+00	84	6.757083e-01	7.000000e-01	
8.648580e+00	85	1.244141e+02	2.938910e+02	8.648580e+00	85	7.025757e-01	7.000000e-01	
8.750328e+00	86	1.211516e+02	3.051817e+02	8.750328e+00	86	7.158289e-01	7.000000e-01	
8.852076e+00	87	1.509190e+02	2.746966e+02	8.852076e+00	87	6.454101e-01	7.000000e-01	
8.953824e+00	88	1.208859e+02	2.701773e+02	8.953824e+00	88	6.908789e-01	7.000000e-01	
9.055572e+00	89	1.084018e+02	2.482260e+02	9.055572e+00	89	6.960366e-01	7.000000e-01	
9.157320e+00	90	9.650115e+01	2.898023e+02	9.157320e+00	90	7.501934e-01	7.000000e-01	
9.259068e+00	91	9.693746e+01	2.818289e+02	9.259068e+00	91	7.440706e-01	7.000000e-01	
9.360816e+00	92	9.215707e+01	2.962348e+02	9.360816e+00	92	7.627214e-01	7.000000e-01	
9.462564e+00	93	1.191158e+02	3.029162e+02	9.462564e+00	93	7.177565e-01	7.000000e-01	
9.564312e+00	94	1.102832e+02	3.168604e+02	9.564312e+00	94	7.418124e-01	7.000000e-01	
9.666060e+00	95	9.639146e+01	3.008576e+02	9.666060e+00	95	7.573526e-01	7.000000e-01	
9.767808e+00	96	1.027502e+02	3.094221e+02	9.767808e+00	96	7.507106e-01	7.000000e-01	
9.869556e+00	97	1.085366e+02	3.180719e+02	9.869556e+00	97	7.455827e-01	7.000000e-01	
9.971304e+00	98	1.052798e+02	2.993546e+02	9.971304e+00	98	7.398150e-01	7.000000e-01	
1.007305e+01	99	1.001966e+02	3.003144e+02	1.007305e+01	99	7.498281e-01	7.000000e-01	
1.017480e+01	100	1.030808e+02	3.001868e+02	1.017480e+01	100	7.443861e-01	7.000000e-01	
1.027655e+01	101	1.033440e+02	3.296135e+02	1.027655e+01	101	7.613068e-01	7.000000e-01	
1.037830e+01	102	1.030293e+02	3.058112e+02	1.037830e+01	102	7.479963e-01	7.000000e-01	
1.048004e+01	103	9.808357e+01	3.120283e+02	1.048004e+01	103	7.608370e-01	7.000000e-01	
1.058179e+01	104	1.032871e+02	3.087744e+02	1.058179e+01	104	7.493406e-01	7.000000e-01	
1.068354e+01	105	1.056546e+02	3.053968e+02	1.068354e+01	105	7.429650e-01	7.000000e-01	
1.078529e+01	106	1.067155e+02	3.077813e+02	1.078529e+01	106	7.425420e-01	7.000000e-01	
1.088704e+01	107	1.001590e+02	3.072208e+02	1.088704e+01	107	7.541385e-01	7.000000e-01	
1.098878e+01	108	1.040969e+02	2.911078e+02	1.098878e+01	108	7.366000e-01	7.000000e-01	
1.109053e+01	109	1.025875e+02	3.279972e+02	1.109053e+01	109	7.617484e-01	7.000000e-01	
1.119228e+01	110	9.384074e+01	3.086919e+02	1.119228e+01	110	7.668742e-01	7.000000e-01	
1.129403e+01	111	9.668242e+01	2.908301e+02	1.129403e+01	111	7.505050e-01	7.000000e-01	
1.139578e+01	112	1.218466e+02	2.589785e+02	1.139578e+01	112	6.800458e-01	7.000000e-01	
1.149752e+01	113	8.909226e+01	2.924034e+02	1.149752e+01	113	7.664659e-01	7.000000e-01	
1.159927e+01	114	1.017355e+02	2.987505e+02	1.159927e+01	114	7.459699e-01	7.000000e-01	
1.170102e+01	115	1.211489e+02	2.602139e+02	1.170102e+01	115	6.823264e-01	7.000000e-01	
1.180277e+01	116	1.047800e+02	2.747747e+02	1.180277e+01	116	7.239397e-01	7.000000e-01	
1.190452e+01	117	1.023378e+02	2.901737e+02	1.190452e+01	117	7.392744e-01	7.000000e-01	
1.200626e+01	118	9.814633e+01	2.875217e+02	1.200626e+01	118	7.455160e-01	7.000000e-01	
1.210801e+01	119	1.147601e+02	2.598372e+02	1.210801e+01	119	6.936441e-01	7.000000e-01	
1.220976e+01	120	1.211975e+02	2.192740e+02	1.220976e+01	120	6.440304e-01	7.000000e-01	
1.231151e+01	121	1.292266e+02	2.637837e+02	1.231151e+01	121	6.711878e-01	7.000000e-01	
1.241326e+01	122	1.059402e+02	1.997779e+02	1.241326e+01	122	6.534710e-01	7.000000e-01	
1.251500e+01	123	1.214006e+02	3.104846e+02	1.251500e+01	123	7.189054e-01	7.000000e-01	
1.261675e+01	124	1.278831e+02	3.068064e+02	1.261675e+01	124	7.058059e-01	7.000000e-01	
1.271850e+01	125	1.103642e+02	3.222874e+02	1.271850e+01	125	7.449121e-01	7.000000e-01	
1.282025e+01	126	1.087936e+02	3.168709e+02	1.282025e+01	126	7.444147e-01	7.000000e-01	
1.292200e+01	127	1.405764e+02	2.940124e+02	1.292200e+01	127	6.765301e-01	7.000000e-01	
1.302374e+01	128	1.162360e+02	3.006510e+02	1.302374e+01	128	7.211810e-01	7.000000e-01	
1.312549e+01	129	1.394566e+02	2.920418e+02	1.312549e+01	129	6.768085e-01	7.000000e-01	
1.322724e+01	130	1.466676e+02	2.415482e+02	1.322724e+01	130	6.222008e-01	7.000000e-01	
1.332899e+01	131	1.242000e+02	2.979798e+02	1.332899e+01	131	7.058125e-01	7.000000e-01	
1.343074e+01	132	1.325139e+02	2.811809e+02	1.343074e+01	132	6.796820e-01	7.000000e-01	
1.353248e+01	133	1.259635e+02	2.779242e+02	1.353248e+01	133	6.881225e-01	7.000000e-01	
1.363423e+01	134	1.400722e+02	2.951833e+02	1.363423e+01	134	6.781840e-01	7.000000e-01	
1.373598e+01	135	1.226333e+02	2.943699e+02	1.373598e+01	135	7.059176e-01	7.000000e-01	
1.383773e+01	136	1.441946e+02	2.952422e+02	1.383773e+01	136	6.718650e-01	7.000000e-01	
1.393948e+01	137	1.119680e+02	3.119835e+02	1.393948e+01	137	7.358943e-01	7.000000e-01	
1.404122e+01	138	1.410192e+02	2.890092e+02	1.404122e+01	138	6.720700e-01	7.000000e-01	
1.414297e+01	139	1.417344e+02	3.060912e+02	1.414297e+01	139	6.835054e-01	7.000000e-01	
1.424472e+01	140	1.422548e+02	3.127447e+02	1.424472e+01	140	6.873517e-01	7.000000e-01	
1.434647e+01	141	1.445315e+02	3.252533e+02	1.434647e+01	141	6.923453e-01	7.000000e-01	
1.444822e+01	142	1.365774e+02	3.329259e+02	1.444822e+01	142	7.091024e-01	7.000000e-01	
1.454996e+01	143	1.419904e+02	3.333081e+02	1.454996e+01	143	7.012606e-01	7.000000e-01	
1.465171e+01	144	1.552884e+02	3.439706e+02	1.465171e+01	144	6.889622e-01	7.000000e-01	
1.475346e+01	145	1.371465e+02	3.036411e+02	1.475346e+01	145	6.888603e-01	7.000000e-01	
1.485521e+01	146	1.735499e+02	3.086709e+02	1.485521e+01	146	6.401028e-01	7.000000e-01	
1.495696e+01	147	1.574779e+02	2.742369e+02	1.495696e+01	147	6.352270e-01	7.000000e-01	
1.505870e+01	148	1.417791e+02	3.105134e+02	1.505870e+01	148	6.865323e-01	7.000000e-01	
1.516045e+01	149	1.556081e+02	3.450417e+02	1.516045e+01	149	6.891877e-01	7.000000e-01	
1.526220e+01	150	1.456195e+02	3.219640e+02	1.526220e+01	150	6.885701e-01	7.000000e-01	
1.536395e+01	151	1.332192e+02	3.090108e+02	1.536395e+01	151	6.987559e-01	7.000000e-01	
1.546570e+01	152	1.219885e+02	2.983936e+02	1.546570e+01	152	7.098152e-01	7.000000e-01	
1.556744e+01	153	1.530486e+02	3.054763e+02	1.556744e+01	153	6.662153e-01	7.000000e-01	
1.566919e+01	154	1.531280e+02	2.999724e+02	1.566919e+01	154	6.620440e-01	7.000000e-01	
1.577094e+01	155	1.233400e+02	3.728617e+02	1.577094e+01	155	7.514317e-01	7.000000e-01	
1.587269e+01	156	1.220976e+02	3.246229e+02	1.587269e+01	156	7.266801e-01	7.000000e-01	
1.597444e+01	157	1.282905e+02	2.988535e+02	1.597444e+01	157	6.996552e-01	7.000000e-01	
1.607618e+01	158	1.211593e+02	3.497626e+02	1.607618e+01	158	7.427189e-01	7.000000e-01	
1.617793e+01	159	1.293927e+02	3.151482e+02	1.617793e+01	159	7.089296e-01	7.000000e-01	
1.627968e+01	160	1.177822e+02	2.946935e+02	1.627968e+01	160	7.144506e-01	7.000000e-01	
1.638143e+01	161	1.125747e+02	3.016647e+02	1.638143e+01	161	7.282376e-01	7.000000e-01	
1.648318e+01	162	1.165739e+02	3.513363e+02	1.648318e+01	162	7.508627e-01	7.000000e-01	
1.658492e+01	163	2.230089e+02	2.451482e+02	1.658492e+01	163	5.236452e-01	7.000000e-01	
1.668667e+01	164	1.196343e+02	2.845974e+02	1.668667e+01	164	7.040452e-01	7.000000e-01	
1.678842e+01	165	2.613963e+02	2.140796e+02	1.678842e+01	165	4.502428e-01	7.000000e-01	
1.689017e+01	166	1.173269e+02	3.072289e+02	1.689017e+01	166	7.236479e-01	7.000000e-01	
1.699192e+01	167	1.552127e+02	3.104051e+02	1.699192e+01	167	6.666521e-01	7.000000e-01	
1.709366e+01	168	1.348558e+02	3.395030e+02	1.709366e+01	168	7.157093e-01	7.000000e-01	
1.719541e+01	169	4.654527e+02	-5.673695e+00	1.719541e+01	169	-1.234005e-02	0	
1.729716e+01	170	5.116671e+02	1.031396e+01	1.729716e+01	170	1.975926e-02	0	
1.739891e+01	171	5.152377e+02	7.121497e+00	1.739891e+01	171	1.363333e-02	0	
1.750066e+01	172	4.640400e+02	-6.043282e+00	1.750066e+01	172	-1.319503e-02	0	
1.760240e+01	173	4.916889e+02	2.232014e+00	1.760240e+01	173	4.518970e-03	0	
1.770415e+01	174	4.914055e+02	8.676772e-01	1.770415e+01	174	1.762593e-03	0	
1.780590e+01	175	4.909775e+02	2.089774e+01	1.780590e+01	175	4.082585e-02	0	
1.790765e+01	176	5.224526e+02	2.941173e+01	1.790765e+01	176	5.329522e-02	0	
1.800940e+01	177	5.126783e+02	2.036209e+01	1.800940e+01	177	3.819990e-02	0	
1.811114e+01	178	5.026661e+02	2.456539e+01	1.811114e+01	178	4.659318e-02	0	
1.821289e+01	179	5.294152e+02	3.547256e+01	1.821289e+01	179	6.279577e-02	0	
1.831464e+01	180	4.806550e+02	4.101035e+01	1.831464e+01	180	7.861429e-02	0	
1.841639e+01	181	4.813152e+02	3.073288e+01	1.841639e+01	181	6.001952e-02	0	
1.851814e+01	182	5.828801e+02	6.227104e+00	1.851814e+01	182	1.057041e-02	0	
1.861988e+01	183	5.100748e+02	2.605226e+01	1.861988e+01	183	4.859344e-02	0	
1.872163e+01	184	4.836146e+02	5.654099e+01	1.872163e+01	184	1.046754e-01	0	
1.882338e+01	185	4.197402e+02	2.050120e+01	1.882338e+01	185	4.656809e-02	0	
1.892513e+01	186	4.428936e+02	2.476761e+01	1.892513e+01	186	5.296058e-02	0	
1.902688e+01	187	4.672305e+02	3.019136e+01	1.902688e+01	187	6.069568e-02	0	
1.912862e+01	188	4.668611e+02	1.379785e+01	1.912862e+01	188	2.870611e-02	0	
1.923037e+01	189	4.913240e+02	2.016035e+01	1.923037e+01	189	3.941538e-02	0	
1.933212e+01	190	4.198770e+02	2.735901e+01	1.933212e+01	190	6.117354e-02	0	
1.943387e+01	191	4.975351e+02	3.187245e+01	1.943387e+01	191	6.020400e-02	0	
1.953562e+01	192	4.637480e+02	-2.578989e+01	1.953562e+01	192	-5.888666e-02	0	
1.963736e+01	193	4.998068e+02	3.446037e+00	1.963736e+01	193	6.847526e-03	0	
1.973911e+01	194	4.919898e+02	2.878710e+01	1.973911e+01	194	5.527722e-02	0	
1.984086e+01	195	4.633649e+02	2.926614e+01	1.984086e+01	195	5.940783e-02	0	
1.994261e+01	196	4.352526e+02	3.483476e+01	1.994261e+01	196	7.410274e-02	0	
2.004436e+01	197	4.759983e+02	1.682070e+01	2.004436e+01	197	3.413160e-02	0	
2.014610e+01	198	3.930569e+02	2.411459e+01	2.014610e+01	198	5.780498e-02	0	
2.024785e+01	199	4.485287e+02	6.998776e+01	2.024785e+01	199	1.349769e-01	0	
2.034960e+01	200	3.916410e+02	4.376122e+01	2.034960e+01	200	1.005076e-01	0	
2.045135e+01	201	4.648866e+02	7.089002e+01	2.045135e+01	201	1.323126e-01	0	
2.055310e+01	202	4.155979e+02	2.875590e+01	2.055310e+01	202	6.471397e-02	0	
2.065484e+01	203	4.621738e+02	6.437075e+01	2.065484e+01	203	1.222513e-01	0	
2.075659e+01	204	4.949031e+02	6.243281e+01	2.075659e+01	204	1.120201e-01	0	
2.085834e+01	205	4.454579e+02	9.801603e+01	2.085834e+01	205	1.803509e-01	0	
2.096009e+01	206	4.353114e+02	6.405531e+01	2.096009e+01	206	1.282731e-01	0	
2.106184e+01	207	4.946167e+02	6.820666e+01	2.106184e+01	207	1.211866e-01	0	
2.116358e+01	208	4.478729e+02	3.520835e+01	2.116358e+01	208	7.288287e-02	0	
2.126533e+01	209	4.466199e+02	4.669926e+01	2.126533e+01	209	9.466338e-02	0	
2.136708e+01	210	4.159505e+02	2.144434e+01	2.136708e+01	210	4.902742e-02	0	
2.146883e+01	211	4.520239e+02	4.810238e+01	2.146883e+01	211	9.618047e-02	0	
2.157058e+01	212	4.390564e+02	4.209817e+01	2.157058e+01	212	8.749407e-02	0	
2.167232e+01	213	4.487212e+02	5.255713e+01	2.167232e+01	213	1.048462e-01	0	
2.177407e+01	214	4.381943e+02	3.443155e+01	2.177407e+01	214	7.285160e-02	0	
2.187582e+01	215	4.448482e+02	3.395387e+01	2.187582e+01	215	7.091421e-02	0	
2.197757e+01	216	4.543213e+02	4.424318e+01	2.197757e+01	216	8.874114e-02	0	
2.207932e+01	217	4.547602e+02	4.589883e+01	2.207932e+01	217	9.167682e-02	0	
2.218106e+01	218	4.538003e+02	5.523476e+01	2.218106e+01	218	1.085088e-01	0	
2.228281e+01	219	4.411169e+02	4.158669e+01	2.228281e+01	219	8.615368e-02	0	
2.238456e+01	220	4.717841e+02	1.936605e+01	2.238456e+01	220	3.943000e-02	0	
2.248631e+01	221	4.520695e+02	4.937972e+01	2.248631e+01	221	9.847402e-02	0	
2.258806e+01	222	4.428515e+02	4.959049e+01	2.258806e+01	222	1.007032e-01	0	
2.268980e+01	223	5.114679e+02	-8.111552e+00	2.268980e+01	223	-1.611493e-02	0	
2.279155e+01	224	4.452685e+02	6.655063e+00	2.279155e+01	224	1.472608e-02	0	
2.289330e+01	225	4.463097e+02	7.468186e+00	2.289330e+01	225	1.645780e-02	0	
2.299505e+01	226	5.115058e+02	-7.319482e+00	2.299505e+01	226	-1.451741e-02	0	
2.309680e+01	227	4.712819e+02	3.789270e+01	2.309680e+01	227	7.441986e-02	0	
2.319854e+01	228	4.534213e+02	1.605396e+01	2.319854e+01	228	3.419554e-02	0	
2.330029e+01	229	4.046230e+02	3.443876e+00	2.330029e+01	229	8.439489e-03	0	
2.340204e+01	230	4.685007e+02	1.811174e+01	2.340204e+01	230	3.722005e-02	0	
2.350379e+01	231	4.442668e+02	2.039588e+01	2.350379e+01	231	4.389395e-02	0	
2.360554e+01	232	4.401008e+02	9.003760e+00	2.360554e+01	232	2.004825e-02	0	
2.370728e+01	233	4.513891e+02	1.341281e+00	2.370728e+01	233	2.962649e-03	0	
2.380903e+01	234	4.692128e+02	4.811504e+00	2.380903e+01	234	1.015033e-02	0	
2.391078e+01	235	4.191369e+02	4.274802e+01	2.391078e+01	235	9.255124e-02	0	
2.401253e+01	236	4.443780e+02	2.026225e+01	2.401253e+01	236	4.360847e-02	0	
2.411428e+01	237	4.381405e+02	3.076560e+01	2.411428e+01	237	6.561143e-02	0	
2.421602e+01	238	4.105123e+02	4.294713e+01	2.421602e+01	238	9.470997e-02	0	
2.431777e+01	239	4.506889e+02	2.365863e+01	2.431777e+01	239	4.987615e-02	0	
2.441952e+01	240	4.660519e+02	5.567640e+01	2.441952e+01	240	1.067153e-01	0	
2.452127e+01	241	4.804326e+02	1.159061e+02	2.452127e+01	241	1.943629e-01	0	
2.462302e+01	242	4.539786e+02	6.347791e+01	2.462302e+01	242	1.226729e-01	0	
2.472476e+01	243	4.610657e+02	6.130030e+01	2.472476e+01	243	1.173512e-01	0	
2.482651e+01	244	5.010718e+02	5.637664e+01	2.482651e+01	244	1.011334e-01	0	
2.492826e+01	245	4.568590e+02	5.938026e+01	2.492826e+01	245	1.150247e-01	0	
2.503001e+01	246	4.804158e+02	6.093349e+01	2.503001e+01	246	1.125585e-01	0	
2.513176e+01	247	4.932386e+02	5.302229e+01	2.513176e+01	247	9.706404e-02	0	
2.523350e+01	248	4.145795e+02	6.600259e+01	2.523350e+01	248	1.373388e-01	0	
2.533525e+01	249	4.394236e+02	6.427272e+01	2.533525e+01	249	1.276021e-01	0	
2.543700e+01	250	4.786182e+02	3.338557e+01	2.543700e+01	250	6.520571e-02	0	
2.553875e+01	251	4.616800e+02	4.423253e+01	2.553875e+01	251	8.743118e-02	0	
2.564050e+01	252	4.904982e+02	3.293990e+01	2.564050e+01	252	6.292989e-02	0	
2.574224e+01	253	4.779721e+02	3.295132e+01	2.574224e+01	253	6.449366e-02	0	
2.584399e+01	254	4.395918e+02	6.842525e+01	2.584399e+01	254	1.346909e-01	0	
2.594574e+01	255	4.871311e+02	4.131517e+01	2.594574e+01	255	7.818235e-02	0	
2.604749e+01	256	4.611466e+02	3.014501e+01	2.604749e+01	256	6.135869e-02	0	
2.614924e+01	257	4.608996e+02	5.306042e+01	2.614924e+01	257	1.032384e-01	0	
2.625098e+01	258	4.532358e+02	3.455302e+01	2.625098e+01	258	7.083602e-02	0	
2.635273e+01	259	4.622275e+02	3.369694e+01	2.635273e+01	259	6.794773e-02	0	
2.645448e+01	260	4.760108e+02	2.911785e+01	2.645448e+01	260	5.764442e-02	0	
2.655623e+01	261	4.653439e+02	3.777148e+01	2.655623e+01	261	7.507518e-02	0	
2.665798e+01	262	4.576308e+02	3.888762e+01	2.665798e+01	262	7.832060e-02	0	
2.675972e+01	263	4.787722e+02	1.932043e+01	2.675972e+01	263	3.878883e-02	0	
2.686147e+01	264	4.378187e+02	2.686620e+01	2.686147e+01	264	5.781595e-02	0	
2.696322e+01	265	4.605260e+02	3.113169e+01	2.696322e+01	265	6.331985e-02	0	
2.706497e+01	266	4.554792e+02	3.181970e+01	2.706497e+01	266	6.529812e-02	0	
2.716672e+01	267	4.435102e+02	1.774840e+01	2.716672e+01	267	3.847820e-02	0	
2.726846e+01	268	4.836963e+02	2.971078e+01	2.726846e+01	268	5.786983e-02	0	
2.737021e+01	269	4.421393e+02	3.349685e+01	2.737021e+01	269	7.042537e-02	0	
2.747196e+01	270	4.606774e+02	3.537193e+01	2.747196e+01	270	7.130728e-02	0	
2.757371e+01	271	4.504318e+02	3.197117e+01	2.757371e+01	271	6.627482e-02	0	
2.767546e+01	272	4.418007e+02	2.395571e+01	2.767546e+01	272	5.143399e-02	0	
2.777720e+01	273	4.060445e+02	1.118596e+01	2.777720e+01	273	2.681003e-02	0	
2.787895e+01	274	4.435617e+02	-2.347217e+00	2.787895e+01	274	-5.319900e-03	0	
2.798070e+01	275	4.230809e+02	3.525394e+01	2.798070e+01	275	7.691743e-02	0	
2.808245e+01	276	5.314225e+02	4.258629e+01	2.808245e+01	276	7.419101e-02	0	
2.818420e+01	277	4.083255e+02	4.293362e+01	2.818420e+01	277	9.514183e-02	0	
2.828594e+01	278	4.258988e+02	2.348996e+01	2.828594e+01	278	5.227091e-02	0	
2.838769e+01	279	4.525414e+02	3.573548e+01	2.838769e+01	279	7.318692e-02	0	
2.848944e+01	280	4.178641e+02	2.559348e+01	2.848944e+01	280	5.771348e-02	0	
2.859119e+01	281	4.078752e+02	4.780557e+01	2.859119e+01	281	1.049102e-01	0	
2.869294e+01	282	4.042948e+02	5.775929e+01	2.869294e+01	282	1.250055e-01	0	
2.879468e+01	283	4.274094e+02	3.338122e+01	2.879468e+01	283	7.244336e-02	0	
2.889643e+01	284	3.969367e+02	3.335947e+01	2.889643e+01	284	7.752676e-02	0	
2.899818e+01	285	4.431792e+02	2.757377e+01	2.899818e+01	285	5.857376e-02	0	
2.909993e+01	286	3.923435e+02	4.302541e+01	2.909993e+01	286	9.882518e-02	0	
2.920168e+01	287	3.743778e+02	5.208915e+01	2.920168e+01	287	1.221411e-01	0	
2.930342e+01	288	4.187507e+02	3.121195e+01	2.930342e+01	288	6.936565e-02	0	
2.940517e+01	289	4.137644e+02	1.243113e+01	2.940517e+01	289	2.916767e-02	0	
2.950692e+01	290	4.526301e+02	2.362749e+01	2.950692e+01	290	4.961074e-02	0	
2.960867e+01	291	4.084439e+02	9.753299e-01	2.960867e+01	291	2.382228e-03	0	
2.971042e+01	292	3.955535e+02	1.391238e+00	2.971042e+01	292	3.504866e-03	0	
2.981216e+01	293	4.510814e+02	-2.547337e+00	2.981216e+01	293	-5.679250e-03	0	
2.991391e+01	294	4.664344e+02	3.014877e+01	2.991391e+01	294	6.071243e-02	0	
3.001566e+01	295	4.575957e+02	2.513240e+01	3.001566e+01	295	5.206326e-02	0	
3.011741e+01	296	4.409629e+02	2.057558e+01	3.011741e+01	296	4.458042e-02	0	
3.021916e+01	297	4.264753e+02	4.039498e+01	3.021916e+01	297	8.652292e-02	0	
3.032090e+01	298	4.660021e+02	2.245355e+01	3.032090e+01	298	4.596845e-02	0	
3.042265e+01	299	4.571867e+02	5.200579e+00	3.042265e+01	299	1.124724e-02	0	
3.052440e+01	300	4.863362e+02	4.387088e+01	3.052440e+01	300	8.274292e-02	0	
3.062615e+01	301	4.685645e+02	1.580616e+01	3.062615e+01	301	3.263236e-02	0	
3.072790e+01	302	4.582102e+02	7.394565e+00	3.072790e+01	302	1.588164e-02	0	
3.082964e+01	303	4.773597e+02	1.619212e+01	3.082964e+01	303	3.280734e-02	0	
3.093139e+01	304	4.743586e+02	2.380427e+00	3.093139e+01	304	4.993145e-03	0	
3.103314e+01	305	4.783817e+02	1.843651e+01	3.103314e+01	305	3.710917e-02	0	
3.113489e+01	306	4.727708e+02	1.922128e+01	3.113489e+01	306	3.906827e-02	0	
3.123664e+01	307	4.715932e+02	2.620703e+01	3.123664e+01	307	5.264568e-02	0	
3.133838e+01	308	4.853265e+02	5.198568e+00	3.133838e+01	308	1.059797e-02	0	
3.144013e+01	309	4.606028e+02	2.620397e+01	3.144013e+01	309	5.382828e-02	0	
3.154188e+01	310	4.831201e+02	2.231712e+01	3.154188e+01	310	4.415409e-02	0	
3.164363e+01	311	4.797702e+02	2.270447e+01	3.164363e+01	311	4.518530e-02	0	
3.174538e+01	312	4.903494e+02	1.710098e+01	3.174538e+01	312	3.369981e-02	0	
3.184712e+01	313	4.696524e+02	2.044645e+01	3.184712e+01	313	4.171903e-02	0	
3.194887e+01	314	4.638607e+02	3.099855e+01	3.194887e+01	314	6.264114e-02	0	
3.205062e+01	315	4.787738e+02	3.607538e+01	3.205062e+01	315	7.006980e-02	0	
3.215237e+01	316	5.097118e+02	3.993505e+01	3.215237e+01	316	7.265583e-02	0	
3.225412e+01	317	5.424183e+02	4.279985e+01	3.225412e+01	317	7.313486e-02	0	
3.235586e+01	318	5.423380e+02	4.499706e+01	3.235586e+01	318	7.661225e-02	0	
3.245761e+01	319	5.064760e+02	4.117424e+01	3.245761e+01	319	7.518346e-02	0	
3.255936e+01	320	6.218900e+02	3.133450e+01	3.255936e+01	320	4.796896e-02	0	
3.266111e+01	321	5.473266e+02	-2.031482e+01	3.266111e+01	321	-3.854718e-02	0	
3.276286e+01	322	6.094228e+02	-1.361322e+01	3.276286e+01	322	-2.284827e-02	0	
3.286460e+01	323	4.761842e+02	8.779304e+01	3.286460e+01	323	1.556677e-01	0	
3.296635e+01	324	4.669080e+02	9.310011e+01	3.296635e+01	324	1.662478e-01	0	
3.306810e+01	325	5.519159e+02	3.433537e+01	3.306810e+01	325	5.856767e-02	0	
3.316985e+01	326	4.677619e+02	7.800770e+01	3.316985e+01	326	1.429316e-01	0	
3.327160e+01	327	4.853798e+02	9.867831e+01	3.327160e+01	327	1.689529e-01	0	
3.337334e+01	328	4.884293e+02	9.385229e+01	3.337334e+01	328	1.611802e-01	0	
3.347509e+01	329	4.655341e+02	8.777486e+01	3.347509e+01	329	1.586363e-01	0	
3.357684e+01	330	4.298980e+02	9.080278e+01	3.357684e+01	330	1.743857e-01	0	
3.367859e+01	331	4.737386e+02	9.602298e+01	3.367859e+01	331	1.685319e-01	0	
3.378034e+01	332	4.750779e+02	5.325568e+01	3.378034e+01	332	1.007993e-01	0	
3.388208e+01	333	4.724182e+02	7.458788e+01	3.388208e+01	333	1.363566e-01	0	
3.398383e+01	334	4.851191e+02	3.662025e+01	3.398383e+01	334	7.018878e-02	0	
3.408558e+01	335	4.800636e+02	6.283357e+01	3.408558e+01	335	1.157375e-01	0	
3.418733e+01	336	5.210362e+02	3.592525e+01	3.418733e+01	336	6.450222e-02	0	
3.428908e+01	337	4.975750e+02	2.181106e+01	3.428908e+01	337	4.199393e-02	0	
3.439082e+01	338	4.343073e+02	6.624793e+01	3.439082e+01	338	1.323489e-01	0	
3.449257e+01	339	4.618167e+02	7.800745e+01	3.449257e+01	339	1.445053e-01	0	
3.459432e+01	340	4.774000e+02	6.081391e+01	3.459432e+01	340	1.129921e-01	0	
3.469607e+01	341	4.496528e+02	7.381882e+01	3.469607e+01	341	1.410178e-01	0	
3.479782e+01	342	5.022682e+02	5.560991e+01	3.479782e+01	342	9.968111e-02	0	
3.489956e+01	343	4.482027e+02	5.755697e+01	3.489956e+01	343	1.138030e-01	0	
3.500131e+01	344	4.568241e+02	8.012072e+01	3.500131e+01	344	1.492159e-01	0	
3.510306e+01	345	4.981075e+02	5.596968e+01	3.510306e+01	345	1.010142e-01	0	
3.520481e+01	346	4.946473e+02	4.451224e+01	3.520481e+01	346	8.255857e-02	0	
3.530656e+01	347	4.599849e+02	8.310247e+01	3.530656e+01	347	1.530186e-01	0	
3.540830e+01	348	4.045059e+02	3.037864e+01	3.540830e+01	348	6.985450e-02	0	
3.551005e+01	349	4.516848e+02	4.731338e+01	3.551005e+01	349	9.481674e-02	0	
3.561180e+01	350	4.482890e+02	5.503569e+01	3.561180e+01	350	1.093443e-01	0	
3.571355e+01	351	4.549484e+02	5.667533e+01	3.571355e+01	351	1.107754e-01	0	
3.581530e+01	352	4.178485e+02	6.081142e+01	3.581530e+01	352	1.270451e-01	0	
3.591704e+01	353	5.185918e+02	9.248689e+00	3.591704e+01	353	1.752175e-02	0	
3.601879e+01	354	5.584874e+02	1.721989e+01	3.601879e+01	354	2.991084e-02	0	
3.612054e+01	355	4.724852e+02	5.859398e+01	3.612054e+01	355	1.103300e-01	0	
3.622229e+01	356	5.248196e+02	-3.863435e-01	3.622229e+01	356	-7.366876e-04	0	
3.632404e+01	357	4.621310e+02	7.213463e+01	3.632404e+01	357	1.350164e-01	0	
3.642578e+01	358	4.976235e+02	7.021052e+01	3.642578e+01	358	1.236462e-01	0	
3.652753e+01	359	4.363421e+02	6.464938e+01	3.652753e+01	359	1.290429e-01	0	
3.662928e+01	360	4.698078e+02	4.873377e+01	3.662928e+01	360	9.398238e-02	0	
3.673103e+01	361	4.590812e+02	8.011425e+01	3.673103e+01	361	1.485811e-01	0	
3.683278e+01	362	4.788430e+02	4.737598e+01	3.683278e+01	362	9.003092e-02	0	
3.693452e+01	363	4.764239e+02	5.489860e+01	3.693452e+01	363	1.033244e-01	0	
3.703627e+01	364	4.596414e+02	4.657713e+01	3.703627e+01	364	9.200993e-02	0	
3.713802e+01	365	4.584595e+02	3.340136e+01	3.713802e+01	365	6.790815e-02	0	
3.723977e+01	366	4.720725e+02	5.084200e+01	3.723977e+01	366	9.722813e-02	0	
3.734152e+01	367	4.780988e+02	4.854217e+01	3.734152e+01	367	9.217317e-02	0	
3.744326e+01	368	5.237231e+02	4.824914e+01	3.744326e+01	368	8.435574e-02	0	
3.754501e+01	369	4.148000e+02	2.670320e+01	3.754501e+01	369	6.048246e-02	0	
3.764676e+01	370	3.984831e+02	3.178755e+01	3.764676e+01	370	7.387803e-02	0	
3.774851e+01	371	4.419418e+02	1.342419e-01	3.774851e+01	371	3.036625e-04	0	
3.785026e+01	372	3.805806e+02	1.797520e+01	3.785026e+01	372	4.510084e-02	0	
3.795200e+01	373	4.735209e+02	2.591057e+01	3.795200e+01	373	5.188013e-02	0	
3.805375e+01	374	4.434588e+02	2.677053e+01	3.805375e+01	374	5.693080e-02	0	
3.815550e+01	375	4.887740e+02	1.321146e+01	3.815550e+01	375	2.631841e-02	0	
3.825725e+01	376	4.996657e+02	9.354668e+00	3.825725e+01	376	1.837779e-02	0	
3.835900e+01	377	4.448550e+02	2.344039e+01	3.835900e+01	377	5.005471e-02	0	
3.846074e+01	378	4.606225e+02	2.926875e+01	3.846074e+01	378	5.974540e-02	0	
3.856249e+01	379	4.860674e+02	1.069395e+01	3.856249e+01	379	2.152734e-02	0	
3.866424e+01	380	4.881506e+02	2.160768e+01	3.866424e+01	380	4.238809e-02	0	
3.876599e+01	381	4.709661e+02	-1.295326e+01	3.876599e+01	381	-2.828143e-02	0	
3.886774e+01	382	4.793578e+02	-1.916560e+00	3.886774e+01	382	-4.014232e-03	0	
3.896948e+01	383	4.925066e+02	1.127555e+00	3.896948e+01	383	2.284192e-03	0	
3.907123e+01	384	4.674930e+02	-1.617423e+01	3.907123e+01	384	-3.583771e-02	0	
3.917298e+01	385	4.749475e+02	-1.408276e+01	3.917298e+01	385	-3.055725e-02	0	
3.927473e+01	386	4.703141e+02	-4.113886e+00	3.927473e+01	386	-8.824290e-03	0	
3.937648e+01	387	4.595983e+02	-2.248187e+01	3.937648e+01	387	-5.143222e-02	0	
3.947822e+01	388	4.810547e+02	4.622114e+00	3.947822e+01	388	9.516851e-03	0	
3.957997e+01	389	4.796390e+02	1.016678e+01	3.957997e+01	389	2.075676e-02	0	
3.968172e+01	390	4.768147e+02	-5.717763e+00	3.968172e+01	390	-1.213713e-02	0	
3.978347e+01	391	5.108460e+02	1.353083e-01	3.978347e+01	391	2.648009e-04	0	
3.988522e+01	392	4.566399e+02	3.289119e+01	3.988522e+01	392	6.718917e-02	0	
3.998696e+01	393	4.496301e+02	1.820311e+01	3.998696e+01	393	3.890940e-02	0	
4.008871e+01	394	4.552585e+02	3.678366e+01	4.008871e+01	394	7.475713e-02	0	
4.019046e+01	395	4.963409e+02	6.878956e+01	4.019046e+01	395	1.217233e-01	0	
4.029221e+01	396	4.539394e+02	4.171188e+01	4.029221e+01	396	8.415570e-02	0	
4.039396e+01	397	4.526303e+02	4.113568e+01	4.039396e+01	397	8.331007e-02	0	
4.049570e+01	398	4.268899e+02	4.004229e+01	4.049570e+01	398	8.575611e-02	0	
4.059745e+01	399	4.428043e+02	2.043879e+01	4.059745e+01	399	4.412109e-02	0	
4.069920e+01	400	4.584565e+02	4.388603e+01	4.069920e+01	400	8.736276e-02	0	
4.080095e+01	401	4.552368e+02	3.247520e+01	4.080095e+01	401	6.658684e-02	0	
4.090270e+01	402	4.615676e+02	3.960850e+01	4.090270e+01	402	7.903110e-02	0	
4.100444e+01	403	4.707263e+02	5.546899e+01	4.100444e+01	403	1.054152e-01	0	
4.110619e+01	404	4.690487e+02	3.890627e+01	4.110619e+01	404	7.659394e-02	0	
4.120794e+01	405	4.831280e+02	3.650034e+01	4.120794e+01	405	7.024317e-02	0	
4.130969e+01	406	4.870997e+02	3.066260e+01	4.130969e+01	406	5.922138e-02	0	
4.141144e+01	407	4.452514e+02	4.104951e+01	4.141144e+01	407	8.441175e-02	0	
4.151318e+01	408	4.664034e+02	3.650549e+01	4.151318e+01	408	7.258868e-02	0	
4.161493e+01	409	4.709560e+02	3.900066e+01	4.161493e+01	409	7.647838e-02	0	
4.171668e+01	410	4.786244e+02	3.708994e+01	4.171668e+01	410	7.191954e-02	0	
4.181843e+01	411	4.375283e+02	1.960549e+01	4.181843e+01	411	4.288786e-02	0	
4.192018e+01	412	4.745776e+02	3.644723e+01	4.192018e+01	412	7.132184e-02	0	
4.202192e+01	413	4.931086e+02	2.275779e+01	4.202192e+01	413	4.411567e-02	0	
4.212367e+01	414	4.986794e+02	2.700701e+01	4.212367e+01	414	5.137475e-02	0	
4.222542e+01	415	4.766726e+02	4.012415e+01	4.222542e+01	415	7.764010e-02	0	
4.232717e+01	416	5.078714e+02	9.954920e+00	4.232717e+01	416	1.922444e-02	0	
4.242892e+01	417	4.771851e+02	1.638973e+01	4.242892e+01	417	3.320617e-02	0	
4.253066e+01	418	4.725532e+02	3.964372e+01	4.253066e+01	418	7.739937e-02	0	
4.263241e+01	419	4.701953e+02	2.842747e+01	4.263241e+01	419	5.701198e-02	0	
4.273416e+01	420	4.736445e+02	2.656843e+01	4.273416e+01	420	5.311424e-02	0	
4.283591e+01	421	4.850171e+02	2.428116e+01	4.283591e+01	421	4.767572e-02	0	
4.293766e+01	422	4.831886e+02	1.177917e+01	4.293766e+01	422	2.379785e-02	0	
4.303940e+01	423	4.580129e+02	1.958850e+01	4.303940e+01	423	4.101433e-02	0	
4.314115e+01	424	4.195129e+02	-5.858509e-01	4.314115e+01	424	-1.398456e-03	0	
4.324290e+01	425	4.009256e+02	1.221046e+01	4.324290e+01	425	2.955554e-02	0	
4.334465e+01	426	4.403769e+02	1.754598e+01	4.334465e+01	426	3.831645e-02	0	
4.344640e+01	427	4.191087e+02	-7.885884e-02	4.344640e+01	427	-1.881939e-04	0	
4.354814e+01	428	4.276859e+02	1.411799e+01	4.354814e+01	428	3.195533e-02	0	
4.364989e+01	429	4.132839e+02	7.155320e+00	4.364989e+01	429	1.701868e-02	0	
4.375164e+01	430	4.064138e+02	2.892614e+00	4.375164e+01	430	7.067111e-03	0	
4.385339e+01	431	4.291256e+02	1.168489e+01	4.385339e+01	431	2.650774e-02	0	
4.395514e+01	432	4.164361e+02	1.040089e+00	4.395514e+01	432	2.491373e-03	0	
4.405688e+01	433	4.210061e+02	9.941763e+00	4.405688e+01	433	2.306953e-02	0	
4.415863e+01	434	4.203460e+02	1.649024e+01	4.415863e+01	434	3.774925e-02	0	
4.426038e+01	435	3.968090e+02	1.918836e+01	4.426038e+01	435	4.612616e-02	0	
4.436213e+01	436	3.995482e+02	1.750326e+01	4.436213e+01	436	4.196907e-02	0	
4.446388e+01	437	4.296969e+02	1.241441e+01	4.446388e+01	437	2.807983e-02	0	
4.456562e+01	438	4.201411e+02	3.135268e+00	4.456562e+01	438	7.407142e-03	0	
4.466737e+01	439	3.469251e+02	-2.507647e+00	4.466737e+01	439	-7.280836e-03	0	
4.476912e+01	440	3.932585e+02	3.476472e+01	4.476912e+01	440	8.122157e-02	0	
4.487087e+01	441	4.315916e+02	4.627502e+01	4.487087e+01	441	9.683669e-02	0	
4.497262e+01	442	4.195022e+02	4.884923e+01	4.497262e+01	442	1.043004e-01	0	
4.507436e+01	443	4.165755e+02	5.015033e+01	4.507436e+01	443	1.074514e-01	0	
4.517611e+01	444	4.181406e+02	4.484258e+01	4.517611e+01	444	9.685574e-02	0	
4.527786e+01	445	3.893518e+02	5.794841e+01	4.527786e+01	445	1.295515e-01	0	
4.537961e+01	446	4.323786e+02	4.433464e+01	4.537961e+01	446	9.300065e-02	0	
4.548136e+01	447	4.053730e+02	4.524889e+01	4.548136e+01	447	1.004143e-01	0	
4.558310e+01	448	4.408926e+02	8.300160e+01	4.558310e+01	448	1.584320e-01	0	
4.568485e+01	449	3.876998e+02	4.354241e+01	4.568485e+01	449	1.009697e-01	0	
4.578660e+01	450	4.929743e+02	2.050711e+01	4.578660e+01	450	3.993740e-02	0	
4.588835e+01	451	4.254188e+02	4.688084e+01	4.588835e+01	451	9.926080e-02	0	
4.599010e+01	452	4.767815e+02	1.680086e+01	4.599010e+01	452	3.403862e-02	0	
4.609184e+01	453	4.886911e+02	2.017812e+01	4.609184e+01	453	3.965286e-02	0	
4.619359e+01	454	4.961405e+02	2.495462e+01	4.619359e+01	454	4.788880e-02	0	
4.629534e+01	455	4.736567e+02	8.610503e+00	4.629534e+01	455	1.785422e-02	0	
4.639709e+01	456	4.610469e+02	3.523206e+01	4.639709e+01	456	7.099245e-02	0	
4.649884e+01	457	5.142532e+02	4.147488e+01	4.649884e+01	457	7.463161e-02	0	
4.660058e+01	458	5.008970e+02	3.631991e+01	4.660058e+01	458	6.760753e-02	0	
4.670233e+01	459	4.996435e+02	1.683835e+01	4.670233e+01	459	3.260202e-02	0	
4.680408e+01	460	4.619928e+02	2.400032e+01	4.680408e+01	460	4.938407e-02	0	
4.690583e+01	461	5.007108e+02	1.885567e+01	4.690583e+01	461	3.629116e-02	0	
4.700758e+01	462	5.067969e+02	2.704534e+01	4.700758e+01	462	5.066167e-02	0	
4.710932e+01	463	5.575929e+02	3.917505e+01	4.710932e+01	463	6.564537e-02	0	
4.721107e+01	464	4.607625e+02	6.308632e+00	4.721107e+01	464	1.350679e-02	0	
4.731282e+01	465	4.567869e+02	-1.911098e+00	4.731282e+01	465	-4.201362e-03	0	
4.741457e+01	466	5.295730e+02	7.672017e+00	4.741457e+01	466	1.428029e-02	0	
4.751632e+01	467	4.462777e+02	1.559287e+01	4.751632e+01	467	3.376026e-02	0	
4.761806e+01	468	4.568975e+02	1.820329e+01	4.761806e+01	468	3.831459e-02	0	
4.771981e+01	469	4.912260e+02	1.272396e+01	4.771981e+01	469	2.524846e-02	0	
4.782156e+01	470	4.735397e+02	1.755848e+01	4.782156e+01	470	3.575350e-02	0	
4.792331e+01	471	4.508018e+02	1.452597e+01	4.792331e+01	471	3.121664e-02	0	
4.802506e+01	472	4.546479e+02	7.630506e+00	4.802506e+01	472	1.650630e-02	0	
4.812680e+01	473	4.638678e+02	1.725101e+01	4.812680e+01	473	3.585603e-02	0	
4.822855e+01	474	4.976816e+02	1.743982e+00	4.822855e+01	474	3.491976e-03	0	
4.833030e+01	475	4.866250e+02	1.192480e+01	4.833030e+01	475	2.391897e-02	0	
4.843205e+01	476	4.819272e+02	1.098769e+01	4.843205e+01	476	2.229125e-02	0	
4.853380e+01	477	4.999923e+02	1.349859e+01	4.853380e+01	477	2.628789e-02	0	
4.863554e+01	478	5.076360e+02	-6.156921e-01	4.863554e+01	478	-1.214334e-03	0	
4.873729e+01	479	4.875693e+02	1.287239e+01	4.873729e+01	479	2.572206e-02	0	
4.883904e+01	480	4.643369e+02	2.505891e+01	4.883904e+01	480	5.120377e-02	0	
4.894079e+01	481	4.650319e+02	2.082449e+01	4.894079e+01	481	4.286141e-02	0	
4.904254e+01	482	5.437018e+02	-3.418367e+00	4.904254e+01	482	-6.326988e-03	0	
4.914428e+01	483	4.734836e+02	2.568148e+01	4.914428e+01	483	5.144887e-02	0	
4.924603e+01	484	5.116275e+02	-1.584541e+00	4.924603e+01	484	-3.106681e-03	0	
4.934778e+01	485	5.418914e+02	-1.324631e+01	4.934778e+01	485	-2.505709e-02	0	
4.944953e+01	486	4.351857e+02	3.686245e+01	4.944953e+01	486	7.809044e-02	0	
4.955128e+01	487	5.118093e+02	1.845973e+01	4.955128e+01	487	3.481201e-02	0	
4.965302e+01	488	4.425256e+02	2.865412e+01	4.965302e+01	488	6.081357e-02	0	
4.975477e+01	489	4.560199e+02	4.089493e+01	4.975477e+01	489	8.229766e-02	0	
4.985652e+01	490	4.968150e+02	1.441877e+01	4.985652e+01	490	2.820387e-02	0	
4.995827e+01	491	4.475113e+02	2.851211e+01	4.995827e+01	491	5.989645e-02	0	
5.006002e+01	492	4.561562e+02	2.932348e+01	5.006002e+01	492	6.040105e-02	0	
5.016176e+01	493	4.439626e+02	2.561469e+01	5.016176e+01	493	5.454840e-02	0	
5.026351e+01	494	4.441189e+02	3.853780e+01	5.026351e+01	494	7.984516e-02	0	
5.036526e+01	495	4.459769e+02	3.421579e+01	5.036526e+01	495	7.125429e-02	0	
5.046701e+01	496	4.465177e+02	5.050805e+01	5.046701e+01	496	1.016206e-01	0	
5.056876e+01	497	4.496884e+02	2.240984e+01	5.056876e+01	497	4.746859e-02	0	
5.067050e+01	498	4.449875e+02	2.239724e+01	5.067050e+01	498	4.792035e-02	0	
5.077225e+01	499	4.266106e+02	6.969175e+01	5.077225e+01	499	1.404220e-01	0	
5.087400e+01	500	4.492212e+02	9.834190e+01	5.087400e+01	500	1.795992e-01	0	
5.097575e+01	501	4.252702e+02	9.751192e+01	5.097575e+01	501	1.865250e-01	0	
5.107750e+01	502	4.538444e+02	9.833353e+01	5.107750e+01	502	1.780831e-01	0	
5.117924e+01	503	4.493372e+02	9.843138e+01	5.117924e+01	503	1.796952e-01	0	
5.128099e+01	504	4.255959e+02	1.040652e+02	5.128099e+01	504	1.964751e-01	0	
5.138274e+01	505	4.350881e+02	6.705319e+01	5.138274e+01	505	1.335345e-01	0	
5.148449e+01	506	4.555267e+02	4.454681e+01	5.148449e+01	506	8.908052e-02	0	
5.158624e+01	507	4.608842e+02	-2.784669e+00	5.158624e+01	507	-6.078742e-03	0	
5.168798e+01	508	4.381799e+02	5.548406e+01	5.168798e+01	508	1.123924e-01	0	
5.178973e+01	509	4.565425e+02	4.148079e+01	5.178973e+01	509	8.329086e-02	0	
5.189148e+01	510	4.454045e+02	3.245082e+01	5.189148e+01	510	6.790930e-02	0	
5.199323e+01	511	4.442093e+02	4.558541e+01	5.199323e+01	511	9.307044e-02	0	
5.209498e+01	512	4.306386e+02	3.036862e+01	5.209498e+01	512	6.587450e-02	0	
5.219672e+01	513	4.624453e+02	3.902091e+01	5.219672e+01	513	7.781364e-02	0	
5.229847e+01	514	4.408532e+02	1.875264e+01	5.229847e+01	514	4.080157e-02	0	
5.240022e+01	515	4.236591e+02	1.195264e+01	5.240022e+01	515	2.743875e-02	0	
5.250197e+01	516	4.052580e+02	9.798192e+00	5.250197e+01	516	2.360690e-02	0	
5.260372e+01	517	4.453260e+02	9.927450e+00	5.260372e+01	517	2.180642e-02	0	
5.270546e+01	518	4.434012e+02	2.250954e+01	5.270546e+01	518	4.831299e-02	0	
5.280721e+01	519	4.429852e+02	2.013860e+01	5.280721e+01	519	4.348427e-02	0	
5.290896e+01	520	4.523348e+02	-1.896340e+01	5.290896e+01	520	-4.375785e-02	0	
5.301071e+01	521	4.607758e+02	-1.985314e+00	5.301071e+01	521	-4.327278e-03	0	
5.311246e+01	522	4.297179e+02	1.918516e+01	5.311246e+01	522	4.273787e-02	0	
5.321420e+01	523	4.389746e+02	2.286620e+01	5.321420e+01	523	4.951100e-02	0	
5.331595e+01	524	4.426090e+02	1.359496e+01	5.331595e+01	524	2.980018e-02	0	
5.341770e+01	525	4.380985e+02	1.353543e+01	5.341770e+01	525	2.996991e-02	0	
5.351945e+01	526	4.467391e+02	8.665764e+00	5.351945e+01	526	1.902870e-02	0	
5.362120e+01	527	4.708346e+02	2.360093e+01	5.362120e+01	527	4.773308e-02	0	
5.372294e+01	528	4.583369e+02	1.600892e+01	5.372294e+01	528	3.374947e-02	0	
5.382469e+01	529	4.424496e+02	2.612864e+01	5.382469e+01	529	5.576153e-02	0	
5.392644e+01	530	5.041420e+02	3.814784e+01	5.392644e+01	530	7.034585e-02	0	
5.402819e+01	531	4.729726e+02	3.015388e+01	5.402819e+01	531	5.993300e-02	0	
5.412994e+01	532	4.659335e+02	3.405506e+01	5.412994e+01	532	6.811168e-02	0	
5.423168e+01	533	4.576381e+02	3.746484e+01	5.423168e+01	533	7.567081e-02	0	
5.433343e+01	534	4.711531e+02	2.826771e+01	5.433343e+01	534	5.660099e-02	0	
5.443518e+01	535	4.439134e+02	3.560589e+01	5.443518e+01	535	7.425330e-02	0	
5.453693e+01	536	4.387086e+02	4.789922e+01	5.453693e+01	536	9.843496e-02	0	
5.463868e+01	537	4.653690e+02	2.947412e+01	5.463868e+01	537	5.956255e-02	0	
5.474042e+01	538	4.889528e+02	3.386773e+01	5.474042e+01	538	6.477888e-02	0	
5.484217e+01	539	4.807093e+02	3.827118e+01	5.484217e+01	539	7.374300e-02	0	
5.494392e+01	540	4.304765e+02	6.949475e+01	5.494392e+01	540	1.389975e-01	0	
5.504567e+01	541	4.580617e+02	4.414358e+01	5.504567e+01	541	8.789947e-02	0	
5.514742e+01	542	4.266151e+02	6.042545e+01	5.514742e+01	542	1.240666e-01	0	
5.524916e+01	543	4.598059e+02	3.112177e+01	5.524916e+01	543	6.339380e-02	0	
5.535091e+01	544	4.347112e+02	5.059187e+01	5.535091e+01	544	1.042480e-01	0	
5.545266e+01	545	4.643506e+02	2.424859e+01	5.545266e+01	545	4.962880e-02	0	
5.555441e+01	546	4.696370e+02	2.776719e+01	5.555441e+01	546	5.582420e-02	0	
5.565616e+01	547	4.414978e+02	1.318785e+01	5.565616e+01	547	2.900432e-02	0	
5.575790e+01	548	4.841727e+02	1.984990e+01	5.575790e+01	548	3.938296e-02	0	
5.585965e+01	549	4.639147e+02	3.019151e+01	5.585965e+01	549	6.110328e-02	0	
5.596140e+01	550	4.751180e+02	2.697400e+01	5.596140e+01	550	5.372322e-02	0	
5.606315e+01	551	4.645071e+02	3.397762e+01	5.606315e+01	551	6.816181e-02	0	
5.616490e+01	552	4.986576e+02	3.424173e+01	5.616490e+01	552	6.425553e-02	0	
5.626664e+01	553	4.825948e+02	8.652980e+00	5.626664e+01	553	1.761429e-02	0	
5.636839e+01	554	4.690523e+02	9.111867e+00	5.636839e+01	554	1.905594e-02	0	
5.647014e+01	555	5.151832e+02	-2.009919e+01	5.647014e+01	555	-4.059753e-02	0	
5.657189e+01	556	5.045571e+02	-2.131208e+00	5.657189e+01	556	-4.241836e-03	0	
5.667364e+01	557	4.867017e+02	1.511093e+01	5.667364e+01	557	3.011269e-02	0	
5.677538e+01	558	5.151795e+02	-2.067476e+01	5.677538e+01	558	-4.180902e-02	0	
5.687713e+01	559	5.418423e+02	8.430485e+00	5.687713e+01	559	1.532056e-02	0	
5.697888e+01	560	5.079211e+02	1.748484e+00	5.697888e+01	560	3.430623e-03	0	
5.708063e+01	561	5.400680e+02	2.012589e+01	5.708063e+01	561	3.592665e-02	0	
5.718238e+01	562	5.520634e+02	2.205416e+01	5.718238e+01	562	3.841401e-02	0	
5.728412e+01	563	5.072766e+02	7.116554e-04	5.728412e+01	563	1.402892e-06	0	
5.738587e+01	564	5.389369e+02	8.398595e+00	5.738587e+01	564	1.534451e-02	0	
5.748762e+01	565	5.405604e+02	1.566392e+01	5.748762e+01	565	2.816116e-02	0	
5.758937e+01	566	5.326790e+02	1.715656e+01	5.758937e+01	566	3.120307e-02	0	
5.769112e+01	567	5.306996e+02	2.612130e+01	5.769112e+01	567	4.691149e-02	0	
5.779286e+01	568	5.561876e+02	2.566565e+01	5.779286e+01	568	4.411018e-02	0	
5.789461e+01	569	5.375433e+02	2.760004e+01	5.789461e+01	569	4.883724e-02	0	
5.799636e+01	570	5.641769e+02	9.281619e+00	5.799636e+01	570	1.618534e-02	0	
5.809811e+01	571	5.318836e+02	2.417478e+01	5.809811e+01	571	4.347526e-02	0	
5.819986e+01	572	4.902681e+02	4.378051e+01	5.819986e+01	572	8.197851e-02	0	
5.830160e+01	573	5.425954e+02	1.978385e+01	5.830160e+01	573	3.517884e-02	0	
5.840335e+01	574	5.414359e+02	1.107410e+01	5.840335e+01	574	2.004326e-02	0	
5.850510e+01	575	4.978970e+02	4.877404e+01	5.850510e+01	575	8.922009e-02	0	
5.860685e+01	576	4.612356e+02	7.114451e+01	5.860685e+01	576	1.336348e-01	0	
5.870860e+01	577	5.065794e+02	3.007747e+01	5.870860e+01	577	5.604600e-02	0	
5.881034e+01	578	4.796218e+02	3.974672e+01	5.881034e+01	578	7.652894e-02	0	
5.891209e+01	579	4.705455e+02	5.626473e+01	5.891209e+01	579	1.068027e-01	0	
5.901384e+01	580	4.844454e+02	3.402659e+01	5.901384e+01	580	6.562860e-02	0	
5.911559e+01	581	5.067990e+02	3.974034e+01	5.911559e+01	581	7.271268e-02	0	
5.921734e+01	582	4.566181e+02	3.229784e+01	5.921734e+01	582	6.606011e-02	0	
5.931908e+01	583	4.698563e+02	1.542160e+01	5.931908e+01	583	3.177890e-02	0	
5.942083e+01	584	4.914015e+02	1.218387e+00	5.942083e+01	584	2.473280e-03	0	
5.952258e+01	585	4.737842e+02	6.567830e+01	5.952258e+01	585	1.217477e-01	0	
5.962433e+01	586	4.617544e+02	6.296037e+01	5.962433e+01	586	1.199897e-01	0	
5.972608e+01	587	4.687459e+02	5.094942e+01	5.972608e+01	587	9.803710e-02	0	
5.982782e+01	588	4.675568e+02	5.554241e+01	5.982782e+01	588	1.061795e-01	0	
5.992957e+01	589	4.750814e+02	5.643516e+01	5.992957e+01	589	1.061776e-01	0	
6.003132e+01	590	4.656913e+02	7.096269e+01	6.003132e+01	590	1.322317e-01	0	
6.013307e+01	591	4.821241e+02	5.182069e+01	6.013307e+01	591	9.705252e-02	0	
6.023482e+01	592	4.949432e+02	6.113283e+01	6.023482e+01	592	1.099361e-01	0	
6.033656e+01	593	5.121626e+02	5.339532e+01	6.033656e+01	593	9.441176e-02	0	
6.043831e+01	594	4.764776e+02	5.123515e+01	6.043831e+01	594	9.708909e-02	0	
6.054006e+01	595	5.380452e+02	3.968619e+01	6.054006e+01	595	6.869315e-02	0	
6.064181e+01	596	5.412321e+02	3.922657e+01	6.064181e+01	596	6.757858e-02	0	
6.074356e+01	597	5.249012e+02	3.689242e+01	6.074356e+01	597	6.566899e-02	0	
6.084530e+01	598	5.503050e+02	4.301212e+01	6.084530e+01	598	7.249432e-02	0	
6.094705e+01	599	5.404181e+02	3.872479e+01	6.094705e+01	599	6.686569e-02	0	
6.104880e+01	600	5.277980e+02	3.775813e+01	6.104880e+01	600	6.676283e-02	0	
6.115055e+01	601	5.130395e+02	1.514524e+01	6.115055e+01	601	2.867413e-02	0	
6.125230e+01	602	5.494909e+02	2.001322e+01	6.125230e+01	602	3.514148e-02	0	
6.135404e+01	603	5.160464e+02	3.892064e+01	6.135404e+01	603	7.013144e-02	0	
6.145579e+01	604	5.315661e+02	2.442579e+01	6.145579e+01	604	4.393192e-02	0	
6.155754e+01	605	5.331477e+02	1.505990e+01	6.155754e+01	605	2.747116e-02	0	
6.165929e+01	606	5.549597e+02	4.064375e+01	6.165929e+01	606	6.823961e-02	0	
6.176104e+01	607	5.240506e+02	3.739804e+01	6.176104e+01	607	6.660990e-02	0	
6.186278e+01	608	5.207476e+02	2.730648e+01	6.186278e+01	608	4.982443e-02	0	
6.196453e+01	609	5.291884e+02	5.982505e+01	6.196453e+01	609	1.015682e-01	0	
6.206628e+01	610	5.390982e+02	5.633483e+01	6.206628e+01	610	9.461153e-02	0	
6.216803e+01	611	5.348429e+02	9.198042e+01	6.216803e+01	611	1.467406e-01	0	
6.226978e+01	612	5.277342e+02	8.002390e+01	6.226978e+01	612	1.316706e-01	0	
6.237152e+01	613	5.657482e+02	3.218274e+01	6.237152e+01	613	5.382351e-02	0	
6.247327e+01	614	5.310327e+02	5.921510e+01	6.247327e+01	614	1.003224e-01	0	
6.257502e+01	615	5.359969e+02	6.040878e+01	6.257502e+01	615	1.012881e-01	0	
6.267677e+01	616	5.390945e+02	5.689071e+01	6.267677e+01	616	9.545658e-02	0	
6.277852e+01	617	5.640422e+02	3.384937e+01	6.277852e+01	617	5.661456e-02	0	
6.288026e+01	618	5.395465e+02	5.832218e+01	6.288026e+01	618	9.755015e-02	0	
6.298201e+01	619	5.327386e+02	5.847381e+01	6.298201e+01	619	9.890491e-02	0	
6.308376e+01	620	5.218088e+02	3.064741e+01	6.308376e+01	620	5.547482e-02	0	
6.318551e+01	621	4.746634e+02	3.401862e+01	6.318551e+01	621	6.687600e-02	0	
6.328726e+01	622	4.995952e+02	4.878854e+01	6.328726e+01	622	8.896788e-02	0	
6.338900e+01	623	5.526178e+02	3.810467e+01	6.338900e+01	623	6.450520e-02	0	
6.349075e+01	624	4.966706e+02	3.294796e+01	6.349075e+01	624	6.221074e-02	0	
6.359250e+01	625	5.307564e+02	4.291257e+01	6.359250e+01	625	7.480371e-02	0	
6.369425e+01	626	5.204848e+02	3.160730e+01	6.369425e+01	626	5.725005e-02	0	
6.379600e+01	627	5.126762e+02	2.860082e+01	6.379600e+01	627	5.283952e-02	0	
6.389774e+01	628	5.067956e+02	5.914063e+01	6.389774e+01	628	1.045005e-01	0	
6.399949e+01	629	5.385418e+02	4.416441e+01	6.399949e+01	629	7.579190e-02	0	
6.410124e+01	630	5.416839e+02	3.025555e+01	6.410124e+01	630	5.289992e-02	0	
6.420299e+01	631	4.955927e+02	6.697832e+01	6.420299e+01	631	1.190575e-01	0	
6.430474e+01	632	5.402386e+02	5.722268e+01	6.430474e+01	632	9.577638e-02	0	
6.440648e+01	633	5.161621e+02	6.846352e+01	6.440648e+01	633	1.171066e-01	0	
6.450823e+01	634	5.018529e+02	5.541806e+01	6.450823e+01	634	9.944545e-02	0	
6.460998e+01	635	5.222454e+02	7.221125e+01	6.460998e+01	635	1.214744e-01	0	
6.471173e+01	636	5.066685e+02	6.058338e+01	6.471173e+01	636	1.068015e-01	0	
6.481348e+01	637	5.106333e+02	1.340737e+01	6.481348e+01	637	2.558460e-02	0	
6.491522e+01	638	5.095609e+02	6.423010e+01	6.491522e+01	638	1.119399e-01	0	
6.501697e+01	639	1.825840e+02	3.012652e+02	6.501697e+01	639	6.226428e-01	7.000000e-01	
6.511872e+01	640	1.565291e+02	3.454701e+02	6.511872e+01	640	6.881885e-01	7.000000e-01	
6.522047e+01	641	1.479251e+02	3.319575e+02	6.522047e+01	641	6.917473e-01	7.000000e-01	
6.532222e+01	642	2.007409e+02	3.506159e+02	6.532222e+01	642	6.359147e-01	7.000000e-01	
6.542396e+01	643	1.743819e+02	3.217429e+02	6.542396e+01	643	6.485120e-01	7.000000e-01	
6.552571e+01	644	1.307417e+02	2.638727e+02	6.552571e+01	644	6.686849e-01	7.000000e-01	
6.562746e+01	645	1.570672e+02	3.501646e+02	6.562746e+01	645	6.903443e-01	7.000000e-01	
6.572921e+01	646	1.979778e+02	2.844568e+02	6.572921e+01	646	5.896277e-01	7.000000e-01	
6.583096e+01	647	1.658936e+02	3.678953e+02	6.583096e+01	647	6.892150e-01	7.000000e-01	
6.593270e+01	648	2.054637e+02	3.099806e+02	6.593270e+01	648	6.013853e-01	7.000000e-01	
6.603445e+01	649	1.598205e+02	3.567865e+02	6.603445e+01	649	6.906343e-01	7.000000e-01	
6.613620e+01	650	1.919664e+02	3.255921e+02	6.613620e+01	650	6.290924e-01	7.000000e-01	
6.623795e+01	651	1.784035e+02	3.437657e+02	6.623795e+01	651	6.583416e-01	7.000000e-01	
6.633970e+01	652	2.396824e+02	2.642046e+02	6.633970e+01	652	5.243330e-01	7.000000e-01	
6.644144e+01	653	1.702966e+02	3.570326e+02	6.644144e+01	653	6.770583e-01	7.000000e-01	
6.654319e+01	654	1.681514e+02	3.913968e+02	6.654319e+01	654	6.994872e-01	7.000000e-01	
6.664494e+01	655	1.561825e+02	3.738904e+02	6.664494e+01	655	7.053566e-01	7.000000e-01	
6.674669e+01	656	5.193107e+02	4.144615e+01	6.674669e+01	656	7.391109e-02	0	
6.684844e+01	657	5.381376e+02	5.029408e+01	6.684844e+01	657	8.547140e-02	0	
6.695018e+01	658	5.232143e+02	5.948229e+01	6.695018e+01	658	1.020811e-01	0	
6.705193e+01	659	5.485441e+02	8.031570e+01	6.705193e+01	659	1.277164e-01	0	
6.715368e+01	660	5.301967e+02	6.157801e+01	6.715368e+01	660	1.040565e-01	0	
6.725543e+01	661	5.825763e+02	7.624067e+01	6.725543e+01	661	1.157236e-01	0	
6.735718e+01	662	5.425089e+02	5.973693e+01	6.735718e+01	662	9.919028e-02	0	
6.745892e+01	663	5.191816e+02	5.801476e+01	6.745892e+01	663	1.005113e-01	0	
6.756067e+01	664	5.260039e+02	4.037249e+01	6.756067e+01	664	7.128209e-02	0	
6.766242e+01	665	5.378992e+02	6.941891e+01	6.766242e+01	665	1.143040e-01	0	
6.776417e+01	666	5.523370e+02	7.759601e+01	6.776417e+01	666	1.231814e-01	0	
6.786592e+01	667	5.381725e+02	6.503983e+01	6.786592e+01	667	1.078224e-01	0	
6.796766e+01	668	5.616076e+02	5.559061e+01	6.796766e+01	668	9.006930e-02	0	
6.806941e+01	669	5.672575e+02	6.725718e+01	6.806941e+01	669	1.059978e-01	0	
6.817116e+01	670	5.275738e+02	5.136393e+01	6.817116e+01	670	8.872099e-02	0	
6.827291e+01	671	5.604414e+02	7.020137e+01	6.827291e+01	671	1.113172e-01	0	
6.837466e+01	672	5.263254e+02	4.305607e+01	6.837466e+01	672	7.561902e-02	0	
6.847640e+01	673	5.125758e+02	4.378413e+01	6.847640e+01	673	7.869749e-02	0	
6.857815e+01	674	5.936191e+02	7.659779e+01	6.857815e+01	674	1.142881e-01	0	
6.867990e+01	675	5.854397e+02	1.070456e+02	6.867990e+01	675	1.545818e-01	0	
6.878165e+01	676	4.980051e+02	4.683211e+01	6.878165e+01	676	8.595615e-02	0	
6.888340e+01	677	5.550903e+02	6.751391e+01	6.888340e+01	677	1.084379e-01	0	
6.898514e+01	678	4.727735e+02	6.054360e+01	6.898514e+01	678	1.135227e-01	0	
6.908689e+01	679	5.717102e+02	7.412858e+01	6.908689e+01	679	1.147788e-01	0	
6.918864e+01	680	4.578842e+02	4.219666e+01	6.918864e+01	680	8.437967e-02	0	
6.929039e+01	681	5.015205e+02	5.307407e+01	6.929039e+01	681	9.569886e-02	0	
6.939214e+01	682	4.936289e+02	6.401567e+01	6.939214e+01	682	1.147965e-01	0	
6.949388e+01	683	4.485620e+02	4.998981e+01	6.949388e+01	683	1.002700e-01	0	
6.959563e+01	684	4.939649e+02	5.460700e+01	6.959563e+01	684	9.954392e-02	0	
6.969738e+01	685	4.761425e+02	4.342696e+01	6.969738e+01	685	8.358259e-02	0	
6.979913e+01	686	4.812668e+02	5.263699e+01	6.979913e+01	686	9.858890e-02	0	
6.990088e+01	687	4.850691e+02	7.669075e+01	6.990088e+01	687	1.365187e-01	0	
7.000262e+01	688	4.766893e+02	5.650352e+01	7.000262e+01	688	1.059720e-01	0	
7.010437e+01	689	4.866420e+02	6.630328e+01	7.010437e+01	689	1.199093e-01	0	
7.020612e+01	690	4.877304e+02	3.966503e+01	7.020612e+01	690	7.520928e-02	0	
7.030787e+01	691	4.929954e+02	4.816394e+01	7.030787e+01	691	8.900140e-02	0	
7.040962e+01	692	4.811631e+02	4.583534e+01	7.040962e+01	692	8.697434e-02	0	
7.051136e+01	693	4.938342e+02	5.464048e+01	7.051136e+01	693	9.962261e-02	0	
7.061311e+01	694	4.873866e+02	3.757451e+01	7.061311e+01	694	7.157580e-02	0	
7.071486e+01	695	4.780741e+02	1.512669e+01	7.071486e+01	695	3.067045e-02	0	
7.081661e+01	696	5.105407e+02	3.542790e+01	7.081661e+01	696	6.489000e-02	0	
7.091836e+01	697	5.105888e+02	4.174248e+01	7.091836e+01	697	7.557508e-02	0	
7.102010e+01	698	5.304085e+02	3.609639e+01	7.102010e+01	698	6.371770e-02	0	
7.112185e+01	699	5.241872e+02	3.892384e+01	7.112185e+01	699	6.912285e-02	0	
7.122360e+01	700	5.209135e+02	4.144102e+01	7.122360e+01	700	7.369198e-02	0	
7.132535e+01	701	5.401683e+02	3.467900e+01	7.132535e+01	701	6.032733e-02	0	
7.142710e+01	702	4.982125e+02	4.638520e+01	7.142710e+01	702	8.517333e-02	0	
7.152884e+01	703	5.537794e+02	4.402509e+01	7.152884e+01	703	7.364463e-02	0	
7.163059e+01	704	5.129744e+02	3.557152e+01	7.163059e+01	704	6.484693e-02	0	
7.173234e+01	705	5.070181e+02	4.257409e+01	7.173234e+01	705	7.746487e-02	0	
7.183409e+01	706	4.658847e+02	6.018718e+01	7.183409e+01	706	1.144087e-01	0	
7.193584e+01	707	4.701018e+02	6.008051e+01	7.193584e+01	707	1.133205e-01	0	
7.203758e+01	708	5.152943e+02	6.194219e+01	7.203758e+01	708	1.073082e-01	0	
7.213933e+01	709	5.240010e+02	4.271848e+01	7.213933e+01	709	7.537853e-02	0	
7.224108e+01	710	4.842920e+02	5.255995e+01	7.224108e+01	710	9.790399e-02	0	
7.234283e+01	711	4.792343e+02	1.302661e+01	7.234283e+01	711	2.646282e-02	0	
7.244458e+01	712	5.039639e+02	2.228541e+01	7.244458e+01	712	4.234763e-02	0	
7.254632e+01	713	4.955559e+02	2.679580e+01	7.254632e+01	713	5.129839e-02	0	
7.264807e+01	714	4.577180e+02	5.934004e+01	7.264807e+01	714	1.147648e-01	0	
7.274982e+01	715	5.150679e+02	2.643060e+01	7.274982e+01	715	4.881011e-02	0	
7.285157e+01	716	4.744826e+02	4.652539e+01	7.285157e+01	716	8.929880e-02	0	
7.295332e+01	717	5.052268e+02	1.957437e+01	7.295332e+01	717	3.729864e-02	0	
7.305506e+01	718	5.103884e+02	4.565379e+01	7.305506e+01	718	8.210490e-02	0	
7.315681e+01	719	5.265555e+02	3.999257e+01	7.315681e+01	719	7.058990e-02	0	
7.325856e+01	720	4.934259e+02	1.883974e+01	7.325856e+01	720	3.677729e-02	0	
7.336031e+01	721	4.989994e+02	5.009302e+01	7.336031e+01	721	9.122876e-02	0	
7.346206e+01	722	5.231975e+02	2.252564e+01	7.346206e+01	722	4.127668e-02	0	
7.356380e+01	723	5.037913e+02	3.884153e+01	7.356380e+01	723	7.157976e-02	0	
7.366555e+01	724	4.999892e+02	4.903849e+01	7.366555e+01	724	8.931879e-02	0	
7.376730e+01	725	5.211698e+02	2.646345e+01	7.376730e+01	725	4.832331e-02	0	
7.386905e+01	726	4.911795e+02	3.555864e+01	7.386905e+01	726	6.750724e-02	0	
7.397080e+01	727	5.308548e+02	3.846640e+01	7.397080e+01	727	6.756537e-02	0	
7.407254e+01	728	5.036995e+02	4.215731e+01	7.407254e+01	728	7.723144e-02	0	
7.417429e+01	729	5.242412e+02	3.811316e+01	7.417429e+01	729	6.777428e-02	0	
7.427604e+01	730	5.376414e+02	5.374891e+01	7.427604e+01	730	9.088568e-02	0	
7.437779e+01	731	4.781193e+02	3.952202e+01	7.437779e+01	731	7.635020e-02	0	
7.447954e+01	732	4.886414e+02	3.293122e+01	7.447954e+01	732	6.313832e-02	0	
7.458128e+01	733	5.351623e+02	4.271723e+01	7.458128e+01	733	7.392065e-02	0	
7.468303e+01	734	4.981541e+02	3.852267e+01	7.468303e+01	734	7.178002e-02	0	
7.478478e+01	735	5.035966e+02	3.113431e+01	7.478478e+01	735	5.822426e-02	0	
7.488653e+01	736	5.071456e+02	5.714455e+01	7.488653e+01	736	1.012680e-01	0	
7.498828e+01	737	5.193596e+02	4.242673e+01	7.498828e+01	737	7.552111e-02	0	
7.509002e+01	738	4.949200e+02	3.865087e+01	7.509002e+01	738	7.243812e-02	0	
7.519177e+01	739	4.939227e+02	6.176331e+01	7.519177e+01	739	1.111479e-01	0	
7.529352e+01	740	5.163255e+02	4.439133e+01	7.529352e+01	740	7.916889e-02	0	
7.539527e+01	741	5.200772e+02	-1.184077e+01	7.539527e+01	741	-2.329776e-02	0	
7.549702e+01	742	5.035076e+02	4.169346e+01	7.549702e+01	742	7.647355e-02	0	
7.559876e+01	743	5.272301e+02	1.927918e+01	7.559876e+01	743	3.527695e-02	0	
7.570051e+01	744	5.247317e+02	3.053685e+01	7.570051e+01	744	5.499474e-02	0	
7.580226e+01	745	5.046436e+02	5.023924e+01	7.580226e+01	745	9.054027e-02	0	
7.590401e+01	746	5.330822e+02	1.682243e+01	7.590401e+01	746	3.059154e-02	0	
7.600576e+01	747	5.108120e+02	4.070916e+01	7.600576e+01	747	7.381251e-02	0	
7.610750e+01	748	5.142692e+02	5.498094e+01	7.610750e+01	748	9.658485e-02	0	
7.620925e+01	749	5.373285e+02	9.796238e+00	7.620925e+01	749	1.790494e-02	0	
7.631100e+01	750	5.216900e+02	5.992775e+01	7.631100e+01	750	1.030363e-01	0	
7.641275e+01	751	5.137844e+02	4.848722e+01	7.641275e+01	751	8.623451e-02	0	
7.651450e+01	752	5.402252e+02	5.010395e+01	7.651450e+01	752	8.487460e-02	0	
7.661624e+01	753	5.475651e+02	7.792484e+01	7.661624e+01	753	1.245821e-01	0	
7.671799e+01	754	5.068264e+02	6.670328e+01	7.671799e+01	754	1.163031e-01	0	
7.681974e+01	755	5.183188e+02	5.930784e+01	7.681974e+01	755	1.026750e-01	0	
7.692149e+01	756	5.122220e+02	6.091764e+01	7.692149e+01	756	1.062876e-01	0	
7.702324e+01	757	5.049945e+02	6.029914e+01	7.702324e+01	757	1.066687e-01	0	
7.712498e+01	758	5.132484e+02	6.611825e+01	7.712498e+01	758	1.141216e-01	0	
7.722673e+01	759	5.333488e+02	4.496840e+01	7.722673e+01	759	7.775733e-02	0	
7.732848e+01	760	5.528302e+02	6.437444e+01	7.732848e+01	760	1.043000e-01	0	
7.743023e+01	761	4.876277e+02	6.308978e+01	7.743023e+01	761	1.145592e-01	0	
7.753198e+01	762	5.269278e+02	5.886914e+01	7.753198e+01	762	1.004941e-01	0	
7.763372e+01	763	4.577718e+02	3.318288e+01	7.763372e+01	763	6.758848e-02	0	
7.773547e+01	764	4.403549e+02	3.803469e+01	7.773547e+01	764	7.950568e-02	0	
7.783722e+01	765	5.083859e+02	6.094193e+01	7.783722e+01	765	1.070419e-01	0	
7.793897e+01	766	4.462087e+02	2.538095e+01	7.793897e+01	766	5.381999e-02	0	
7.804072e+01	767	4.452389e+02	2.244450e+01	7.804072e+01	767	4.799080e-02	0	
7.814246e+01	768	4.111881e+02	1.556178e+01	7.814246e+01	768	3.646581e-02	0	
7.824421e+01	769	4.732946e+02	1.724364e+01	7.824421e+01	769	3.515249e-02	0	
7.834596e+01	770	4.687304e+02	1.842522e+01	7.834596e+01	770	3.782204e-02	0	
7.844771e+01	771	4.790849e+02	6.864657e+01	7.844771e+01	771	1.253289e-01	0	
7.854946e+01	772	4.768387e+02	4.156184e+01	7.854946e+01	772	8.017322e-02	0	
7.865120e+01	773	4.461288e+02	5.264248e+01	7.865120e+01	773	1.055443e-01	0	
7.875295e+01	774	4.627525e+02	4.043290e+01	7.875295e+01	774	8.035388e-02	0	
7.885470e+01	775	4.587653e+02	3.652198e+01	7.885470e+01	775	7.373898e-02	0	
7.895645e+01	776	4.724653e+02	2.327378e+01	7.895645e+01	776	4.694764e-02	0	
7.905820e+01	777	4.801514e+02	3.102734e+01	7.905820e+01	777	6.069763e-02	0	
7.915994e+01	778	4.626284e+02	3.087457e+01	7.915994e+01	778	6.256208e-02	0	
7.926169e+01	779	4.728582e+02	8.695205e+00	7.926169e+01	779	1.805657e-02	0	
7.936344e+01	780	4.648197e+02	1.399462e+01	7.936344e+01	780	2.922766e-02	0	
7.946519e+01	781	4.963672e+02	1.951856e+01	7.946519e+01	781	3.783504e-02	0	
7.956694e+01	782	4.821609e+02	2.490362e+01	7.956694e+01	782	4.911332e-02	0	
7.966868e+01	783	5.316719e+02	2.665525e+01	7.966868e+01	783	4.774127e-02	0	
7.977043e+01	784	4.755024e+02	2.090072e+01	7.977043e+01	784	4.210433e-02	0	
7.987218e+01	785	5.520018e+02	2.827238e+01	7.987218e+01	785	4.872245e-02	0	
7.997393e+01	786	4.993791e+02	6.173418e+01	7.997393e+01	786	1.100209e-01	0	
8.007568e+01	787	5.264599e+02	3.786133e+01	8.007568e+01	787	6.709181e-02	0	
8.017742e+01	788	5.755765e+02	1.411202e+01	8.017742e+01	788	2.393131e-02	0	
8.027917e+01	789	5.667522e+02	2.602139e+01	8.027917e+01	789	4.389769e-02	0	
8.038092e+01	790	5.183529e+02	3.959448e+01	8.038092e+01	790	7.096454e-02	0	
8.048267e+01	791	5.015582e+02	4.044279e+01	8.048267e+01	791	7.461756e-02	0	
8.058442e+01	792	4.697402e+02	3.489791e+01	8.058442e+01	792	6.915433e-02	0	
8.068616e+01	793	4.746362e+02	4.181446e+01	8.068616e+01	793	8.096506e-02	0	
8.078791e+01	794	5.023209e+02	3.271389e+01	8.078791e+01	794	6.114348e-02	0	
8.088966e+01	795	5.032145e+02	3.721883e+01	8.088966e+01	795	6.886849e-02	0	
8.099141e+01	796	4.685221e+02	3.820631e+01	8.099141e+01	796	7.539800e-02	0	
8.109316e+01	797	4.888530e+02	3.477593e+01	8.109316e+01	797	6.641331e-02	0	
8.119490e+01	798	4.745883e+02	3.300245e+01	8.119490e+01	798	6.501783e-02	0	
8.129665e+01	799	5.776471e+02	5.037685e+01	8.129665e+01	799	8.021485e-02	0	
8.139840e+01	800	5.199164e+02	4.283364e+01	8.139840e+01	800	7.611486e-02	0	
8.150015e+01	801	4.811552e+02	-2.126539e+00	8.150015e+01	801	-4.439273e-03	0	
8.160190e+01	802	4.851460e+02	3.307127e+01	8.160190e+01	802	6.381738e-02	0	
8.170364e+01	803	5.097316e+02	3.191929e+01	8.170364e+01	803	5.892964e-02	0	
8.180539e+01	804	4.556587e+02	1.110944e+01	8.180539e+01	804	2.380077e-02	0	
8.190714e+01	805	5.247754e+02	3.090494e+01	8.190714e+01	805	5.561640e-02	0	
8.200889e+01	806	5.299609e+02	3.352952e+01	8.200889e+01	806	5.950327e-02	0	
8.211064e+01	807	4.798154e+02	3.399242e+01	8.211064e+01	807	6.615785e-02	0	
8.221238e+01	808	5.076902e+02	2.167580e+01	8.221238e+01	808	4.094672e-02	0	
8.231413e+01	809	5.349256e+02	4.959260e+01	8.231413e+01	809	8.484355e-02	0	
8.241588e+01	810	5.095461e+02	3.157166e+01	8.241588e+01	810	5.834527e-02	0	
8.251763e+01	811	5.212862e+02	4.247889e+01	8.251763e+01	811	7.534856e-02	0	
8.261938e+01	812	5.282938e+02	5.874279e+01	8.261938e+01	812	1.000667e-01	0	
8.272112e+01	813	5.049081e+02	5.111714e+01	8.272112e+01	813	9.193313e-02	0	
8.282287e+01	814	5.231721e+02	3.429842e+01	8.282287e+01	814	6.152508e-02	0	
8.292462e+01	815	5.267578e+02	5.515126e+01	8.292462e+01	815	9.477642e-02	0	
8.302637e+01	816	5.237860e+02	5.846890e+01	8.302637e+01	816	1.004180e-01	0	
8.312812e+01	817	5.413911e+02	5.660685e+01	8.312812e+01	817	9.466061e-02	0	
8.322986e+01	818	4.908040e+02	3.370570e+01	8.322986e+01	818	6.426135e-02	0	
8.333161e+01	819	4.838375e+02	1.899751e+01	8.333161e+01	819	3.778080e-02	0	
8.343336e+01	820	4.840264e+02	3.779683e+01	8.343336e+01	820	7.243225e-02	0	
8.353511e+01	821	5.043591e+02	3.210263e+01	8.353511e+01	821	5.984142e-02	0	
8.363686e+01	822	4.788098e+02	2.839362e+01	8.363686e+01	822	5.598073e-02	0	
8.373860e+01	823	4.965851e+02	4.938022e+01	8.373860e+01	823	9.044571e-02	0	
8.384035e+01	824	5.029273e+02	2.126744e+01	8.384035e+01	824	4.057164e-02	0	
8.394210e+01	825	4.995569e+02	2.696237e+01	8.394210e+01	825	5.120871e-02	0	
8.404385e+01	826	4.748801e+02	5.339936e+01	8.404385e+01	826	1.010817e-01	0	
8.414560e+01	827	4.632548e+02	8.879090e+01	8.414560e+01	827	1.608398e-01	0	
8.424734e+01	828	5.593322e+02	5.238429e+00	8.424734e+01	828	9.278607e-03	0	
8.434909e+01	829	5.045430e+02	4.085041e+01	8.434909e+01	829	7.490081e-02	0	
8.445084e+01	830	4.909959e+02	3.906319e+01	8.445084e+01	830	7.369592e-02	0	
8.455259e+01	831	5.593236e+02	5.242558e+00	8.455259e+01	831	9.285994e-03	0	
8.465434e+01	832	4.962017e+02	4.023844e+01	8.465434e+01	832	7.501012e-02	0	
8.475608e+01	833	4.808261e+02	3.699778e+01	8.475608e+01	833	7.144858e-02	0	
8.485783e+01	834	4.785359e+02	1.832231e+01	8.485783e+01	834	3.687634e-02	0	
8.495958e+01	835	4.847793e+02	2.938131e+01	8.495958e+01	835	5.714423e-02	0	
8.506133e+01	836	4.859643e+02	3.606232e+01	8.506133e+01	836	6.908138e-02	0	
8.516308e+01	837	4.784429e+02	1.820858e+01	8.516308e+01	837	3.666269e-02	0	
8.526482e+01	838	4.522245e+02	2.616748e+01	8.526482e+01	838	5.469883e-02	0	
8.536657e+01	839	5.124808e+02	4.281161e+01	8.536657e+01	839	7.709742e-02	0	
8.546832e+01	840	4.716666e+02	2.480522e+01	8.546832e+01	840	4.996300e-02	0	
8.557007e+01	841	4.877664e+02	4.143293e+01	8.557007e+01	841	7.829362e-02	0	
8.567182e+01	842	4.717790e+02	2.824261e+01	8.567182e+01	842	5.648278e-02	0	
8.577356e+01	843	4.848337e+02	3.223193e+01	8.577356e+01	843	6.233625e-02	0	
8.587531e+01	844	5.010456e+02	1.556068e+01	8.587531e+01	844	3.012097e-02	0	
8.597706e+01	845	4.766048e+02	2.213177e+01	8.597706e+01	845	4.437567e-02	0	
8.607881e+01	846	4.749505e+02	3.312868e+01	8.607881e+01	846	6.520377e-02	0	
8.618056e+01	847	4.612000e+02	3.504742e+01	8.618056e+01	847	7.062489e-02	0	
8.628230e+01	848	4.326115e+02	4.317068e+01	8.628230e+01	848	9.073623e-02	0	
8.638405e+01	849	4.629198e+02	3.152399e+01	8.638405e+01	849	6.375647e-02	0	
8.648580e+01	850	4.298233e+02	3.704723e+01	8.648580e+01	850	7.935226e-02	0	
8.658755e+01	851	4.282800e+02	4.138225e+01	8.658755e+01	851	8.811066e-02	0	
8.668930e+01	852	4.077598e+02	5.523626e+01	8.668930e+01	852	1.193018e-01	0	
8.679104e+01	853	4.439691e+02	2.354406e+01	8.679104e+01	853	5.036021e-02	0	
8.689279e+01	854	4.506747e+02	3.735501e+01	8.689279e+01	854	7.654249e-02	0	
8.699454e+01	855	4.454150e+02	4.337377e+01	8.699454e+01	855	8.873725e-02	0	
8.709629e+01	856	4.597999e+02	2.365891e+00	8.709629e+01	856	5.119139e-03	0	
8.719804e+01	857	4.958573e+02	9.154537e+00	8.719804e+01	857	1.812737e-02	0	
8.729978e+01	858	4.263401e+02	1.797234e+01	8.729978e+01	858	4.044978e-02	0	
8.740153e+01	859	4.857037e+02	1.162054e+01	8.740153e+01	859	2.336612e-02	0	
8.750328e+01	860	4.931377e+02	-5.152531e+00	8.750328e+01	860	-1.055879e-02	0	
8.760503e+01	861	4.435985e+02	2.385470e+01	8.760503e+01	861	5.103120e-02	0	
8.770678e+01	862	4.845675e+02	2.098261e+01	8.770678e+01	862	4.150451e-02	0	
8.780852e+01	863	5.161686e+02	2.191486e+01	8.780852e+01	863	4.072762e-02	0	
8.791027e+01	864	4.682541e+02	6.756838e+00	8.791027e+01	864	1.422459e-02	0	
8.801202e+01	865	4.966509e+02	6.406636e+00	8.801202e+01	865	1.273539e-02	0	
8.811377e+01	866	4.867149e+02	3.044972e+01	8.811377e+01	866	5.887820e-02	0	
8.821552e+01	867	5.009674e+02	3.649247e+01	8.821552e+01	867	6.789804e-02	0	
8.831726e+01	868	5.427958e+02	1.694470e+01	8.831726e+01	868	3.027242e-02	0	
8.841901e+01	869	5.130261e+02	2.106367e+01	8.841901e+01	869	3.943844e-02	0	
8.852076e+01	870	5.016557e+02	1.637404e+01	8.852076e+01	870	3.160830e-02	0	
8.862251e+01	871	4.958781e+02	3.637986e+01	8.862251e+01	871	6.835005e-02	0	
8.872426e+01	872	5.133960e+02	1.033393e+01	8.872426e+01	872	1.973141e-02	0	
8.882600e+01	873	4.918418e+02	2.169984e+01	8.882600e+01	873	4.225527e-02	0	
8.892775e+01	874	5.006836e+02	1.527591e+01	8.892775e+01	874	2.960680e-02	0	
8.902950e+01	875	4.928933e+02	3.373454e+01	8.902950e+01	875	6.405765e-02	0	
8.913125e+01	876	5.201749e+02	1.435908e+01	8.913125e+01	876	2.686280e-02	0	
8.923300e+01	877	4.844736e+02	3.761454e+01	8.923300e+01	877	7.204634e-02	0	
8.933474e+01	878	5.038873e+02	3.639700e+01	8.933474e+01	878	6.736638e-02	0	
8.943649e+01	879	4.832500e+02	3.639635e+01	8.943649e+01	879	7.004062e-02	0	
8.953824e+01	880	4.761195e+02	5.764766e+01	8.953824e+01	880	1.080015e-01	0	
8.963999e+01	881	4.745165e+02	3.487963e+01	8.963999e+01	881	6.847251e-02	0	
8.974174e+01	882	4.759874e+02	3.793595e+01	8.974174e+01	882	7.381636e-02	0	
8.984348e+01	883	4.642475e+02	3.089724e+01	8.984348e+01	883	6.240042e-02	0	
8.994523e+01	884	4.808630e+02	3.227826e+01	8.994523e+01	884	6.290326e-02	0	
9.004698e+01	885	5.066845e+02	2.172630e+01	9.004698e+01	885	4.111631e-02	0	
9.014873e+01	886	4.806618e+02	4.789547e+01	9.014873e+01	886	9.061548e-02	0	
9.025048e+01	887	4.903547e+02	3.791902e+01	9.025048e+01	887	7.177911e-02	0	
9.035222e+01	888	5.241793e+02	3.933704e+01	9.035222e+01	888	6.980639e-02	0	
9.045397e+01	889	4.756155e+02	3.564879e+01	9.045397e+01	889	6.972674e-02	0	
9.055572e+01	890	5.160205e+02	4.034246e+01	9.055572e+01	890	7.251105e-02	0	
9.065747e+01	891	4.904513e+02	3.301373e+01	9.065747e+01	891	6.306769e-02	0	
9.075922e+01	892	5.188786e+02	4.564641e+01	9.075922e+01	892	8.085808e-02	0	
9.086096e+01	893	4.664796e+02	4.048640e+01	9.086096e+01	893	7.986019e-02	0	
9.096271e+01	894	4.802541e+02	4.865578e+01	9.096271e+01	894	9.199257e-02	0	
9.106446e+01	895	4.569838e+02	4.735652e+01	9.106446e+01	895	9.389795e-02	0	
9.116621e+01	896	4.947637e+02	2.957434e+01	9.116621e+01	896	5.640319e-02	0	
9.126796e+01	897	4.815821e+02	2.444176e+01	9.126796e+01	897	4.830160e-02	0	
9.136970e+01	898	4.474446e+02	4.162867e+01	9.136970e+01	898	8.511745e-02	0	
9.147145e+01	899	4.070382e+02	6.591990e+01	9.147145e+01	899	1.393779e-01	0	
9.157320e+01	900	4.358115e+02	3.995366e+01	9.157320e+01	900	8.397769e-02	0	
9.167495e+01	901	3.896680e+02	5.141863e+01	9.167495e+01	901	1.165726e-01	0	
9.177670e+01	902	4.710960e+02	3.358394e+01	9.177670e+01	902	6.654503e-02	0	
9.187844e+01	903	4.669244e+02	4.828336e+01	9.187844e+01	903	9.371629e-02	0	
9.198019e+01	904	4.785304e+02	4.514746e+01	9.198019e+01	904	8.621228e-02	0	
9.208194e+01	905	4.435845e+02	9.705610e+00	9.208194e+01	905	2.141148e-02	0	
9.218369e+01	906	4.731615e+02	4.359329e+01	9.218369e+01	906	8.435972e-02	0	
9.228544e+01	907	4.939375e+02	5.034245e+01	9.228544e+01	907	9.249367e-02	0	
9.238718e+01	908	4.781482e+02	3.639919e+01	9.238718e+01	908	7.074021e-02	0	
9.248893e+01	909	4.877876e+02	5.243639e+01	9.248893e+01	909	9.706416e-02	0	
9.259068e+01	910	4.716866e+02	4.706728e+01	9.259068e+01	910	9.073143e-02	0	
9.269243e+01	911	4.813229e+02	3.968681e+01	9.269243e+01	911	7.617288e-02	0	
9.279418e+01	912	4.668585e+02	1.975973e+01	9.279418e+01	912	4.060623e-02	0	
9.289592e+01	913	4.746194e+02	4.260695e+01	9.289592e+01	913	8.237583e-02	0	
9.299767e+01	914	5.200772e+02	7.088442e+00	9.299767e+01	914	1.344633e-02	0	
9.309942e+01	915	4.747157e+02	4.554883e+01	9.309942e+01	915	8.754937e-02	0	
9.320117e+01	916	4.652608e+02	4.710024e+01	9.320117e+01	916	9.192783e-02	0	
9.330292e+01	917	4.930013e+02	3.704893e+01	9.330292e+01	917	6.989702e-02	0	
9.340466e+01	918	4.568684e+02	4.020477e+01	9.340466e+01	918	8.088300e-02	0	
9.350641e+01	919	4.895139e+02	3.533872e+01	9.350641e+01	919	6.733075e-02	0	
9.360816e+01	920	4.486323e+02	3.193127e+01	9.360816e+01	920	6.644547e-02	0	
9.370991e+01	921	4.804113e+02	3.027765e+01	9.370991e+01	921	5.928785e-02	0	
9.381166e+01	922	4.457322e+02	3.255668e+01	9.381166e+01	922	6.806907e-02	0	
9.391340e+01	923	4.683940e+02	4.430652e+01	9.391340e+01	923	8.641793e-02	0	
9.401515e+01	924	4.833931e+02	3.031562e+01	9.401515e+01	924	5.901325e-02	0	
9.411690e+01	925	4.374129e+02	4.160947e+01	9.411690e+01	925	8.686331e-02	0	
9.421865e+01	926	4.609014e+02	4.717525e+01	9.421865e+01	926	9.285066e-02	0	
9.432040e+01	927	4.443453e+02	2.527754e+01	9.432040e+01	927	5.382519e-02	0	
9.442214e+01	928	4.439074e+02	3.351882e+01	9.442214e+01	928	7.020733e-02	0	
9.452389e+01	929	3.976181e+02	6.243882e+01	9.452389e+01	929	1.357198e-01	0	
9.462564e+01	930	4.416493e+02	3.653950e+01	9.462564e+01	930	7.641229e-02	0	
9.472739e+01	931	4.545035e+02	2.104567e+01	9.472739e+01	931	4.425551e-02	0	
9.482914e+01	932	3.962857e+02	1.324123e+01	9.482914e+01	932	3.233299e-02	0	
9.493088e+01	933	4.495020e+02	4.588048e+01	9.493088e+01	933	9.261628e-02	0	
9.503263e+01	934	4.569043e+02	3.752881e+01	9.503263e+01	934	7.590270e-02	0	
9.513438e+01	935	4.321336e+02	3.649309e+01	9.513438e+01	935	7.787241e-02	0	
9.523613e+01	936	1.065662e+02	2.794367e+02	9.523613e+01	936	7.239238e-01	7.000000e-01	
9.533788e+01	937	1.940012e+02	2.158976e+02	9.533788e+01	937	5.267095e-01	7.000000e-01	
9.543962e+01	938	2.195679e+02	1.737008e+02	9.543962e+01	938	4.416848e-01	7.000000e-01	
9.554137e+01	939	1.085939e+02	3.477420e+02	9.554137e+01	939	7.620308e-01	7.000000e-01	
9.564312e+01	940	1.142017e+02	3.405097e+02	9.564312e+01	940	7.488480e-01	7.000000e-01	
9.574487e+01	941	1.147935e+02	3.493683e+02	9.574487e+01	941	7.526865e-01	7.000000e-01	
9.584662e+01	942	1.049171e+02	2.758473e+02	9.584662e+01	942	7.244566e-01	7.000000e-01	
9.594836e+01	943	1.111848e+02	2.764496e+02	9.594836e+01	943	7.131710e-01	7.000000e-01	
9.605011e+01	944	1.525208e+02	3.512906e+02	9.605011e+01	944	6.972661e-01	7.000000e-01	
9.615186e+01	945	1.094386e+02	3.501580e+02	9.615186e+01	945	7.618812e-01	7.000000e-01	
9.625361e+01	946	1.140960e+02	3.491643e+02	9.625361e+01	946	7.537108e-01	7.000000e-01	
9.635536e+01	947	1.454626e+02	3.531840e+02	9.635536e+01	947	7.082852e-01	7.000000e-01	
9.645710e+01	948	1.213337e+02	3.650641e+02	9.645710e+01	948	7.505464e-01	7.000000e-01	
9.655885e+01	949	1.097299e+02	3.083405e+02	9.655885e+01	949	7.375325e-01	7.000000e-01	
9.666060e+01	950	1.285793e+02	1.695050e+02	9.666060e+01	950	5.686479e-01	7.000000e-01	
9.676235e+01	951	1.109335e+02	1.830512e+02	9.676235e+01	951	6.226555e-01	7.000000e-01	
9.686410e+01	952	1.447442e+02	1.732400e+02	9.686410e+01	952	5.448069e-01	7.000000e-01	
9.696584e+01	953	1.193526e+02	1.673832e+02	9.696584e+01	953	5.837541e-01	7.000000e-01	
9.706759e+01	954	1.148211e+02	1.853699e+02	9.706759e+01	954	6.175065e-01	7.000000e-01	
9.716934e+01	955	4.150567e+02	3.858906e+01	9.716934e+01	955	8.506430e-02	0	
9.727109e+01	956	3.982688e+02	3.441708e+01	9.727109e+01	956	7.954288e-02	0	
9.737284e+01	957	3.909169e+02	2.849457e+01	9.737284e+01	957	6.793942e-02	0	
9.747458e+01	958	4.174616e+02	3.612139e+01	9.747458e+01	958	7.963568e-02	0	
9.757633e+01	959	4.115680e+02	3.582344e+01	9.757633e+01	959	8.007180e-02	0	
9.767808e+01	960	4.107832e+02	3.907490e+01	9.767808e+01	960	8.686050e-02	0	
9.777983e+01	961	4.245303e+02	4.174453e+01	9.777983e+01	961	8.952774e-02	0	
9.788158e+01	962	4.089154e+02	2.919029e+01	9.788158e+01	962	6.662842e-02	0	
9.798332e+01	963	4.090030e+02	4.021655e+01	9.798332e+01	963	8.952538e-02	0	
9.808507e+01	964	4.073696e+02	3.636761e+01	9.808507e+01	964	8.195754e-02	0	
