time at 532nm	frame at 532nm	I_1 at 532nm(counts)	I_2 at 532nm(counts)	time at 532nm	frame at 532nm	FRET_1>2	discr.FRET_1>2	
1.017480e-01	1	1.693800e+02	3.861899e+02	1.017480e-01	1	6.951239e-01	7.000000e-01	
2.034960e-01	2	1.693800e+02	3.861899e+02	2.034960e-01	2	6.951239e-01	7.000000e-01	
3.052440e-01	3	1.683952e+02	3.928526e+02	3.052440e-01	3	6.999628e-01	7.000000e-01	
4.069920e-01	4	1.901331e+02	4.073775e+02	4.069920e-01	4	6.817913e-01	7.000000e-01	
5.087400e-01	5	1.617611e+02	4.051804e+02	5.087400e-01	5	7.146776e-01	7.000000e-01	
6.104880e-01	6	1.596868e+02	4.106012e+02	6.104880e-01	6	7.199892e-01	7.000000e-01	
7.122360e-01	7	1.506283e+02	4.145858e+02	7.122360e-01	7	7.335022e-01	7.000000e-01	
8.139840e-01	8	1.474345e+02	4.269831e+02	8.139840e-01	8	7.433322e-01	7.000000e-01	
9.157320e-01	9	1.663726e+02	4.089121e+02	9.157320e-01	9	7.107995e-01	7.000000e-01	
1.017480e+00	10	1.713277e+02	4.683134e+02	1.017480e+00	10	7.321503e-01	7.000000e-01	
1.119228e+00	11	1.596336e+02	4.144605e+02	1.119228e+00	11	7.219383e-01	7.000000e-01	
1.220976e+00	12	1.530749e+02	4.070653e+02	1.220976e+00	12	7.267204e-01	7.000000e-01	
1.322724e+00	13	1.661000e+02	4.272757e+02	1.322724e+00	13	7.200762e-01	7.000000e-01	
1.424472e+00	14	1.497037e+02	4.189163e+02	1.424472e+00	14	7.367245e-01	7.000000e-01	
1.526220e+00	15	1.347334e+02	3.613009e+02	1.526220e+00	15	7.283789e-01	7.000000e-01	
1.627968e+00	16	1.601006e+02	4.045287e+02	1.627968e+00	16	7.164501e-01	7.000000e-01	
1.729716e+00	17	1.961259e+02	4.320950e+02	1.729716e+00	17	6.878074e-01	7.000000e-01	
1.831464e+00	18	1.539410e+02	4.051713e+02	1.831464e+00	18	7.246689e-01	7.000000e-01	
1.933212e+00	19	1.976271e+02	4.571874e+02	1.933212e+00	19	6.981938e-01	7.000000e-01	
2.034960e+00	20	1.309690e+02	3.695440e+02	2.034960e+00	20	7.383305e-01	7.000000e-01	
2.136708e+00	21	1.542915e+02	4.058694e+02	2.136708e+00	21	7.245586e-01	7.000000e-01	
2.238456e+00	22	1.315449e+02	3.262088e+02	2.238456e+00	22	7.126295e-01	7.000000e-01	
2.340204e+00	23	1.227512e+02	3.663645e+02	2.340204e+00	23	7.490344e-01	7.000000e-01	
2.441952e+00	24	1.311664e+02	3.311812e+02	2.441952e+00	24	7.163035e-01	7.000000e-01	
2.543700e+00	25	1.170537e+02	3.380481e+02	2.543700e+00	25	7.427967e-01	7.000000e-01	
2.645448e+00	26	1.227475e+02	3.491267e+02	2.645448e+00	26	7.398724e-01	7.000000e-01	
2.747196e+00	27	1.628556e+02	3.339777e+02	2.747196e+00	27	6.722128e-01	7.000000e-01	
2.848944e+00	28	1.513516e+02	3.287207e+02	2.848944e+00	28	6.847317e-01	7.000000e-01	
2.950692e+00	29	1.224922e+02	3.475552e+02	2.950692e+00	29	7.394046e-01	7.000000e-01	
3.052440e+00	30	1.255156e+02	3.548793e+02	3.052440e+00	30	7.387241e-01	7.000000e-01	
3.154188e+00	31	1.298706e+02	3.293365e+02	3.154188e+00	31	7.171851e-01	7.000000e-01	
3.255936e+00	32	1.163988e+02	3.654912e+02	3.255936e+00	32	7.584536e-01	7.000000e-01	
3.357684e+00	33	1.481547e+02	3.297934e+02	3.357684e+00	33	6.900193e-01	7.000000e-01	
3.459432e+00	34	1.471683e+02	3.325084e+02	3.459432e+00	34	6.931927e-01	7.000000e-01	
3.561180e+00	35	1.358027e+02	3.755912e+02	3.561180e+00	35	7.344460e-01	7.000000e-01	
3.662928e+00	36	1.032606e+02	3.772655e+02	3.662928e+00	36	7.851093e-01	7.000000e-01	
3.764676e+00	37	9.155137e+01	4.034098e+02	3.764676e+00	37	8.150332e-01	7.000000e-01	
3.866424e+00	38	1.404676e+02	3.940827e+02	3.866424e+00	38	7.372229e-01	7.000000e-01	
3.968172e+00	39	1.237619e+02	3.422946e+02	3.968172e+00	39	7.344487e-01	7.000000e-01	
4.069920e+00	40	1.185686e+02	3.770863e+02	4.069920e+00	40	7.607840e-01	7.000000e-01	
4.171668e+00	41	1.370664e+02	3.876099e+02	4.171668e+00	41	7.387601e-01	7.000000e-01	
4.273416e+00	42	2.053862e+02	4.178811e+02	4.273416e+00	42	6.704685e-01	7.000000e-01	
4.375164e+00	43	1.057665e+02	3.582161e+02	4.375164e+00	43	7.720464e-01	7.000000e-01	
4.476912e+00	44	1.363862e+02	3.647985e+02	4.476912e+00	44	7.278724e-01	7.000000e-01	
4.578660e+00	45	1.365970e+02	3.723311e+02	4.578660e+00	45	7.315986e-01	7.000000e-01	
4.680408e+00	46	1.506319e+02	3.926657e+02	4.680408e+00	46	7.227451e-01	7.000000e-01	
4.782156e+00	47	1.343808e+02	3.892344e+02	4.782156e+00	47	7.433596e-01	7.000000e-01	
4.883904e+00	48	1.314982e+02	3.474511e+02	4.883904e+00	48	7.254444e-01	7.000000e-01	
4.985652e+00	49	1.411114e+02	4.013136e+02	4.985652e+00	49	7.398509e-01	7.000000e-01	
5.087400e+00	50	1.373540e+02	3.710524e+02	5.087400e+00	50	7.298342e-01	7.000000e-01	
5.189148e+00	51	1.396022e+02	3.536820e+02	5.189148e+00	51	7.169944e-01	7.000000e-01	
5.290896e+00	52	1.335083e+02	3.849650e+02	5.290896e+00	52	7.424973e-01	7.000000e-01	
5.392644e+00	53	1.310153e+02	3.729836e+02	5.392644e+00	53	7.400484e-01	7.000000e-01	
5.494392e+00	54	1.334627e+02	3.880990e+02	5.494392e+00	54	7.441095e-01	7.000000e-01	
5.596140e+00	55	1.125921e+02	3.702254e+02	5.596140e+00	55	7.668019e-01	7.000000e-01	
5.697888e+00	56	1.172044e+02	3.509170e+02	5.697888e+00	56	7.496282e-01	7.000000e-01	
5.799636e+00	57	1.471018e+02	3.934535e+02	5.799636e+00	57	7.278691e-01	7.000000e-01	
5.901384e+00	58	9.163368e+01	3.495546e+02	5.901384e+00	58	7.923026e-01	7.000000e-01	
6.003132e+00	59	1.036109e+02	4.208128e+02	6.003132e+00	59	8.024290e-01	7.000000e-01	
6.104880e+00	60	1.348842e+02	3.343801e+02	6.104880e+00	60	7.125624e-01	7.000000e-01	
6.206628e+00	61	9.650897e+01	3.896919e+02	6.206628e+00	61	8.015039e-01	7.000000e-01	
6.308376e+00	62	1.210259e+02	3.573943e+02	6.308376e+00	62	7.470301e-01	7.000000e-01	
6.410124e+00	63	1.228627e+02	3.026928e+02	6.410124e+00	63	7.112887e-01	7.000000e-01	
6.511872e+00	64	1.353261e+02	3.428469e+02	6.511872e+00	64	7.169934e-01	7.000000e-01	
6.613620e+00	65	1.304361e+02	3.541789e+02	6.613620e+00	65	7.308459e-01	7.000000e-01	
6.715368e+00	66	1.573466e+02	3.233503e+02	6.715368e+00	66	6.726698e-01	7.000000e-01	
6.817116e+00	67	1.297545e+02	3.263376e+02	6.817116e+00	67	7.155081e-01	7.000000e-01	
6.918864e+00	68	1.357758e+02	3.700006e+02	6.918864e+00	68	7.315498e-01	7.000000e-01	
7.020612e+00	69	1.364455e+02	3.506206e+02	7.020612e+00	69	7.198625e-01	7.000000e-01	
7.122360e+00	70	1.362980e+02	3.547779e+02	7.122360e+00	70	7.224502e-01	7.000000e-01	
7.224108e+00	71	1.292984e+02	3.493677e+02	7.224108e+00	71	7.298777e-01	7.000000e-01	
7.325856e+00	72	1.378960e+02	3.454126e+02	7.325856e+00	72	7.146833e-01	7.000000e-01	
7.427604e+00	73	1.302632e+02	3.724277e+02	7.427604e+00	73	7.408682e-01	7.000000e-01	
7.529352e+00	74	1.165196e+02	3.130297e+02	7.529352e+00	74	7.287399e-01	7.000000e-01	
7.631100e+00	75	1.246495e+02	3.160725e+02	7.631100e+00	75	7.171698e-01	7.000000e-01	
7.732848e+00	76	1.129835e+02	3.559333e+02	7.732848e+00	76	7.590543e-01	7.000000e-01	
7.834596e+00	77	1.401289e+02	3.424247e+02	7.834596e+00	77	7.096097e-01	7.000000e-01	
7.936344e+00	78	1.248924e+02	3.506361e+02	7.936344e+00	78	7.373609e-01	7.000000e-01	
8.038092e+00	79	1.415888e+02	3.481315e+02	8.038092e+00	79	7.108782e-01	7.000000e-01	
8.139840e+00	80	1.148145e+02	3.552747e+02	8.139840e+00	80	7.557602e-01	7.000000e-01	
8.241588e+00	81	1.120943e+02	3.292507e+02	8.241588e+00	81	7.460166e-01	7.000000e-01	
8.343336e+00	82	1.246597e+02	3.159759e+02	8.343336e+00	82	7.170912e-01	7.000000e-01	
8.445084e+00	83	1.475114e+02	3.718852e+02	8.445084e+00	83	7.159947e-01	7.000000e-01	
8.546832e+00	84	1.130590e+02	3.585689e+02	8.546832e+00	84	7.602792e-01	7.000000e-01	
8.648580e+00	85	1.248344e+02	3.819017e+02	8.648580e+00	85	7.536501e-01	7.000000e-01	
8.750328e+00	86	1.347125e+02	3.759004e+02	8.750328e+00	86	7.361749e-01	7.000000e-01	
8.852076e+00	87	1.265956e+02	3.793357e+02	8.852076e+00	87	7.497771e-01	7.000000e-01	
8.953824e+00	88	1.289417e+02	3.831510e+02	8.953824e+00	88	7.482063e-01	7.000000e-01	
9.055572e+00	89	1.233353e+02	3.671036e+02	9.055572e+00	89	7.485206e-01	7.000000e-01	
9.157320e+00	90	1.398322e+02	3.700122e+02	9.157320e+00	90	7.257355e-01	7.000000e-01	
9.259068e+00	91	1.446682e+02	3.745651e+02	9.259068e+00	91	7.213811e-01	7.000000e-01	
9.360816e+00	92	1.399867e+02	3.843660e+02	9.360816e+00	92	7.330295e-01	7.000000e-01	
9.462564e+00	93	1.376978e+02	3.753544e+02	9.462564e+00	93	7.316105e-01	7.000000e-01	
9.564312e+00	94	1.410341e+02	3.608810e+02	9.564312e+00	94	7.190081e-01	7.000000e-01	
9.666060e+00	95	1.617397e+02	3.681056e+02	9.666060e+00	95	6.947417e-01	7.000000e-01	
9.767808e+00	96	1.357268e+02	3.618440e+02	9.767808e+00	96	7.272211e-01	7.000000e-01	
9.869556e+00	97	1.581761e+02	3.674580e+02	9.869556e+00	97	6.990756e-01	7.000000e-01	
9.971304e+00	98	1.617399e+02	3.681021e+02	9.971304e+00	98	6.947394e-01	7.000000e-01	
1.007305e+01	99	1.161262e+02	3.484536e+02	1.007305e+01	99	7.500404e-01	7.000000e-01	
1.017480e+01	100	1.372364e+02	3.552777e+02	1.017480e+01	100	7.213554e-01	7.000000e-01	
1.027655e+01	101	1.362092e+02	3.260943e+02	1.027655e+01	101	7.053684e-01	7.000000e-01	
1.037830e+01	102	1.462432e+02	3.431073e+02	1.037830e+01	102	7.011484e-01	7.000000e-01	
1.048004e+01	103	1.074152e+02	3.505715e+02	1.048004e+01	103	7.654622e-01	7.000000e-01	
1.058179e+01	104	1.108001e+02	3.470483e+02	1.058179e+01	104	7.579983e-01	7.000000e-01	
1.068354e+01	105	9.409032e+01	3.553331e+02	1.068354e+01	105	7.906422e-01	7.000000e-01	
1.078529e+01	106	1.058893e+02	3.814382e+02	1.078529e+01	106	7.827143e-01	7.000000e-01	
1.088704e+01	107	1.414505e+02	3.413231e+02	1.088704e+01	107	7.070045e-01	7.000000e-01	
1.098878e+01	108	1.105951e+02	3.402180e+02	1.098878e+01	108	7.546764e-01	7.000000e-01	
1.109053e+01	109	1.057042e+02	3.348344e+02	1.109053e+01	109	7.600569e-01	7.000000e-01	
1.119228e+01	110	1.498128e+02	3.493648e+02	1.119228e+01	110	6.998808e-01	7.000000e-01	
1.129403e+01	111	1.054487e+02	3.529995e+02	1.129403e+01	111	7.699878e-01	7.000000e-01	
1.139578e+01	112	1.316705e+02	3.312511e+02	1.139578e+01	112	7.155663e-01	7.000000e-01	
1.149752e+01	113	2.229911e+02	3.270365e+02	1.149752e+01	113	5.945820e-01	7.000000e-01	
1.159927e+01	114	1.358944e+02	3.379946e+02	1.159927e+01	114	7.132358e-01	7.000000e-01	
1.170102e+01	115	1.267866e+02	3.801076e+02	1.170102e+01	115	7.498756e-01	7.000000e-01	
1.180277e+01	116	1.259345e+02	3.666851e+02	1.180277e+01	116	7.443575e-01	7.000000e-01	
1.190452e+01	117	1.128097e+02	4.156878e+02	1.190452e+01	117	7.865464e-01	7.000000e-01	
1.200626e+01	118	1.044818e+02	4.035766e+02	1.200626e+01	118	7.943508e-01	7.000000e-01	
1.210801e+01	119	1.123228e+02	4.053614e+02	1.210801e+01	119	7.830283e-01	7.000000e-01	
1.220976e+01	120	1.111681e+02	4.288527e+02	1.220976e+01	120	7.941411e-01	7.000000e-01	
1.231151e+01	121	1.078316e+02	4.063460e+02	1.231151e+01	121	7.902834e-01	7.000000e-01	
1.241326e+01	122	1.308174e+02	3.496589e+02	1.241326e+01	122	7.277339e-01	7.000000e-01	
1.251500e+01	123	1.286251e+02	3.798446e+02	1.251500e+01	123	7.470349e-01	7.000000e-01	
1.261675e+01	124	1.207465e+02	3.505590e+02	1.261675e+01	124	7.438042e-01	7.000000e-01	
1.271850e+01	125	1.350168e+02	3.439512e+02	1.271850e+01	125	7.181089e-01	7.000000e-01	
1.282025e+01	126	1.157044e+02	3.474465e+02	1.282025e+01	126	7.501799e-01	7.000000e-01	
1.292200e+01	127	1.168827e+02	3.708180e+02	1.292200e+01	127	7.603393e-01	7.000000e-01	
1.302374e+01	128	1.237163e+02	3.613429e+02	1.302374e+01	128	7.449460e-01	7.000000e-01	
1.312549e+01	129	1.323830e+02	3.355324e+02	1.312549e+01	129	7.170792e-01	7.000000e-01	
1.322724e+01	130	7.933284e+01	3.921137e+02	1.322724e+01	130	8.317246e-01	7.000000e-01	
1.332899e+01	131	9.698203e+01	3.797581e+02	1.332899e+01	131	7.965725e-01	7.000000e-01	
1.343074e+01	132	1.031836e+02	3.454789e+02	1.343074e+01	132	7.700196e-01	7.000000e-01	
1.353248e+01	133	1.106106e+02	3.658411e+02	1.353248e+01	133	7.678451e-01	7.000000e-01	
1.363423e+01	134	8.010224e+01	3.840454e+02	1.363423e+01	134	8.274208e-01	7.000000e-01	
1.373598e+01	135	1.125392e+02	3.425403e+02	1.373598e+01	135	7.527043e-01	7.000000e-01	
1.383773e+01	136	1.096457e+02	3.504468e+02	1.383773e+01	136	7.616877e-01	7.000000e-01	
1.393948e+01	137	1.163819e+02	3.602586e+02	1.393948e+01	137	7.558288e-01	7.000000e-01	
1.404122e+01	138	9.551322e+01	3.809628e+02	1.404122e+01	138	7.995424e-01	7.000000e-01	
1.414297e+01	139	1.160104e+02	3.680284e+02	1.414297e+01	139	7.603283e-01	7.000000e-01	
1.424472e+01	140	1.206543e+02	3.340433e+02	1.424472e+01	140	7.346494e-01	7.000000e-01	
1.434647e+01	141	1.250749e+02	2.822923e+02	1.434647e+01	141	6.929677e-01	7.000000e-01	
1.444822e+01	142	1.137743e+02	3.438708e+02	1.444822e+01	142	7.513919e-01	7.000000e-01	
1.454996e+01	143	9.934607e+01	4.049078e+02	1.454996e+01	143	8.029840e-01	7.000000e-01	
1.465171e+01	144	1.263412e+02	3.660765e+02	1.465171e+01	144	7.434268e-01	7.000000e-01	
1.475346e+01	145	1.356908e+02	3.649817e+02	1.475346e+01	145	7.289829e-01	7.000000e-01	
1.485521e+01	146	1.418427e+02	3.553292e+02	1.485521e+01	146	7.147009e-01	7.000000e-01	
1.495696e+01	147	1.312149e+02	3.661857e+02	1.495696e+01	147	7.361988e-01	7.000000e-01	
1.505870e+01	148	1.214424e+02	3.623211e+02	1.505870e+01	148	7.489633e-01	7.000000e-01	
1.516045e+01	149	1.221373e+02	3.729923e+02	1.516045e+01	149	7.533226e-01	7.000000e-01	
1.526220e+01	150	1.207834e+02	3.828446e+02	1.526220e+01	150	7.601734e-01	7.000000e-01	
1.536395e+01	151	1.238256e+02	3.667570e+02	1.536395e+01	151	7.475948e-01	7.000000e-01	
1.546570e+01	152	1.371522e+02	3.446669e+02	1.546570e+01	152	7.153450e-01	7.000000e-01	
1.556744e+01	153	1.231755e+02	3.504892e+02	1.556744e+01	153	7.399521e-01	7.000000e-01	
1.566919e+01	154	1.772488e+02	3.973331e+02	1.566919e+01	154	6.915169e-01	7.000000e-01	
1.577094e+01	155	1.511413e+02	3.584455e+02	1.577094e+01	155	7.034042e-01	7.000000e-01	
1.587269e+01	156	1.193549e+02	3.551231e+02	1.587269e+01	156	7.484501e-01	7.000000e-01	
1.597444e+01	157	1.259723e+02	3.379772e+02	1.597444e+01	157	7.284784e-01	7.000000e-01	
1.607618e+01	158	1.183205e+02	3.259691e+02	1.607618e+01	158	7.336861e-01	7.000000e-01	
1.617793e+01	159	1.115549e+02	3.627557e+02	1.617793e+01	159	7.648062e-01	7.000000e-01	
1.627968e+01	160	1.147779e+02	3.299038e+02	1.627968e+01	160	7.418875e-01	7.000000e-01	
1.638143e+01	161	1.186901e+02	3.439931e+02	1.638143e+01	161	7.434744e-01	7.000000e-01	
1.648318e+01	162	1.199137e+02	3.382048e+02	1.648318e+01	162	7.382474e-01	7.000000e-01	
1.658492e+01	163	1.155555e+02	3.536205e+02	1.658492e+01	163	7.537054e-01	7.000000e-01	
1.668667e+01	164	1.152339e+02	3.411892e+02	1.668667e+01	164	7.475283e-01	7.000000e-01	
1.678842e+01	165	1.211372e+02	3.475387e+02	1.678842e+01	165	7.415331e-01	7.000000e-01	
1.689017e+01	166	1.177347e+02	3.368619e+02	1.689017e+01	166	7.410128e-01	7.000000e-01	
1.699192e+01	167	1.287251e+02	3.363639e+02	1.699192e+01	167	7.232248e-01	7.000000e-01	
1.709366e+01	168	1.270491e+02	3.236650e+02	1.709366e+01	168	7.181160e-01	7.000000e-01	
1.719541e+01	169	1.180675e+02	3.461254e+02	1.719541e+01	169	7.456499e-01	7.000000e-01	
1.729716e+01	170	1.190937e+02	3.288540e+02	1.729716e+01	170	7.341348e-01	7.000000e-01	
1.739891e+01	171	1.551109e+02	3.261835e+02	1.739891e+01	171	6.777214e-01	7.000000e-01	
1.750066e+01	172	1.254027e+02	3.380911e+02	1.750066e+01	172	7.294404e-01	7.000000e-01	
1.760240e+01	173	1.697998e+02	3.306027e+02	1.760240e+01	173	6.606736e-01	7.000000e-01	
1.770415e+01	174	1.281990e+02	3.434303e+02	1.770415e+01	174	7.281785e-01	7.000000e-01	
1.780590e+01	175	1.362398e+02	3.421722e+02	1.780590e+01	175	7.152250e-01	7.000000e-01	
1.790765e+01	176	1.469239e+02	3.397364e+02	1.790765e+01	176	6.980976e-01	7.000000e-01	
1.800940e+01	177	1.399813e+02	3.431238e+02	1.800940e+01	177	7.102467e-01	7.000000e-01	
1.811114e+01	178	1.774448e+02	3.487331e+02	1.811114e+01	178	6.627665e-01	7.000000e-01	
1.821289e+01	179	1.363058e+02	3.481261e+02	1.821289e+01	179	7.186275e-01	7.000000e-01	
1.831464e+01	180	1.122567e+02	3.570131e+02	1.831464e+01	180	7.607843e-01	7.000000e-01	
1.841639e+01	181	1.283649e+02	3.605010e+02	1.841639e+01	181	7.374231e-01	7.000000e-01	
1.851814e+01	182	1.344335e+02	3.703436e+02	1.851814e+01	182	7.336775e-01	7.000000e-01	
1.861988e+01	183	1.299529e+02	3.504651e+02	1.861988e+01	183	7.295004e-01	7.000000e-01	
1.872163e+01	184	1.383697e+02	3.464695e+02	1.872163e+01	184	7.146070e-01	7.000000e-01	
1.882338e+01	185	1.427659e+02	3.520040e+02	1.882338e+01	185	7.114499e-01	7.000000e-01	
1.892513e+01	186	1.275219e+02	3.313258e+02	1.892513e+01	186	7.220823e-01	7.000000e-01	
1.902688e+01	187	1.260911e+02	3.570285e+02	1.902688e+01	187	7.390064e-01	7.000000e-01	
1.912862e+01	188	1.290163e+02	3.635847e+02	1.912862e+01	188	7.380917e-01	7.000000e-01	
1.923037e+01	189	1.560001e+02	3.641615e+02	1.923037e+01	189	7.000930e-01	7.000000e-01	
1.933212e+01	190	1.487165e+02	3.666706e+02	1.933212e+01	190	7.114470e-01	7.000000e-01	
1.943387e+01	191	1.390080e+02	3.830143e+02	1.943387e+01	191	7.337125e-01	7.000000e-01	
1.953562e+01	192	1.403596e+02	3.644289e+02	1.953562e+01	192	7.219437e-01	7.000000e-01	
1.963736e+01	193	1.285312e+02	3.644959e+02	1.963736e+01	193	7.393020e-01	7.000000e-01	
1.973911e+01	194	1.474531e+02	3.544574e+02	1.973911e+01	194	7.062163e-01	7.000000e-01	
1.984086e+01	195	1.331973e+02	3.805202e+02	1.984086e+01	195	7.407188e-01	7.000000e-01	
1.994261e+01	196	1.329843e+02	3.784146e+02	1.994261e+01	196	7.399597e-01	7.000000e-01	
2.004436e+01	197	1.319972e+02	3.474101e+02	2.004436e+01	197	7.246659e-01	7.000000e-01	
2.014610e+01	198	1.358152e+02	3.875683e+02	2.014610e+01	198	7.405054e-01	7.000000e-01	
2.024785e+01	199	1.353918e+02	3.798113e+02	2.024785e+01	199	7.372069e-01	7.000000e-01	
2.034960e+01	200	1.258936e+02	3.371331e+02	2.034960e+01	200	7.281073e-01	7.000000e-01	
2.045135e+01	201	1.256779e+02	3.436034e+02	2.045135e+01	201	7.321907e-01	7.000000e-01	
2.055310e+01	202	1.445482e+02	2.905230e+02	2.055310e+01	202	6.677597e-01	7.000000e-01	
2.065484e+01	203	1.337055e+02	3.623801e+02	2.065484e+01	203	7.304790e-01	7.000000e-01	
2.075659e+01	204	1.330737e+02	3.446048e+02	2.075659e+01	204	7.214158e-01	7.000000e-01	
2.085834e+01	205	1.372784e+02	3.824263e+02	2.085834e+01	205	7.358531e-01	7.000000e-01	
2.096009e+01	206	1.283877e+02	3.295972e+02	2.096009e+01	206	7.196683e-01	7.000000e-01	
2.106184e+01	207	1.255784e+02	3.426383e+02	2.106184e+01	207	7.317943e-01	7.000000e-01	
2.116358e+01	208	1.438581e+02	3.872195e+02	2.116358e+01	208	7.291204e-01	7.000000e-01	
2.126533e+01	209	1.239627e+02	3.671447e+02	2.126533e+01	209	7.475854e-01	7.000000e-01	
2.136708e+01	210	1.334727e+02	4.115792e+02	2.136708e+01	210	7.551193e-01	7.000000e-01	
2.146883e+01	211	1.339815e+02	3.653231e+02	2.146883e+01	211	7.316638e-01	7.000000e-01	
2.157058e+01	212	1.452104e+02	3.937953e+02	2.157058e+01	212	7.305958e-01	7.000000e-01	
2.167232e+01	213	1.460618e+02	3.993069e+02	2.167232e+01	213	7.321779e-01	7.000000e-01	
2.177407e+01	214	1.303898e+02	3.855080e+02	2.177407e+01	214	7.472565e-01	7.000000e-01	
2.187582e+01	215	1.368361e+02	3.990049e+02	2.187582e+01	215	7.446330e-01	7.000000e-01	
2.197757e+01	216	1.408216e+02	3.855454e+02	2.197757e+01	216	7.324650e-01	7.000000e-01	
2.207932e+01	217	1.499432e+02	4.000276e+02	2.207932e+01	217	7.273615e-01	7.000000e-01	
2.218106e+01	218	1.410609e+02	3.953350e+02	2.218106e+01	218	7.370209e-01	7.000000e-01	
2.228281e+01	219	1.349480e+02	3.985961e+02	2.228281e+01	219	7.470725e-01	7.000000e-01	
2.238456e+01	220	1.416627e+02	3.993246e+02	2.238456e+01	220	7.381404e-01	7.000000e-01	
2.248631e+01	221	1.409857e+02	3.834933e+02	2.248631e+01	221	7.311890e-01	7.000000e-01	
2.258806e+01	222	1.371022e+02	3.786413e+02	2.258806e+01	222	7.341659e-01	7.000000e-01	
2.268980e+01	223	1.363950e+02	3.833614e+02	2.268980e+01	223	7.375790e-01	7.000000e-01	
2.279155e+01	224	1.127682e+02	3.787845e+02	2.279155e+01	224	7.705878e-01	7.000000e-01	
2.289330e+01	225	1.428203e+02	3.554118e+02	2.289330e+01	225	7.133458e-01	7.000000e-01	
2.299505e+01	226	1.368986e+02	3.519153e+02	2.299505e+01	226	7.199372e-01	7.000000e-01	
2.309680e+01	227	1.337285e+02	3.706977e+02	2.309680e+01	227	7.348899e-01	7.000000e-01	
2.319854e+01	228	1.441970e+02	3.353056e+02	2.319854e+01	228	6.992780e-01	7.000000e-01	
2.330029e+01	229	1.355783e+02	3.852516e+02	2.330029e+01	229	7.396879e-01	7.000000e-01	
2.340204e+01	230	1.417902e+02	3.906300e+02	2.340204e+01	230	7.336874e-01	7.000000e-01	
2.350379e+01	231	1.445417e+02	3.579053e+02	2.350379e+01	231	7.123245e-01	7.000000e-01	
2.360554e+01	232	1.413834e+02	3.525465e+02	2.360554e+01	232	7.137582e-01	7.000000e-01	
2.370728e+01	233	1.464786e+02	3.348543e+02	2.370728e+01	233	6.956813e-01	7.000000e-01	
2.380903e+01	234	1.516327e+02	3.452499e+02	2.380903e+01	234	6.948319e-01	7.000000e-01	
2.391078e+01	235	1.571422e+02	3.238054e+02	2.391078e+01	235	6.732654e-01	7.000000e-01	
2.401253e+01	236	1.267707e+02	3.834381e+02	2.401253e+01	236	7.515317e-01	7.000000e-01	
2.411428e+01	237	1.507149e+02	3.378620e+02	2.411428e+01	237	6.915227e-01	7.000000e-01	
2.421602e+01	238	1.231154e+02	3.839047e+02	2.421602e+01	238	7.571785e-01	7.000000e-01	
2.431777e+01	239	9.606111e+01	3.693695e+02	2.431777e+01	239	7.936081e-01	7.000000e-01	
2.441952e+01	240	1.308382e+02	3.687637e+02	2.441952e+01	240	7.381151e-01	7.000000e-01	
2.452127e+01	241	1.182460e+02	3.852775e+02	2.452127e+01	241	7.651629e-01	7.000000e-01	
2.462302e+01	242	1.514168e+02	3.926084e+02	2.462302e+01	242	7.216732e-01	7.000000e-01	
2.472476e+01	243	1.265137e+02	3.798509e+02	2.472476e+01	243	7.501530e-01	7.000000e-01	
2.482651e+01	244	1.188778e+02	3.472727e+02	2.482651e+01	244	7.449798e-01	7.000000e-01	
2.492826e+01	245	1.236472e+02	3.841674e+02	2.492826e+01	245	7.565111e-01	7.000000e-01	
2.503001e+01	246	1.506112e+02	3.954423e+02	2.503001e+01	246	7.241823e-01	7.000000e-01	
2.513176e+01	247	1.107021e+02	3.542952e+02	2.513176e+01	247	7.619296e-01	7.000000e-01	
2.523350e+01	248	1.286434e+02	3.662257e+02	2.523350e+01	248	7.400456e-01	7.000000e-01	
2.533525e+01	249	9.824374e+01	3.145832e+02	2.533525e+01	249	7.620220e-01	7.000000e-01	
2.543700e+01	250	1.386685e+02	3.486051e+02	2.543700e+01	250	7.154196e-01	7.000000e-01	
2.553875e+01	251	1.280931e+02	3.644247e+02	2.553875e+01	251	7.399219e-01	7.000000e-01	
2.564050e+01	252	1.121139e+02	3.590200e+02	2.564050e+01	252	7.620339e-01	7.000000e-01	
2.574224e+01	253	1.078134e+02	3.552986e+02	2.574224e+01	253	7.671980e-01	7.000000e-01	
2.584399e+01	254	1.432564e+02	3.473566e+02	2.584399e+01	254	7.080053e-01	7.000000e-01	
2.594574e+01	255	1.482876e+02	3.767548e+02	2.594574e+01	255	7.175702e-01	7.000000e-01	
2.604749e+01	256	1.302389e+02	3.270243e+02	2.604749e+01	256	7.151774e-01	7.000000e-01	
2.614924e+01	257	1.447378e+02	3.066201e+02	2.614924e+01	257	6.793281e-01	7.000000e-01	
2.625098e+01	258	1.545830e+02	3.568543e+02	2.625098e+01	258	6.977479e-01	7.000000e-01	
2.635273e+01	259	1.527042e+02	3.977365e+02	2.635273e+01	259	7.225783e-01	7.000000e-01	
2.645448e+01	260	1.446105e+02	3.450528e+02	2.645448e+01	260	7.046736e-01	7.000000e-01	
2.655623e+01	261	1.879894e+02	3.546272e+02	2.655623e+01	261	6.535502e-01	7.000000e-01	
2.665798e+01	262	1.456356e+02	3.754629e+02	2.665798e+01	262	7.205219e-01	7.000000e-01	
2.675972e+01	263	1.138772e+02	3.574533e+02	2.675972e+01	263	7.583920e-01	7.000000e-01	
2.686147e+01	264	1.616362e+02	3.770714e+02	2.686147e+01	264	6.999556e-01	7.000000e-01	
2.696322e+01	265	1.181957e+02	3.607356e+02	2.696322e+01	265	7.532095e-01	7.000000e-01	
2.706497e+01	266	1.142887e+02	3.567441e+02	2.706497e+01	266	7.573657e-01	7.000000e-01	
2.716672e+01	267	1.095620e+02	3.909430e+02	2.716672e+01	267	7.810971e-01	7.000000e-01	
2.726846e+01	268	1.085064e+02	3.609588e+02	2.726846e+01	268	7.688723e-01	7.000000e-01	
2.737021e+01	269	1.151662e+02	3.678684e+02	2.737021e+01	269	7.615777e-01	7.000000e-01	
2.747196e+01	270	1.091080e+02	3.570453e+02	2.747196e+01	270	7.659397e-01	7.000000e-01	
2.757371e+01	271	1.197351e+02	3.691113e+02	2.757371e+01	271	7.550660e-01	7.000000e-01	
2.767546e+01	272	1.166609e+02	3.596509e+02	2.767546e+01	272	7.550745e-01	7.000000e-01	
2.777720e+01	273	1.100837e+02	3.614071e+02	2.777720e+01	273	7.665199e-01	7.000000e-01	
2.787895e+01	274	1.153829e+02	3.649811e+02	2.787895e+01	274	7.598011e-01	7.000000e-01	
2.798070e+01	275	1.275977e+02	3.544655e+02	2.798070e+01	275	7.353092e-01	7.000000e-01	
2.808245e+01	276	1.301313e+02	3.351608e+02	2.808245e+01	276	7.203234e-01	7.000000e-01	
2.818420e+01	277	1.166548e+02	3.688708e+02	2.818420e+01	277	7.597350e-01	7.000000e-01	
2.828594e+01	278	1.266183e+02	3.720383e+02	2.828594e+01	278	7.460812e-01	7.000000e-01	
2.838769e+01	279	1.296501e+02	3.412986e+02	2.838769e+01	279	7.247044e-01	7.000000e-01	
2.848944e+01	280	1.218550e+02	3.617848e+02	2.848944e+01	280	7.480460e-01	7.000000e-01	
2.859119e+01	281	1.208690e+02	3.296299e+02	2.859119e+01	281	7.316997e-01	7.000000e-01	
2.869294e+01	282	1.226799e+02	3.289748e+02	2.869294e+01	282	7.283768e-01	7.000000e-01	
2.879468e+01	283	1.333877e+02	3.629513e+02	2.879468e+01	283	7.312569e-01	7.000000e-01	
2.889643e+01	284	1.252812e+02	3.292776e+02	2.889643e+01	284	7.243895e-01	7.000000e-01	
2.899818e+01	285	1.102009e+02	3.486282e+02	2.899818e+01	285	7.598215e-01	7.000000e-01	
2.909993e+01	286	1.404885e+02	3.623028e+02	2.909993e+01	286	7.205829e-01	7.000000e-01	
2.920168e+01	287	1.446882e+02	3.936237e+02	2.920168e+01	287	7.312186e-01	7.000000e-01	
2.930342e+01	288	1.361658e+02	3.783160e+02	2.930342e+01	288	7.353341e-01	7.000000e-01	
2.940517e+01	289	1.514622e+02	3.758399e+02	2.940517e+01	289	7.127601e-01	7.000000e-01	
2.950692e+01	290	1.569639e+02	4.021770e+02	2.950692e+01	290	7.192767e-01	7.000000e-01	
2.960867e+01	291	1.471623e+02	3.768256e+02	2.960867e+01	291	7.191494e-01	7.000000e-01	
2.971042e+01	292	1.394684e+02	3.781260e+02	2.971042e+01	292	7.305450e-01	7.000000e-01	
2.981216e+01	293	1.515298e+02	3.855078e+02	2.981216e+01	293	7.178414e-01	7.000000e-01	
2.991391e+01	294	1.670295e+02	3.081578e+02	2.991391e+01	294	6.484976e-01	7.000000e-01	
3.001566e+01	295	1.627418e+02	2.983568e+02	3.001566e+01	295	6.470564e-01	7.000000e-01	
3.011741e+01	296	1.617383e+02	3.098738e+02	3.011741e+01	296	6.570523e-01	7.000000e-01	
3.021916e+01	297	1.436047e+02	3.429249e+02	3.021916e+01	297	7.048387e-01	7.000000e-01	
3.032090e+01	298	1.559728e+02	3.560133e+02	3.032090e+01	298	6.953574e-01	7.000000e-01	
3.042265e+01	299	1.484801e+02	3.595604e+02	3.042265e+01	299	7.077396e-01	7.000000e-01	
3.052440e+01	300	1.608085e+02	3.255688e+02	3.052440e+01	300	6.693750e-01	7.000000e-01	
3.062615e+01	301	1.594001e+02	3.469203e+02	3.062615e+01	301	6.851794e-01	7.000000e-01	
3.072790e+01	302	1.495290e+02	3.515257e+02	3.072790e+01	302	7.015715e-01	7.000000e-01	
3.082964e+01	303	1.382158e+02	3.737012e+02	3.082964e+01	303	7.300035e-01	7.000000e-01	
3.093139e+01	304	1.422578e+02	3.642858e+02	3.093139e+01	304	7.191598e-01	7.000000e-01	
3.103314e+01	305	1.252190e+02	3.551291e+02	3.103314e+01	305	7.393161e-01	7.000000e-01	
3.113489e+01	306	1.515938e+02	3.438176e+02	3.113489e+01	306	6.940042e-01	7.000000e-01	
3.123664e+01	307	1.346272e+02	3.584361e+02	3.123664e+01	307	7.269576e-01	7.000000e-01	
3.133838e+01	308	1.495122e+02	3.589317e+02	3.133838e+01	308	7.059416e-01	7.000000e-01	
3.144013e+01	309	1.288029e+02	3.851775e+02	3.144013e+01	309	7.494011e-01	7.000000e-01	
3.154188e+01	310	1.437051e+02	3.705917e+02	3.154188e+01	310	7.205794e-01	7.000000e-01	
3.164363e+01	311	1.378643e+02	3.455066e+02	3.164363e+01	311	7.147857e-01	7.000000e-01	
3.174538e+01	312	1.399355e+02	3.601974e+02	3.174538e+01	312	7.202034e-01	7.000000e-01	
3.184712e+01	313	1.250166e+02	3.743202e+02	3.184712e+01	313	7.496347e-01	7.000000e-01	
3.194887e+01	314	1.273615e+02	3.854852e+02	3.194887e+01	314	7.516578e-01	7.000000e-01	
3.205062e+01	315	1.303658e+02	3.642879e+02	3.205062e+01	315	7.364504e-01	7.000000e-01	
3.215237e+01	316	1.458948e+02	3.804316e+02	3.215237e+01	316	7.228055e-01	7.000000e-01	
3.225412e+01	317	1.636673e+02	3.680461e+02	3.225412e+01	317	6.921889e-01	7.000000e-01	
3.235586e+01	318	1.464192e+02	3.789888e+02	3.235586e+01	318	7.213229e-01	7.000000e-01	
3.245761e+01	319	1.255160e+02	3.980629e+02	3.245761e+01	319	7.602730e-01	7.000000e-01	
3.255936e+01	320	1.392544e+02	3.556153e+02	3.255936e+01	320	7.186039e-01	7.000000e-01	
3.266111e+01	321	1.225141e+02	3.541152e+02	3.266111e+01	321	7.429573e-01	7.000000e-01	
3.276286e+01	322	1.596442e+02	3.990803e+02	3.276286e+01	322	7.142703e-01	7.000000e-01	
3.286460e+01	323	1.793775e+02	4.199215e+02	3.286460e+01	323	7.006878e-01	7.000000e-01	
3.296635e+01	324	1.831932e+02	3.494734e+02	3.296635e+01	324	6.560828e-01	7.000000e-01	
3.306810e+01	325	1.534349e+02	4.186987e+02	3.306810e+01	325	7.318198e-01	7.000000e-01	
3.316985e+01	326	1.664809e+02	3.894950e+02	3.316985e+01	326	7.005609e-01	7.000000e-01	
3.327160e+01	327	1.641183e+02	4.170372e+02	3.327160e+01	327	7.176000e-01	7.000000e-01	
3.337334e+01	328	8.575655e+01	4.066336e+02	3.337334e+01	328	8.258362e-01	7.000000e-01	
3.347509e+01	329	1.789047e+02	4.423076e+02	3.347509e+01	329	7.120072e-01	7.000000e-01	
3.357684e+01	330	1.560094e+02	4.133629e+02	3.357684e+01	330	7.259976e-01	7.000000e-01	
3.367859e+01	331	1.487414e+02	4.208145e+02	3.367859e+01	331	7.388467e-01	7.000000e-01	
3.378034e+01	332	1.365031e+02	4.116150e+02	3.378034e+01	332	7.509604e-01	7.000000e-01	
3.388208e+01	333	1.398923e+02	4.118050e+02	3.388208e+01	333	7.464329e-01	7.000000e-01	
3.398383e+01	334	1.390919e+02	4.083337e+02	3.398383e+01	334	7.459163e-01	7.000000e-01	
3.408558e+01	335	1.178815e+02	3.614263e+02	3.408558e+01	335	7.540589e-01	7.000000e-01	
3.418733e+01	336	1.174644e+02	3.620228e+02	3.418733e+01	336	7.550208e-01	7.000000e-01	
3.428908e+01	337	1.541596e+02	4.286932e+02	3.428908e+01	337	7.355085e-01	7.000000e-01	
3.439082e+01	338	1.215354e+02	3.616694e+02	3.439082e+01	338	7.484806e-01	7.000000e-01	
3.449257e+01	339	1.612779e+02	3.487545e+02	3.449257e+01	339	6.837889e-01	7.000000e-01	
3.459432e+01	340	1.253857e+02	3.847847e+02	3.459432e+01	340	7.542278e-01	7.000000e-01	
3.469607e+01	341	1.207243e+02	3.637541e+02	3.469607e+01	341	7.508159e-01	7.000000e-01	
3.479782e+01	342	1.376463e+02	3.795394e+02	3.479782e+01	342	7.338552e-01	7.000000e-01	
3.489956e+01	343	1.210758e+02	3.824404e+02	3.489956e+01	343	7.595394e-01	7.000000e-01	
3.500131e+01	344	1.184396e+02	3.715637e+02	3.500131e+01	344	7.582882e-01	7.000000e-01	
3.510306e+01	345	1.332065e+02	3.812288e+02	3.510306e+01	345	7.410627e-01	7.000000e-01	
3.520481e+01	346	1.199073e+02	3.776567e+02	3.520481e+01	346	7.590113e-01	7.000000e-01	
3.530656e+01	347	1.220233e+02	3.668272e+02	3.530656e+01	347	7.503873e-01	7.000000e-01	
3.540830e+01	348	4.808917e+02	1.358054e+00	3.540830e+01	348	2.816080e-03	0	
3.551005e+01	349	4.855657e+02	1.804759e+01	3.551005e+01	349	3.583621e-02	0	
3.561180e+01	350	4.618202e+02	7.993329e+00	3.561180e+01	350	1.701383e-02	0	
3.571355e+01	351	5.073069e+02	-1.119212e+01	3.571355e+01	351	-2.255954e-02	0	
3.581530e+01	352	4.898658e+02	2.964917e+01	3.581530e+01	352	5.707087e-02	0	
3.591704e+01	353	5.193848e+02	7.080603e+00	3.591704e+01	353	1.344932e-02	0	
3.601879e+01	354	4.698450e+02	1.340941e+01	3.601879e+01	354	2.774814e-02	0	
3.612054e+01	355	4.736632e+02	-7.487084e-01	3.612054e+01	355	-1.583179e-03	0	
3.622229e+01	356	4.614848e+02	5.184653e+00	3.622229e+01	356	1.110990e-02	0	
3.632404e+01	357	5.026018e+02	2.244831e-01	3.632404e+01	357	4.464427e-04	0	
3.642578e+01	358	4.905466e+02	7.544392e+00	3.642578e+01	358	1.514661e-02	0	
3.652753e+01	359	5.340908e+02	-3.613610e+00	3.652753e+01	359	-6.811999e-03	0	
3.662928e+01	360	5.539015e+02	1.002002e+01	3.662928e+01	360	1.776847e-02	0	
3.673103e+01	361	5.038269e+02	-4.920967e+00	3.673103e+01	361	-9.863517e-03	0	
3.683278e+01	362	4.162406e+02	1.152548e+01	3.683278e+01	362	2.694342e-02	0	
3.693452e+01	363	4.953211e+02	-9.748876e+00	3.693452e+01	363	-2.007709e-02	0	
3.703627e+01	364	4.980673e+02	4.066162e-02	3.703627e+01	364	8.163214e-05	0	
3.713802e+01	365	5.094267e+02	-3.525311e+00	3.713802e+01	365	-6.968376e-03	0	
3.723977e+01	366	5.051825e+02	1.013557e+01	3.723977e+01	366	1.966857e-02	0	
3.734152e+01	367	4.816001e+02	-1.692441e+01	3.734152e+01	367	-3.642198e-02	0	
3.744326e+01	368	4.843523e+02	7.874686e-01	3.744326e+01	368	1.623179e-03	0	
3.754501e+01	369	4.978983e+02	2.090827e+01	3.754501e+01	369	4.030070e-02	0	
3.764676e+01	370	4.942063e+02	2.508731e+01	3.764676e+01	370	4.831045e-02	0	
3.774851e+01	371	5.030499e+02	2.260653e+01	3.774851e+01	371	4.300628e-02	0	
3.785026e+01	372	4.979584e+02	2.218457e-01	3.785026e+01	372	4.453121e-04	0	
3.795200e+01	373	5.089046e+02	7.841401e+00	3.795200e+01	373	1.517458e-02	0	
3.805375e+01	374	5.120803e+02	1.066326e+01	3.805375e+01	374	2.039864e-02	0	
3.815550e+01	375	5.023658e+02	5.120994e+00	3.815550e+01	375	1.009089e-02	0	
3.825725e+01	376	5.295829e+02	-1.660713e+01	3.825725e+01	376	-3.237410e-02	0	
3.835900e+01	377	5.097983e+02	5.621485e+00	3.835900e+01	377	1.090661e-02	0	
3.846074e+01	378	4.652713e+02	4.857969e+01	3.846074e+01	378	9.454042e-02	0	
3.856249e+01	379	4.994709e+02	2.513118e+01	3.856249e+01	379	4.790522e-02	0	
3.866424e+01	380	5.153768e+02	-2.393628e+00	3.866424e+01	380	-4.666095e-03	0	
3.876599e+01	381	5.303813e+02	-1.319672e+01	3.876599e+01	381	-2.551646e-02	0	
3.886774e+01	382	4.953899e+02	-2.811177e+00	3.886774e+01	382	-5.707061e-03	0	
3.896948e+01	383	4.944346e+02	8.532509e+00	3.896948e+01	383	1.696435e-02	0	
3.907123e+01	384	5.025450e+02	-2.738387e+00	3.907123e+01	384	-5.478893e-03	0	
3.917298e+01	385	5.101802e+02	-5.448155e+00	3.917298e+01	385	-1.079415e-02	0	
3.927473e+01	386	5.102595e+02	6.491269e+00	3.927473e+01	386	1.256170e-02	0	
3.937648e+01	387	4.517946e+02	1.270240e+01	3.937648e+01	387	2.734657e-02	0	
3.947822e+01	388	4.449498e+02	1.240572e+01	3.947822e+01	388	2.712489e-02	0	
3.957997e+01	389	4.504435e+02	2.086458e+00	3.957997e+01	389	4.610652e-03	0	
3.968172e+01	390	4.511365e+02	7.165551e-01	3.968172e+01	390	1.585814e-03	0	
3.978347e+01	391	4.449189e+02	1.710560e+01	3.978347e+01	391	3.702314e-02	0	
3.988522e+01	392	4.567988e+02	6.845826e+00	3.988522e+01	392	1.476524e-02	0	
3.998696e+01	393	4.848799e+02	-1.912276e+00	3.998696e+01	393	-3.959429e-03	0	
4.008871e+01	394	4.173306e+02	6.823714e+00	4.008871e+01	394	1.608781e-02	0	
4.019046e+01	395	4.481303e+02	1.151941e+01	4.019046e+01	395	2.506128e-02	0	
4.029221e+01	396	4.532383e+02	1.140642e+01	4.029221e+01	396	2.454869e-02	0	
4.039396e+01	397	4.181693e+02	6.904543e+00	4.039396e+01	397	1.624316e-02	0	
4.049570e+01	398	4.898964e+02	6.445211e+00	4.049570e+01	398	1.298543e-02	0	
4.059745e+01	399	4.738277e+02	2.102602e-01	4.059745e+01	399	4.435514e-04	0	
4.069920e+01	400	5.040001e+02	-2.500553e+01	4.069920e+01	400	-5.220420e-02	0	
4.080095e+01	401	5.557624e+02	-6.609045e+00	4.080095e+01	401	-1.203497e-02	0	
4.090270e+01	402	4.816972e+02	3.203091e+00	4.090270e+01	402	6.605669e-03	0	
4.100444e+01	403	4.963729e+02	2.867153e+00	4.100444e+01	403	5.743035e-03	0	
4.110619e+01	404	4.512043e+02	3.422924e+00	4.110619e+01	404	7.529078e-03	0	
4.120794e+01	405	4.630783e+02	1.568904e+01	4.120794e+01	405	3.276965e-02	0	
4.130969e+01	406	4.743450e+02	9.219452e+00	4.130969e+01	406	1.906561e-02	0	
4.141144e+01	407	4.885129e+02	9.252051e-01	4.141144e+01	407	1.890341e-03	0	
4.151318e+01	408	4.811121e+02	-1.000958e+01	4.151318e+01	408	-2.124714e-02	0	
4.161493e+01	409	3.925587e+02	3.789209e+01	4.161493e+01	409	8.802885e-02	0	
4.171668e+01	410	4.773845e+02	1.960145e+01	4.171668e+01	410	3.944065e-02	0	
4.181843e+01	411	4.345747e+02	8.145843e+00	4.181843e+01	411	1.839951e-02	0	
4.192018e+01	412	4.962215e+02	3.417948e+00	4.192018e+01	412	6.840829e-03	0	
4.202192e+01	413	4.871521e+02	2.471845e+01	4.202192e+01	413	4.829043e-02	0	
4.212367e+01	414	5.239021e+02	2.393050e+01	4.212367e+01	414	4.368214e-02	0	
4.222542e+01	415	5.652511e+02	2.816632e+00	4.222542e+01	415	4.958268e-03	0	
4.232717e+01	416	4.912624e+02	2.800579e+00	4.232717e+01	416	5.668466e-03	0	
4.242892e+01	417	5.027373e+02	8.171002e+00	4.242892e+01	417	1.599309e-02	0	
4.253066e+01	418	4.760573e+02	3.003306e+01	4.253066e+01	418	5.934328e-02	0	
4.263241e+01	419	5.006391e+02	2.681177e+00	4.263241e+01	419	5.326980e-03	0	
4.273416e+01	420	4.972548e+02	4.309194e+01	4.273416e+01	420	7.974868e-02	0	
4.283591e+01	421	5.072462e+02	2.481381e+00	4.283591e+01	421	4.868053e-03	0	
4.293766e+01	422	4.995559e+02	2.089793e+00	4.293766e+01	422	4.165874e-03	0	
4.303940e+01	423	4.492514e+02	2.797533e+01	4.303940e+01	423	5.862063e-02	0	
4.314115e+01	424	4.853202e+02	2.360508e+01	4.314115e+01	424	4.638221e-02	0	
4.324290e+01	425	4.591365e+02	2.856787e+01	4.324290e+01	425	5.857620e-02	0	
4.334465e+01	426	4.612475e+02	3.680795e+01	4.334465e+01	426	7.390332e-02	0	
4.344640e+01	427	4.669003e+02	2.686920e+01	4.344640e+01	427	5.441648e-02	0	
4.354814e+01	428	4.925446e+02	2.360045e+01	4.354814e+01	428	4.572445e-02	0	
4.364989e+01	429	4.854376e+02	4.026970e+01	4.364989e+01	429	7.660099e-02	0	
4.375164e+01	430	4.836028e+02	2.235978e+01	4.375164e+01	430	4.419256e-02	0	
4.385339e+01	431	4.712222e+02	4.030149e+00	4.385339e+01	431	8.480019e-03	0	
4.395514e+01	432	4.792027e+02	2.729544e+01	4.395514e+01	432	5.389050e-02	0	
4.405688e+01	433	5.034348e+02	-1.194813e+01	4.405688e+01	433	-2.431018e-02	0	
4.415863e+01	434	4.987091e+02	2.386898e+01	4.415863e+01	434	4.567543e-02	0	
4.426038e+01	435	4.968799e+02	-3.414030e+00	4.426038e+01	435	-6.918472e-03	0	
4.436213e+01	436	4.850688e+02	2.180895e+01	4.436213e+01	436	4.302606e-02	0	
4.446388e+01	437	4.958875e+02	4.093350e+00	4.446388e+01	437	8.187014e-03	0	
4.456562e+01	438	5.227172e+02	-6.908554e+00	4.456562e+01	438	-1.339364e-02	0	
4.466737e+01	439	5.150291e+02	-2.595761e+01	4.466737e+01	439	-5.307529e-02	0	
4.476912e+01	440	5.236016e+02	-3.628894e+01	4.476912e+01	440	-7.446747e-02	0	
4.487087e+01	441	4.778498e+02	2.469663e+01	4.487087e+01	441	4.914298e-02	0	
4.497262e+01	442	5.215485e+02	3.588570e+01	4.497262e+01	442	6.437657e-02	0	
4.507436e+01	443	4.993199e+02	-3.424030e+00	4.507436e+01	443	-6.904736e-03	0	
4.517611e+01	444	5.107111e+02	2.914318e+01	4.517611e+01	444	5.398342e-02	0	
4.527786e+01	445	5.366375e+02	2.220080e+01	4.527786e+01	445	3.972670e-02	0	
4.537961e+01	446	4.938447e+02	1.428229e+01	4.537961e+01	446	2.810772e-02	0	
4.548136e+01	447	4.600102e+02	2.830468e+01	4.548136e+01	447	5.796399e-02	0	
4.558310e+01	448	4.705422e+02	3.290265e+01	4.558310e+01	448	6.535502e-02	0	
4.568485e+01	449	4.363804e+02	3.804225e+01	4.568485e+01	449	8.018641e-02	0	
4.578660e+01	450	4.627737e+02	3.608790e+01	4.578660e+01	450	7.234050e-02	0	
4.588835e+01	451	4.935047e+02	3.276132e+01	4.588835e+01	451	6.225239e-02	0	
4.599010e+01	452	4.677923e+02	3.027026e+01	4.599010e+01	452	6.077602e-02	0	
4.609184e+01	453	5.024750e+02	-2.063725e+00	4.609184e+01	453	-4.124058e-03	0	
4.619359e+01	454	4.995071e+02	9.894567e+00	4.619359e+01	454	1.942390e-02	0	
4.629534e+01	455	4.979959e+02	1.178251e+01	4.629534e+01	455	2.311300e-02	0	
4.639709e+01	456	5.034243e+02	1.515258e+01	4.639709e+01	456	2.921954e-02	0	
4.649884e+01	457	5.018264e+02	2.009085e+01	4.649884e+01	457	3.849432e-02	0	
4.660058e+01	458	4.920862e+02	1.237418e+01	4.660058e+01	458	2.452954e-02	0	
4.670233e+01	459	5.167048e+02	5.404360e+00	4.670233e+01	459	1.035102e-02	0	
4.680408e+01	460	4.693683e+02	2.265940e+01	4.680408e+01	460	4.605310e-02	0	
4.690583e+01	461	4.863466e+02	9.700849e+00	4.690583e+01	461	1.955629e-02	0	
4.700758e+01	462	5.267367e+02	2.720030e+01	4.700758e+01	462	4.910360e-02	0	
4.710932e+01	463	4.992385e+02	8.260563e+00	4.710932e+01	463	1.627700e-02	0	
4.721107e+01	464	5.331910e+02	2.524330e+01	4.721107e+01	464	4.520371e-02	0	
4.731282e+01	465	5.228175e+02	2.161563e+01	4.731282e+01	465	3.970300e-02	0	
4.741457e+01	466	5.174419e+02	1.185035e+01	4.741457e+01	466	2.238905e-02	0	
4.751632e+01	467	5.323339e+02	5.034278e+00	4.751632e+01	467	9.368396e-03	0	
4.761806e+01	468	5.560405e+02	1.806973e+01	4.761806e+01	468	3.147432e-02	0	
4.771981e+01	469	5.174327e+02	1.782447e+01	4.771981e+01	469	3.330076e-02	0	
4.782156e+01	470	4.865397e+02	4.014235e+01	4.782156e+01	470	7.621743e-02	0	
4.792331e+01	471	4.444277e+02	7.667971e+01	4.792331e+01	471	1.471476e-01	0	
4.802506e+01	472	5.142506e+02	3.264769e+01	4.802506e+01	472	5.969609e-02	0	
4.812680e+01	473	5.048292e+02	1.380944e+01	4.812680e+01	473	2.662632e-02	0	
4.822855e+01	474	5.144294e+02	2.570493e+01	4.822855e+01	474	4.758988e-02	0	
4.833030e+01	475	5.271156e+02	2.657988e+01	4.833030e+01	475	4.800451e-02	0	
4.843205e+01	476	5.129137e+02	9.665826e+00	4.843205e+01	476	1.849637e-02	0	
4.853380e+01	477	5.076207e+02	5.142118e+00	4.853380e+01	477	1.002826e-02	0	
4.863554e+01	478	5.212705e+02	1.378197e+01	4.863554e+01	478	2.575817e-02	0	
4.873729e+01	479	1.295889e+02	3.538965e+02	4.873729e+01	479	7.319694e-01	7.000000e-01	
4.883904e+01	480	1.043386e+02	3.517898e+02	4.883904e+01	480	7.712517e-01	7.000000e-01	
4.894079e+01	481	1.397764e+02	3.399361e+02	4.894079e+01	481	7.086246e-01	7.000000e-01	
4.904254e+01	482	1.397850e+02	3.494295e+02	4.904254e+01	482	7.142664e-01	7.000000e-01	
4.914428e+01	483	1.007652e+02	3.533751e+02	4.914428e+01	483	7.781188e-01	7.000000e-01	
4.924603e+01	484	1.420210e+02	3.397131e+02	4.924603e+01	484	7.051880e-01	7.000000e-01	
4.934778e+01	485	1.234746e+02	3.388592e+02	4.934778e+01	485	7.329319e-01	7.000000e-01	
4.944953e+01	486	1.298573e+02	3.201106e+02	4.944953e+01	486	7.114076e-01	7.000000e-01	
4.955128e+01	487	1.252876e+02	3.563248e+02	4.955128e+01	487	7.398580e-01	7.000000e-01	
4.965302e+01	488	1.397986e+02	3.576321e+02	4.965302e+01	488	7.189586e-01	7.000000e-01	
4.975477e+01	489	1.505402e+02	3.592703e+02	4.975477e+01	489	7.047134e-01	7.000000e-01	
4.985652e+01	490	1.408738e+02	3.651087e+02	4.985652e+01	490	7.215837e-01	7.000000e-01	
4.995827e+01	491	1.315705e+02	3.708464e+02	4.995827e+01	491	7.381249e-01	7.000000e-01	
5.006002e+01	492	9.668781e+01	3.735598e+02	5.006002e+01	492	7.943896e-01	7.000000e-01	
5.016176e+01	493	1.056177e+02	3.591022e+02	5.016176e+01	493	7.727283e-01	7.000000e-01	
5.026351e+01	494	1.076749e+02	3.590454e+02	5.026351e+01	494	7.692946e-01	7.000000e-01	
5.036526e+01	495	1.029583e+02	3.606881e+02	5.036526e+01	495	7.779379e-01	7.000000e-01	
5.046701e+01	496	9.340088e+01	3.611090e+02	5.046701e+01	496	7.945020e-01	7.000000e-01	
5.056876e+01	497	7.753493e+01	3.502237e+02	5.056876e+01	497	8.187414e-01	7.000000e-01	
5.067050e+01	498	1.137422e+02	3.341884e+02	5.067050e+01	498	7.460718e-01	7.000000e-01	
5.077225e+01	499	1.044375e+02	3.655185e+02	5.077225e+01	499	7.777717e-01	7.000000e-01	
5.087400e+01	500	1.437611e+02	3.093799e+02	5.087400e+01	500	6.827453e-01	7.000000e-01	
5.097575e+01	501	1.481735e+02	3.284027e+02	5.097575e+01	501	6.890875e-01	7.000000e-01	
5.107750e+01	502	1.238794e+02	3.459167e+02	5.107750e+01	502	7.363124e-01	7.000000e-01	
5.117924e+01	503	1.363775e+02	2.979268e+02	5.117924e+01	503	6.859863e-01	7.000000e-01	
5.128099e+01	504	1.338319e+02	3.112259e+02	5.128099e+01	504	6.992932e-01	7.000000e-01	
5.138274e+01	505	1.306420e+02	3.399128e+02	5.138274e+01	505	7.223660e-01	7.000000e-01	
5.148449e+01	506	1.275001e+02	3.356683e+02	5.148449e+01	506	7.247219e-01	7.000000e-01	
5.158624e+01	507	1.284541e+02	3.226771e+02	5.158624e+01	507	7.152622e-01	7.000000e-01	
5.168798e+01	508	1.709840e+02	2.662120e+02	5.168798e+01	508	6.089077e-01	7.000000e-01	
5.178973e+01	509	1.236814e+02	3.408065e+02	5.178973e+01	509	7.337252e-01	7.000000e-01	
5.189148e+01	510	1.327713e+02	3.340205e+02	5.189148e+01	510	7.155663e-01	7.000000e-01	
5.199323e+01	511	1.356019e+02	3.049085e+02	5.199323e+01	511	6.921709e-01	7.000000e-01	
5.209498e+01	512	1.439642e+02	3.296144e+02	5.209498e+01	512	6.960078e-01	7.000000e-01	
5.219672e+01	513	1.276541e+02	3.297708e+02	5.219672e+01	513	7.209288e-01	7.000000e-01	
5.229847e+01	514	1.250977e+02	3.150286e+02	5.229847e+01	514	7.157686e-01	7.000000e-01	
5.240022e+01	515	1.068664e+02	3.332088e+02	5.240022e+01	515	7.571633e-01	7.000000e-01	
5.250197e+01	516	1.215732e+02	3.309544e+02	5.250197e+01	516	7.313463e-01	7.000000e-01	
5.260372e+01	517	1.349552e+02	3.379330e+02	5.260372e+01	517	7.146150e-01	7.000000e-01	
5.270546e+01	518	1.127847e+02	3.231659e+02	5.270546e+01	518	7.412902e-01	7.000000e-01	
5.280721e+01	519	1.164905e+02	3.280944e+02	5.280721e+01	519	7.379792e-01	7.000000e-01	
5.290896e+01	520	1.283401e+02	3.270092e+02	5.290896e+01	520	7.181502e-01	7.000000e-01	
5.301071e+01	521	1.072484e+02	3.254627e+02	5.301071e+01	521	7.521478e-01	7.000000e-01	
5.311246e+01	522	1.097412e+02	3.568664e+02	5.311246e+01	522	7.648105e-01	7.000000e-01	
5.321420e+01	523	1.169901e+02	3.251728e+02	5.321420e+01	523	7.354140e-01	7.000000e-01	
5.331595e+01	524	1.421886e+02	3.282695e+02	5.331595e+01	524	6.977656e-01	7.000000e-01	
5.341770e+01	525	1.191201e+02	3.341995e+02	5.341770e+01	525	7.372271e-01	7.000000e-01	
5.351945e+01	526	1.330672e+02	3.826203e+02	5.351945e+01	526	7.419616e-01	7.000000e-01	
5.362120e+01	527	1.374302e+02	3.515992e+02	5.362120e+01	527	7.189735e-01	7.000000e-01	
5.372294e+01	528	1.306753e+02	3.501521e+02	5.372294e+01	528	7.282283e-01	7.000000e-01	
5.382469e+01	529	1.363468e+02	3.271427e+02	5.382469e+01	529	7.058255e-01	7.000000e-01	
5.392644e+01	530	1.179453e+02	2.754510e+02	5.392644e+01	530	7.001871e-01	7.000000e-01	
5.402819e+01	531	1.063272e+02	2.904381e+02	5.402819e+01	531	7.320149e-01	7.000000e-01	
5.412994e+01	532	1.145200e+02	2.571130e+02	5.412994e+01	532	6.918465e-01	7.000000e-01	
5.423168e+01	533	1.247926e+02	2.946550e+02	5.423168e+01	533	7.024835e-01	7.000000e-01	
5.433343e+01	534	1.077860e+02	2.874394e+02	5.433343e+01	534	7.272797e-01	7.000000e-01	
5.443518e+01	535	1.292863e+02	3.689502e+02	5.443518e+01	535	7.405122e-01	7.000000e-01	
5.453693e+01	536	1.328799e+02	3.562042e+02	5.453693e+01	536	7.283087e-01	7.000000e-01	
5.463868e+01	537	1.281422e+02	3.318661e+02	5.463868e+01	537	7.214350e-01	7.000000e-01	
5.474042e+01	538	1.298978e+02	3.090460e+02	5.474042e+01	538	7.040674e-01	7.000000e-01	
5.484217e+01	539	1.419841e+02	3.375565e+02	5.484217e+01	539	7.039164e-01	7.000000e-01	
5.494392e+01	540	1.410822e+02	3.312473e+02	5.494392e+01	540	7.013056e-01	7.000000e-01	
5.504567e+01	541	1.228702e+02	3.784619e+02	5.504567e+01	541	7.549126e-01	7.000000e-01	
5.514742e+01	542	1.465130e+02	3.393040e+02	5.514742e+01	542	6.984194e-01	7.000000e-01	
5.524916e+01	543	1.271833e+02	3.528035e+02	5.524916e+01	543	7.350275e-01	7.000000e-01	
5.535091e+01	544	1.423955e+02	3.329049e+02	5.535091e+01	544	7.004095e-01	7.000000e-01	
5.545266e+01	545	1.497592e+02	3.294084e+02	5.545266e+01	545	6.874597e-01	7.000000e-01	
5.555441e+01	546	1.376490e+02	3.624941e+02	5.555441e+01	546	7.247808e-01	7.000000e-01	
5.565616e+01	547	1.327013e+02	3.663652e+02	5.565616e+01	547	7.341010e-01	7.000000e-01	
5.575790e+01	548	1.581344e+02	3.384520e+02	5.575790e+01	548	6.815571e-01	7.000000e-01	
5.585965e+01	549	1.411863e+02	3.460698e+02	5.585965e+01	549	7.102421e-01	7.000000e-01	
5.596140e+01	550	1.325911e+02	3.659374e+02	5.596140e+01	550	7.340351e-01	7.000000e-01	
5.606315e+01	551	1.535669e+02	3.263919e+02	5.606315e+01	551	6.800415e-01	7.000000e-01	
5.616490e+01	552	1.459909e+02	3.491254e+02	5.616490e+01	552	7.051382e-01	7.000000e-01	
5.626664e+01	553	1.433604e+02	3.346371e+02	5.626664e+01	553	7.000813e-01	7.000000e-01	
5.636839e+01	554	1.322907e+02	3.564127e+02	5.636839e+01	554	7.293027e-01	7.000000e-01	
5.647014e+01	555	1.319246e+02	3.516289e+02	5.647014e+01	555	7.271768e-01	7.000000e-01	
5.657189e+01	556	1.332908e+02	3.561494e+02	5.657189e+01	556	7.276668e-01	7.000000e-01	
5.667364e+01	557	1.383058e+02	3.607210e+02	5.667364e+01	557	7.228490e-01	7.000000e-01	
5.677538e+01	558	1.154173e+02	3.373853e+02	5.677538e+01	558	7.451046e-01	7.000000e-01	
5.687713e+01	559	1.167284e+02	3.531619e+02	5.687713e+01	559	7.515837e-01	7.000000e-01	
5.697888e+01	560	1.501056e+02	3.569134e+02	5.697888e+01	560	7.039448e-01	7.000000e-01	
5.708063e+01	561	1.319788e+02	3.492064e+02	5.708063e+01	561	7.257214e-01	7.000000e-01	
5.718238e+01	562	1.321955e+02	3.590169e+02	5.718238e+01	562	7.308791e-01	7.000000e-01	
5.728412e+01	563	1.301536e+02	3.594155e+02	5.728412e+01	563	7.341466e-01	7.000000e-01	
5.738587e+01	564	1.360249e+02	3.522333e+02	5.738587e+01	564	7.214079e-01	7.000000e-01	
5.748762e+01	565	1.256952e+02	3.242768e+02	5.748762e+01	565	7.206600e-01	7.000000e-01	
5.758937e+01	566	1.236541e+02	3.212850e+02	5.758937e+01	566	7.220876e-01	7.000000e-01	
5.769112e+01	567	1.292519e+02	3.399669e+02	5.769112e+01	567	7.245381e-01	7.000000e-01	
5.779286e+01	568	1.202214e+02	3.484339e+02	5.779286e+01	568	7.434759e-01	7.000000e-01	
5.789461e+01	569	1.287743e+02	3.557163e+02	5.789461e+01	569	7.342068e-01	7.000000e-01	
5.799636e+01	570	1.344162e+02	3.326907e+02	5.799636e+01	570	7.122367e-01	7.000000e-01	
5.809811e+01	571	1.209958e+02	2.977222e+02	5.809811e+01	571	7.110327e-01	7.000000e-01	
5.819986e+01	572	1.121920e+02	3.353932e+02	5.819986e+01	572	7.493393e-01	7.000000e-01	
5.830160e+01	573	1.334109e+02	3.250327e+02	5.830160e+01	573	7.089917e-01	7.000000e-01	
5.840335e+01	574	1.359291e+02	3.111755e+02	5.840335e+01	574	6.959792e-01	7.000000e-01	
5.850510e+01	575	1.310084e+02	3.400068e+02	5.850510e+01	575	7.218595e-01	7.000000e-01	
5.860685e+01	576	1.271710e+02	3.152565e+02	5.860685e+01	576	7.125608e-01	7.000000e-01	
5.870860e+01	577	1.131397e+02	3.017902e+02	5.870860e+01	577	7.273282e-01	7.000000e-01	
5.881034e+01	578	1.301306e+02	3.260702e+02	5.881034e+01	578	7.147515e-01	7.000000e-01	
5.891209e+01	579	1.348218e+02	3.364014e+02	5.891209e+01	579	7.138897e-01	7.000000e-01	
5.901384e+01	580	1.205943e+02	3.372579e+02	5.901384e+01	580	7.366087e-01	7.000000e-01	
5.911559e+01	581	1.262562e+02	3.233263e+02	5.911559e+01	581	7.191701e-01	7.000000e-01	
5.921734e+01	582	1.347102e+02	3.095952e+02	5.921734e+01	582	6.968072e-01	7.000000e-01	
5.931908e+01	583	1.400026e+02	3.237173e+02	5.931908e+01	583	6.980880e-01	7.000000e-01	
5.942083e+01	584	1.158577e+02	3.245846e+02	5.942083e+01	584	7.369515e-01	7.000000e-01	
5.952258e+01	585	1.265696e+02	3.314593e+02	5.952258e+01	585	7.236646e-01	7.000000e-01	
5.962433e+01	586	1.042481e+02	3.390444e+02	5.962433e+01	586	7.648322e-01	7.000000e-01	
5.972608e+01	587	1.267560e+02	3.410109e+02	5.972608e+01	587	7.290189e-01	7.000000e-01	
5.982782e+01	588	1.329043e+02	3.343840e+02	5.982782e+01	588	7.155839e-01	7.000000e-01	
5.992957e+01	589	1.382388e+02	3.334619e+02	5.992957e+01	589	7.069354e-01	7.000000e-01	
6.003132e+01	590	1.208297e+02	3.466442e+02	6.003132e+01	590	7.415263e-01	7.000000e-01	
6.013307e+01	591	1.379902e+02	3.398641e+02	6.013307e+01	591	7.112296e-01	7.000000e-01	
6.023482e+01	592	1.240494e+02	3.291310e+02	6.023482e+01	592	7.262693e-01	7.000000e-01	
6.033656e+01	593	1.400709e+02	3.383331e+02	6.033656e+01	593	7.072121e-01	7.000000e-01	
6.043831e+01	594	1.321804e+02	3.212022e+02	6.043831e+01	594	7.084573e-01	7.000000e-01	
6.054006e+01	595	1.441786e+02	3.370040e+02	6.054006e+01	595	7.003661e-01	7.000000e-01	
6.064181e+01	596	1.580457e+02	3.408149e+02	6.064181e+01	596	6.831866e-01	7.000000e-01	
6.074356e+01	597	1.436203e+02	3.374831e+02	6.074356e+01	597	7.014773e-01	7.000000e-01	
6.084530e+01	598	1.573108e+02	3.559338e+02	6.084530e+01	598	6.934974e-01	7.000000e-01	
6.094705e+01	599	1.680681e+02	3.291693e+02	6.094705e+01	599	6.619963e-01	7.000000e-01	
6.104880e+01	600	1.277704e+02	3.339246e+02	6.104880e+01	600	7.232580e-01	7.000000e-01	
6.115055e+01	601	1.241292e+02	3.187472e+02	6.115055e+01	601	7.197204e-01	7.000000e-01	
6.125230e+01	602	1.196219e+02	3.431969e+02	6.125230e+01	602	7.415362e-01	7.000000e-01	
6.135404e+01	603	1.459072e+02	3.390337e+02	6.135404e+01	603	6.991237e-01	7.000000e-01	
6.145579e+01	604	1.258198e+02	3.157620e+02	6.145579e+01	604	7.150702e-01	7.000000e-01	
6.155754e+01	605	1.055335e+02	2.712504e+02	6.155754e+01	605	7.199097e-01	7.000000e-01	
6.165929e+01	606	1.221559e+02	4.329112e+02	6.165929e+01	606	7.799259e-01	7.000000e-01	
6.176104e+01	607	1.336855e+02	3.942092e+02	6.176104e+01	607	7.467573e-01	7.000000e-01	
6.186278e+01	608	1.267816e+02	3.615755e+02	6.186278e+01	608	7.403916e-01	7.000000e-01	
6.196453e+01	609	1.399221e+02	3.678721e+02	6.196453e+01	609	7.244512e-01	7.000000e-01	
6.206628e+01	610	1.184651e+02	4.425579e+02	6.206628e+01	610	7.888409e-01	7.000000e-01	
6.216803e+01	611	1.428951e+02	3.903715e+02	6.216803e+01	611	7.320382e-01	7.000000e-01	
6.226978e+01	612	1.324332e+02	3.726454e+02	6.226978e+01	612	7.377968e-01	7.000000e-01	
6.237152e+01	613	1.431058e+02	3.558215e+02	6.237152e+01	613	7.131730e-01	7.000000e-01	
6.247327e+01	614	1.292169e+02	3.721199e+02	6.247327e+01	614	7.422553e-01	7.000000e-01	
6.257502e+01	615	1.253333e+02	3.545612e+02	6.257502e+01	615	7.388316e-01	7.000000e-01	
6.267677e+01	616	1.361097e+02	3.707918e+02	6.267677e+01	616	7.314869e-01	7.000000e-01	
6.277852e+01	617	1.178972e+02	3.668884e+02	6.277852e+01	617	7.568055e-01	7.000000e-01	
6.288026e+01	618	1.536070e+02	4.247062e+02	6.288026e+01	618	7.343879e-01	7.000000e-01	
6.298201e+01	619	1.302332e+02	4.168257e+02	6.298201e+01	619	7.619393e-01	7.000000e-01	
6.308376e+01	620	1.283837e+02	3.861727e+02	6.308376e+01	620	7.504963e-01	7.000000e-01	
6.318551e+01	621	1.166766e+02	3.982775e+02	6.318551e+01	621	7.734233e-01	7.000000e-01	
6.328726e+01	622	1.282134e+02	4.021232e+02	6.328726e+01	622	7.582415e-01	7.000000e-01	
6.338900e+01	623	1.382938e+02	4.400819e+02	6.338900e+01	623	7.608928e-01	7.000000e-01	
6.349075e+01	624	1.062868e+02	3.867567e+02	6.349075e+01	624	7.844271e-01	7.000000e-01	
6.359250e+01	625	1.338679e+02	4.153888e+02	6.359250e+01	625	7.562744e-01	7.000000e-01	
6.369425e+01	626	1.297125e+02	4.206824e+02	6.369425e+01	626	7.643283e-01	7.000000e-01	
6.379600e+01	627	1.350749e+02	4.277771e+02	6.379600e+01	627	7.600170e-01	7.000000e-01	
6.389774e+01	628	1.338107e+02	4.143780e+02	6.389774e+01	628	7.559039e-01	7.000000e-01	
6.399949e+01	629	1.313765e+02	4.222892e+02	6.399949e+01	629	7.627151e-01	7.000000e-01	
6.410124e+01	630	1.372725e+02	4.138725e+02	6.410124e+01	630	7.509322e-01	7.000000e-01	
6.420299e+01	631	1.390161e+02	4.788935e+02	6.420299e+01	631	7.750219e-01	7.000000e-01	
6.430474e+01	632	1.208587e+02	4.002155e+02	6.430474e+01	632	7.680586e-01	7.000000e-01	
6.440648e+01	633	1.390761e+02	4.345916e+02	6.440648e+01	633	7.575668e-01	7.000000e-01	
6.450823e+01	634	1.201255e+02	3.688736e+02	6.450823e+01	634	7.543441e-01	7.000000e-01	
6.460998e+01	635	1.277529e+02	4.069280e+02	6.460998e+01	635	7.610670e-01	7.000000e-01	
6.471173e+01	636	1.175179e+02	4.168383e+02	6.471173e+01	636	7.800757e-01	7.000000e-01	
6.481348e+01	637	1.322066e+02	4.206820e+02	6.481348e+01	637	7.608802e-01	7.000000e-01	
6.491522e+01	638	1.123978e+02	3.835631e+02	6.491522e+01	638	7.733737e-01	7.000000e-01	
6.501697e+01	639	1.228609e+02	3.911582e+02	6.501697e+01	639	7.609799e-01	7.000000e-01	
6.511872e+01	640	1.026226e+02	3.426168e+02	6.511872e+01	640	7.695114e-01	7.000000e-01	
6.522047e+01	641	1.193419e+02	3.881322e+02	6.522047e+01	641	7.648315e-01	7.000000e-01	
6.532222e+01	642	1.142993e+02	3.882461e+02	6.532222e+01	642	7.725593e-01	7.000000e-01	
6.542396e+01	643	1.026885e+02	3.479260e+02	6.542396e+01	643	7.721145e-01	7.000000e-01	
6.552571e+01	644	1.098076e+02	4.155796e+02	6.552571e+01	644	7.909968e-01	7.000000e-01	
6.562746e+01	645	1.134197e+02	3.733943e+02	6.562746e+01	645	7.670164e-01	7.000000e-01	
6.572921e+01	646	1.381229e+02	4.137581e+02	6.572921e+01	646	7.497234e-01	7.000000e-01	
6.583096e+01	647	1.359585e+02	4.233263e+02	6.583096e+01	647	7.569065e-01	7.000000e-01	
6.593270e+01	648	1.221460e+02	4.074560e+02	6.593270e+01	648	7.693627e-01	7.000000e-01	
6.603445e+01	649	1.300973e+02	4.259015e+02	6.603445e+01	649	7.660115e-01	7.000000e-01	
6.613620e+01	650	1.379214e+02	4.134432e+02	6.613620e+01	650	7.498545e-01	7.000000e-01	
6.623795e+01	651	1.342091e+02	4.146306e+02	6.623795e+01	651	7.554676e-01	7.000000e-01	
6.633970e+01	652	1.270745e+02	4.170098e+02	6.633970e+01	652	7.664434e-01	7.000000e-01	
6.644144e+01	653	1.373422e+02	4.230669e+02	6.644144e+01	653	7.549251e-01	7.000000e-01	
6.654319e+01	654	1.451366e+02	3.865953e+02	6.654319e+01	654	7.270493e-01	7.000000e-01	
6.664494e+01	655	1.479223e+02	4.108473e+02	6.664494e+01	655	7.352714e-01	7.000000e-01	
6.674669e+01	656	1.748259e+02	3.846416e+02	6.674669e+01	656	6.875138e-01	7.000000e-01	
6.684844e+01	657	1.809125e+02	3.659757e+02	6.684844e+01	657	6.691966e-01	7.000000e-01	
6.695018e+01	658	1.548103e+02	4.171116e+02	6.695018e+01	658	7.293157e-01	7.000000e-01	
6.705193e+01	659	1.838960e+02	3.684750e+02	6.705193e+01	659	6.670788e-01	7.000000e-01	
6.715368e+01	660	1.083701e+02	3.584093e+02	6.715368e+01	660	7.678344e-01	7.000000e-01	
6.725543e+01	661	1.186236e+02	3.678515e+02	6.725543e+01	661	7.561569e-01	7.000000e-01	
6.735718e+01	662	1.021884e+02	3.939186e+02	6.735718e+01	662	7.940194e-01	7.000000e-01	
6.745892e+01	663	1.141056e+02	3.855926e+02	6.745892e+01	663	7.716510e-01	7.000000e-01	
6.756067e+01	664	1.252053e+02	3.859137e+02	6.756067e+01	664	7.550369e-01	7.000000e-01	
6.766242e+01	665	1.074540e+02	3.588078e+02	6.766242e+01	665	7.695415e-01	7.000000e-01	
6.776417e+01	666	1.062664e+02	3.966954e+02	6.776417e+01	666	7.887187e-01	7.000000e-01	
6.786592e+01	667	1.237303e+02	3.981680e+02	6.786592e+01	667	7.629226e-01	7.000000e-01	
6.796766e+01	668	1.202686e+02	3.937843e+02	6.796766e+01	668	7.660385e-01	7.000000e-01	
6.806941e+01	669	1.319335e+02	3.786871e+02	6.806941e+01	669	7.416213e-01	7.000000e-01	
6.817116e+01	670	1.370426e+02	3.808181e+02	6.817116e+01	670	7.353678e-01	7.000000e-01	
6.827291e+01	671	1.257511e+02	4.123645e+02	6.827291e+01	671	7.663121e-01	7.000000e-01	
6.837466e+01	672	1.354542e+02	3.840143e+02	6.837466e+01	672	7.392446e-01	7.000000e-01	
6.847640e+01	673	1.235170e+02	3.610251e+02	6.847640e+01	673	7.450851e-01	7.000000e-01	
6.857815e+01	674	1.281212e+02	3.806657e+02	6.857815e+01	674	7.481830e-01	7.000000e-01	
6.867990e+01	675	1.289110e+02	4.091218e+02	6.867990e+01	675	7.604031e-01	7.000000e-01	
6.878165e+01	676	1.339376e+02	3.819695e+02	6.878165e+01	676	7.403843e-01	7.000000e-01	
6.888340e+01	677	1.478113e+02	4.079536e+02	6.888340e+01	677	7.340399e-01	7.000000e-01	
6.898514e+01	678	1.415891e+02	3.776307e+02	6.898514e+01	678	7.273041e-01	7.000000e-01	
6.908689e+01	679	1.252809e+02	4.414563e+02	6.908689e+01	679	7.789436e-01	7.000000e-01	
6.918864e+01	680	1.268089e+02	4.468518e+02	6.918864e+01	680	7.789479e-01	7.000000e-01	
6.929039e+01	681	1.406072e+02	3.953310e+02	6.929039e+01	681	7.376429e-01	7.000000e-01	
6.939214e+01	682	1.217974e+02	4.659957e+02	6.939214e+01	682	7.927887e-01	7.000000e-01	
6.949388e+01	683	1.105203e+02	4.743017e+02	6.949388e+01	683	8.110189e-01	7.000000e-01	
6.959563e+01	684	1.251810e+02	4.250724e+02	6.959563e+01	684	7.725030e-01	7.000000e-01	
6.969738e+01	685	1.196510e+02	4.631083e+02	6.969738e+01	685	7.946820e-01	7.000000e-01	
6.979913e+01	686	1.387387e+02	3.971100e+02	6.979913e+01	686	7.410861e-01	7.000000e-01	
6.990088e+01	687	1.211694e+02	4.367273e+02	6.990088e+01	687	7.828103e-01	7.000000e-01	
7.000262e+01	688	1.262986e+02	4.389304e+02	7.000262e+01	688	7.765532e-01	7.000000e-01	
7.010437e+01	689	1.275232e+02	3.763839e+02	7.010437e+01	689	7.469311e-01	7.000000e-01	
7.020612e+01	690	1.352414e+02	3.840631e+02	7.020612e+01	690	7.395721e-01	7.000000e-01	
7.030787e+01	691	1.385758e+02	3.892661e+02	7.030787e+01	691	7.374672e-01	7.000000e-01	
7.040962e+01	692	1.059257e+02	3.637581e+02	7.040962e+01	692	7.744744e-01	7.000000e-01	
7.051136e+01	693	1.283655e+02	4.290434e+02	7.051136e+01	693	7.697104e-01	7.000000e-01	
7.061311e+01	694	1.403440e+02	3.802020e+02	7.061311e+01	694	7.303908e-01	7.000000e-01	
7.071486e+01	695	1.288818e+02	3.603417e+02	7.071486e+01	695	7.365584e-01	7.000000e-01	
7.081661e+01	696	1.471748e+02	3.417968e+02	7.081661e+01	696	6.990116e-01	7.000000e-01	
7.091836e+01	697	1.271730e+02	3.820572e+02	7.091836e+01	697	7.502642e-01	7.000000e-01	
7.102010e+01	698	1.624609e+02	3.534893e+02	7.102010e+01	698	6.851229e-01	7.000000e-01	
7.112185e+01	699	1.391994e+02	3.800535e+02	7.112185e+01	699	7.319237e-01	7.000000e-01	
7.122360e+01	700	1.408339e+02	3.598711e+02	7.122360e+01	700	7.187288e-01	7.000000e-01	
7.132535e+01	701	1.382363e+02	3.781635e+02	7.132535e+01	701	7.323076e-01	7.000000e-01	
7.142710e+01	702	1.307326e+02	4.106941e+02	7.142710e+01	702	7.585405e-01	7.000000e-01	
7.152884e+01	703	1.107678e+02	4.277446e+02	7.152884e+01	703	7.943078e-01	7.000000e-01	
7.163059e+01	704	1.144813e+02	3.939819e+02	7.163059e+01	704	7.748484e-01	7.000000e-01	
7.173234e+01	705	1.228879e+02	4.212884e+02	7.173234e+01	705	7.741763e-01	7.000000e-01	
7.183409e+01	706	1.360475e+02	4.368034e+02	7.183409e+01	706	7.625080e-01	7.000000e-01	
7.193584e+01	707	1.226291e+02	3.963753e+02	7.193584e+01	707	7.637224e-01	7.000000e-01	
7.203758e+01	708	1.305571e+02	3.883998e+02	7.203758e+01	708	7.484240e-01	7.000000e-01	
7.213933e+01	709	1.074560e+02	4.089030e+02	7.213933e+01	709	7.918967e-01	7.000000e-01	
7.224108e+01	710	1.386991e+02	3.570538e+02	7.224108e+01	710	7.202253e-01	7.000000e-01	
7.234283e+01	711	1.419333e+02	3.865006e+02	7.234283e+01	711	7.314077e-01	7.000000e-01	
7.244458e+01	712	1.187682e+02	3.812767e+02	7.244458e+01	712	7.624849e-01	7.000000e-01	
7.254632e+01	713	1.403028e+02	3.936812e+02	7.254632e+01	713	7.372528e-01	7.000000e-01	
7.264807e+01	714	1.346333e+02	3.901935e+02	7.264807e+01	714	7.434710e-01	7.000000e-01	
7.274982e+01	715	1.388177e+02	3.613384e+02	7.274982e+01	715	7.224513e-01	7.000000e-01	
7.285157e+01	716	1.279948e+02	3.908049e+02	7.285157e+01	716	7.532867e-01	7.000000e-01	
7.295332e+01	717	1.293281e+02	4.107450e+02	7.295332e+01	717	7.605359e-01	7.000000e-01	
7.305506e+01	718	1.265671e+02	3.765968e+02	7.305506e+01	718	7.484575e-01	7.000000e-01	
7.315681e+01	719	1.470642e+02	3.762459e+02	7.315681e+01	719	7.189731e-01	7.000000e-01	
7.325856e+01	720	1.364912e+02	3.672764e+02	7.325856e+01	720	7.290592e-01	7.000000e-01	
7.336031e+01	721	1.356033e+02	3.884829e+02	7.336031e+01	721	7.412576e-01	7.000000e-01	
7.346206e+01	722	1.343280e+02	3.914239e+02	7.346206e+01	722	7.445031e-01	7.000000e-01	
7.356380e+01	723	1.470835e+02	4.033594e+02	7.356380e+01	723	7.327906e-01	7.000000e-01	
7.366555e+01	724	1.348102e+02	3.854799e+02	7.366555e+01	724	7.408942e-01	7.000000e-01	
7.376730e+01	725	1.264653e+02	3.431489e+02	7.376730e+01	725	7.307038e-01	7.000000e-01	
7.386905e+01	726	1.311249e+02	3.858836e+02	7.386905e+01	726	7.463777e-01	7.000000e-01	
7.397080e+01	727	1.327178e+02	3.600405e+02	7.397080e+01	727	7.306635e-01	7.000000e-01	
7.407254e+01	728	1.345452e+02	3.662947e+02	7.407254e+01	728	7.313609e-01	7.000000e-01	
7.417429e+01	729	1.309793e+02	3.564282e+02	7.417429e+01	729	7.312735e-01	7.000000e-01	
7.427604e+01	730	1.325997e+02	3.536825e+02	7.427604e+01	730	7.273194e-01	7.000000e-01	
7.437779e+01	731	1.497060e+02	3.672586e+02	7.437779e+01	731	7.104134e-01	7.000000e-01	
7.447954e+01	732	1.375436e+02	3.748605e+02	7.447954e+01	732	7.315720e-01	7.000000e-01	
7.458128e+01	733	1.292519e+02	3.682803e+02	7.458128e+01	733	7.402140e-01	7.000000e-01	
7.468303e+01	734	1.189353e+02	3.262327e+02	7.468303e+01	734	7.328305e-01	7.000000e-01	
7.478478e+01	735	1.388436e+02	3.023851e+02	7.478478e+01	735	6.853251e-01	7.000000e-01	
7.488653e+01	736	1.277319e+02	3.433611e+02	7.488653e+01	736	7.288605e-01	7.000000e-01	
7.498828e+01	737	1.438386e+02	3.109557e+02	7.498828e+01	737	6.837282e-01	7.000000e-01	
7.509002e+01	738	1.435246e+02	3.022807e+02	7.509002e+01	738	6.780554e-01	7.000000e-01	
7.519177e+01	739	1.427406e+02	3.690934e+02	7.519177e+01	739	7.211193e-01	7.000000e-01	
7.529352e+01	740	1.382816e+02	3.591433e+02	7.529352e+01	740	7.220051e-01	7.000000e-01	
7.539527e+01	741	1.300026e+02	3.408162e+02	7.539527e+01	741	7.238798e-01	7.000000e-01	
7.549702e+01	742	1.375400e+02	3.457706e+02	7.549702e+01	742	7.154211e-01	7.000000e-01	
7.559876e+01	743	1.180332e+02	3.787798e+02	7.559876e+01	743	7.624193e-01	7.000000e-01	
7.570051e+01	744	1.281390e+02	3.452704e+02	7.570051e+01	744	7.293273e-01	7.000000e-01	
7.580226e+01	745	1.322408e+02	3.511204e+02	7.580226e+01	745	7.264141e-01	7.000000e-01	
7.590401e+01	746	1.265814e+02	3.575042e+02	7.590401e+01	746	7.385144e-01	7.000000e-01	
7.600576e+01	747	1.343714e+02	3.733920e+02	7.600576e+01	747	7.353661e-01	7.000000e-01	
7.610750e+01	748	1.370803e+02	3.679968e+02	7.610750e+01	748	7.285953e-01	7.000000e-01	
7.620925e+01	749	1.365192e+02	3.533225e+02	7.620925e+01	749	7.212994e-01	7.000000e-01	
7.631100e+01	750	1.410535e+02	3.140472e+02	7.631100e+01	750	6.900609e-01	7.000000e-01	
7.641275e+01	751	1.430292e+02	3.868989e+02	7.641275e+01	751	7.300970e-01	7.000000e-01	
7.651450e+01	752	1.307016e+02	3.419888e+02	7.651450e+01	752	7.234943e-01	7.000000e-01	
7.661624e+01	753	1.349718e+02	3.379669e+02	7.661624e+01	753	7.146104e-01	7.000000e-01	
7.671799e+01	754	1.395377e+02	3.693282e+02	7.671799e+01	754	7.257869e-01	7.000000e-01	
7.681974e+01	755	1.389464e+02	3.685906e+02	7.681974e+01	755	7.262339e-01	7.000000e-01	
7.692149e+01	756	1.653360e+02	4.017953e+02	7.692149e+01	756	7.084696e-01	7.000000e-01	
7.702324e+01	757	1.462582e+02	3.747048e+02	7.702324e+01	757	7.192542e-01	7.000000e-01	
7.712498e+01	758	1.427904e+02	3.851588e+02	7.712498e+01	758	7.295376e-01	7.000000e-01	
7.722673e+01	759	1.251145e+02	3.403461e+02	7.722673e+01	759	7.312028e-01	7.000000e-01	
7.732848e+01	760	1.475184e+02	3.881616e+02	7.732848e+01	760	7.246147e-01	7.000000e-01	
7.743023e+01	761	1.676994e+02	3.214814e+02	7.743023e+01	761	6.571832e-01	7.000000e-01	
7.753198e+01	762	1.466448e+02	3.300171e+02	7.753198e+01	762	6.923505e-01	7.000000e-01	
7.763372e+01	763	1.464845e+02	3.222047e+02	7.763372e+01	763	6.874592e-01	7.000000e-01	
7.773547e+01	764	1.022975e+02	3.593244e+02	7.773547e+01	764	7.783955e-01	7.000000e-01	
7.783722e+01	765	1.076256e+02	3.705435e+02	7.783722e+01	765	7.749215e-01	7.000000e-01	
7.793897e+01	766	9.599038e+01	3.568925e+02	7.793897e+01	766	7.880459e-01	7.000000e-01	
7.804072e+01	767	1.069802e+02	3.658960e+02	7.804072e+01	767	7.737670e-01	7.000000e-01	
7.814246e+01	768	1.069490e+02	3.723423e+02	7.814246e+01	768	7.768601e-01	7.000000e-01	
7.824421e+01	769	1.101693e+02	3.949982e+02	7.824421e+01	769	7.819153e-01	7.000000e-01	
7.834596e+01	770	1.010374e+02	3.601487e+02	7.834596e+01	770	7.809184e-01	7.000000e-01	
7.844771e+01	771	9.672424e+01	3.582719e+02	7.844771e+01	771	7.874174e-01	7.000000e-01	
7.854946e+01	772	1.215457e+02	3.741412e+02	7.854946e+01	772	7.547934e-01	7.000000e-01	
7.865120e+01	773	1.164796e+02	3.727372e+02	7.865120e+01	773	7.619060e-01	7.000000e-01	
7.875295e+01	774	1.186051e+02	3.822330e+02	7.875295e+01	774	7.631867e-01	7.000000e-01	
7.885470e+01	775	1.100266e+02	3.721078e+02	7.885470e+01	775	7.717927e-01	7.000000e-01	
7.895645e+01	776	1.090431e+02	3.746447e+02	7.895645e+01	776	7.745589e-01	7.000000e-01	
7.905820e+01	777	1.170759e+02	3.350863e+02	7.905820e+01	777	7.410754e-01	7.000000e-01	
7.915994e+01	778	1.245756e+02	3.774812e+02	7.915994e+01	778	7.518695e-01	7.000000e-01	
7.926169e+01	779	1.175655e+02	3.808261e+02	7.926169e+01	779	7.641102e-01	7.000000e-01	
7.936344e+01	780	1.383549e+02	3.558244e+02	7.936344e+01	780	7.200310e-01	7.000000e-01	
7.946519e+01	781	1.344159e+02	3.612269e+02	7.946519e+01	781	7.288049e-01	7.000000e-01	
7.956694e+01	782	1.206358e+02	3.616145e+02	7.956694e+01	782	7.498482e-01	7.000000e-01	
7.966868e+01	783	1.158764e+02	3.369069e+02	7.966868e+01	783	7.440798e-01	7.000000e-01	
7.977043e+01	784	1.263183e+02	3.320012e+02	7.977043e+01	784	7.243881e-01	7.000000e-01	
7.987218e+01	785	1.166766e+02	3.337651e+02	7.987218e+01	785	7.409729e-01	7.000000e-01	
7.997393e+01	786	1.155823e+02	3.312830e+02	7.997393e+01	786	7.413487e-01	7.000000e-01	
8.007568e+01	787	1.217372e+02	3.376545e+02	8.007568e+01	787	7.350035e-01	7.000000e-01	
8.017742e+01	788	1.201032e+02	3.740685e+02	8.017742e+01	788	7.569606e-01	7.000000e-01	
8.027917e+01	789	1.253562e+02	3.725332e+02	8.027917e+01	789	7.482248e-01	7.000000e-01	
8.038092e+01	790	1.234628e+02	3.495049e+02	8.038092e+01	790	7.389615e-01	7.000000e-01	
8.048267e+01	791	1.368217e+02	3.664451e+02	8.048267e+01	791	7.281329e-01	7.000000e-01	
8.058442e+01	792	1.373727e+02	3.941175e+02	8.058442e+01	792	7.415330e-01	7.000000e-01	
8.068616e+01	793	1.111865e+02	4.073283e+02	8.068616e+01	793	7.855674e-01	7.000000e-01	
8.078791e+01	794	1.509174e+02	3.241655e+02	8.078791e+01	794	6.823346e-01	7.000000e-01	
8.088966e+01	795	1.360031e+02	3.245673e+02	8.088966e+01	795	7.047072e-01	7.000000e-01	
8.099141e+01	796	1.545502e+02	3.616726e+02	8.099141e+01	796	7.006134e-01	7.000000e-01	
8.109316e+01	797	1.452119e+02	3.233708e+02	8.109316e+01	797	6.901040e-01	7.000000e-01	
8.119490e+01	798	1.321470e+02	3.310074e+02	8.119490e+01	798	7.146805e-01	7.000000e-01	
8.129665e+01	799	1.271612e+02	3.314572e+02	8.129665e+01	799	7.227298e-01	7.000000e-01	
8.139840e+01	800	1.399528e+02	3.708556e+02	8.139840e+01	800	7.260170e-01	7.000000e-01	
8.150015e+01	801	1.448476e+02	3.452968e+02	8.150015e+01	801	7.044797e-01	7.000000e-01	
8.160190e+01	802	1.443291e+02	3.399025e+02	8.160190e+01	802	7.019420e-01	7.000000e-01	
8.170364e+01	803	1.528240e+02	3.468116e+02	8.170364e+01	803	6.941291e-01	7.000000e-01	
8.180539e+01	804	1.530939e+02	3.592220e+02	8.180539e+01	804	7.011729e-01	7.000000e-01	
8.190714e+01	805	1.539073e+02	3.383712e+02	8.190714e+01	805	6.873573e-01	7.000000e-01	
8.200889e+01	806	1.391540e+02	3.324751e+02	8.200889e+01	806	7.049504e-01	7.000000e-01	
8.211064e+01	807	1.410159e+02	3.658621e+02	8.211064e+01	807	7.217952e-01	7.000000e-01	
8.221238e+01	808	1.512185e+02	3.421502e+02	8.221238e+01	808	6.934980e-01	7.000000e-01	
8.231413e+01	809	1.590894e+02	3.643754e+02	8.231413e+01	809	6.960839e-01	7.000000e-01	
8.241588e+01	810	1.499634e+02	3.458056e+02	8.241588e+01	810	6.975136e-01	7.000000e-01	
8.251763e+01	811	1.460584e+02	3.323083e+02	8.251763e+01	811	6.946727e-01	7.000000e-01	
8.261938e+01	812	1.409116e+02	3.237307e+02	8.261938e+01	812	6.967310e-01	7.000000e-01	
8.272112e+01	813	1.379775e+02	3.433002e+02	8.272112e+01	813	7.133100e-01	7.000000e-01	
8.282287e+01	814	1.539719e+02	3.515717e+02	8.282287e+01	814	6.954330e-01	7.000000e-01	
8.292462e+01	815	1.468033e+02	3.456424e+02	8.292462e+01	815	7.018894e-01	7.000000e-01	
8.302637e+01	816	1.449318e+02	3.224742e+02	8.302637e+01	816	6.899231e-01	7.000000e-01	
8.312812e+01	817	1.408737e+02	3.233884e+02	8.312812e+01	817	6.965643e-01	7.000000e-01	
8.322986e+01	818	1.373672e+02	3.225086e+02	8.322986e+01	818	7.012950e-01	7.000000e-01	
8.333161e+01	819	1.467062e+02	2.941880e+02	8.333161e+01	819	6.672531e-01	7.000000e-01	
8.343336e+01	820	1.520053e+02	3.986479e+02	8.343336e+01	820	7.239546e-01	7.000000e-01	
8.353511e+01	821	1.426734e+02	3.424188e+02	8.353511e+01	821	7.058840e-01	7.000000e-01	
8.363686e+01	822	1.396980e+02	3.602940e+02	8.363686e+01	822	7.205995e-01	7.000000e-01	
8.373860e+01	823	1.597541e+02	4.030200e+02	8.373860e+01	823	7.161310e-01	7.000000e-01	
8.384035e+01	824	1.730136e+02	4.693661e+02	8.384035e+01	824	7.306677e-01	7.000000e-01	
8.394210e+01	825	1.460615e+02	4.434035e+02	8.394210e+01	825	7.522134e-01	7.000000e-01	
8.404385e+01	826	1.383601e+02	3.493111e+02	8.404385e+01	826	7.162840e-01	7.000000e-01	
8.414560e+01	827	1.408011e+02	3.505036e+02	8.414560e+01	827	7.134139e-01	7.000000e-01	
8.424734e+01	828	1.462962e+02	3.909176e+02	8.424734e+01	828	7.276760e-01	7.000000e-01	
8.434909e+01	829	1.302087e+02	3.317859e+02	8.434909e+01	829	7.181597e-01	7.000000e-01	
8.445084e+01	830	1.264593e+02	3.209872e+02	8.445084e+01	830	7.173756e-01	7.000000e-01	
8.455259e+01	831	1.338023e+02	3.541257e+02	8.455259e+01	831	7.257745e-01	7.000000e-01	
8.465434e+01	832	1.378694e+02	3.431477e+02	8.465434e+01	832	7.133794e-01	7.000000e-01	
8.475608e+01	833	1.216194e+02	3.496307e+02	8.475608e+01	833	7.419218e-01	7.000000e-01	
8.485783e+01	834	1.140976e+02	3.161129e+02	8.485783e+01	834	7.347866e-01	7.000000e-01	
8.495958e+01	835	1.284003e+02	3.430734e+02	8.495958e+01	835	7.276618e-01	7.000000e-01	
8.506133e+01	836	1.268235e+02	3.289155e+02	8.506133e+01	836	7.217190e-01	7.000000e-01	
8.516308e+01	837	1.423124e+02	3.110858e+02	8.516308e+01	837	6.861205e-01	7.000000e-01	
8.526482e+01	838	1.219603e+02	3.322480e+02	8.526482e+01	838	7.314882e-01	7.000000e-01	
8.536657e+01	839	1.404329e+02	3.363453e+02	8.536657e+01	839	7.054544e-01	7.000000e-01	
8.546832e+01	840	1.346115e+02	3.468308e+02	8.546832e+01	840	7.203995e-01	7.000000e-01	
8.557007e+01	841	1.351608e+02	3.420107e+02	8.557007e+01	841	7.167459e-01	7.000000e-01	
8.567182e+01	842	1.419899e+02	3.315081e+02	8.567182e+01	842	7.001257e-01	7.000000e-01	
8.577356e+01	843	1.425227e+02	3.398452e+02	8.577356e+01	843	7.045353e-01	7.000000e-01	
8.587531e+01	844	1.383448e+02	3.360941e+02	8.587531e+01	844	7.084033e-01	7.000000e-01	
8.597706e+01	845	1.470501e+02	3.551245e+02	8.597706e+01	845	7.071734e-01	7.000000e-01	
8.607881e+01	846	1.282268e+02	3.532816e+02	8.607881e+01	846	7.336977e-01	7.000000e-01	
8.618056e+01	847	1.305817e+02	3.417818e+02	8.618056e+01	847	7.235568e-01	7.000000e-01	
8.628230e+01	848	1.407675e+02	3.476495e+02	8.628230e+01	848	7.117883e-01	7.000000e-01	
8.638405e+01	849	1.470904e+02	3.688587e+02	8.638405e+01	849	7.149130e-01	7.000000e-01	
8.648580e+01	850	1.520043e+02	3.561540e+02	8.648580e+01	850	7.008721e-01	7.000000e-01	
8.658755e+01	851	1.623091e+02	3.671276e+02	8.658755e+01	851	6.934306e-01	7.000000e-01	
8.668930e+01	852	1.448956e+02	3.752573e+02	8.668930e+01	852	7.214365e-01	7.000000e-01	
8.679104e+01	853	1.241267e+02	3.333731e+02	8.679104e+01	853	7.286847e-01	7.000000e-01	
8.689279e+01	854	1.407873e+02	3.421485e+02	8.689279e+01	854	7.084762e-01	7.000000e-01	
8.699454e+01	855	1.301663e+02	3.475887e+02	8.699454e+01	855	7.275459e-01	7.000000e-01	
8.709629e+01	856	1.387930e+02	3.439220e+02	8.709629e+01	856	7.124742e-01	7.000000e-01	
8.719804e+01	857	1.305747e+02	3.285813e+02	8.719804e+01	857	7.156202e-01	7.000000e-01	
8.729978e+01	858	1.310578e+02	3.400494e+02	8.729978e+01	858	7.218090e-01	7.000000e-01	
8.740153e+01	859	1.317220e+02	3.322850e+02	8.740153e+01	859	7.161207e-01	7.000000e-01	
8.750328e+01	860	1.359327e+02	3.396041e+02	8.750328e+01	860	7.141489e-01	7.000000e-01	
8.760503e+01	861	1.348688e+02	3.404297e+02	8.760503e+01	861	7.162440e-01	7.000000e-01	
8.770678e+01	862	1.539775e+02	3.432624e+02	8.770678e+01	862	6.903356e-01	7.000000e-01	
8.780852e+01	863	1.498008e+02	3.312380e+02	8.780852e+01	863	6.885889e-01	7.000000e-01	
8.791027e+01	864	1.472681e+02	3.409331e+02	8.791027e+01	864	6.983455e-01	7.000000e-01	
8.801202e+01	865	1.628132e+02	3.563544e+02	8.801202e+01	865	6.863957e-01	7.000000e-01	
8.811377e+01	866	1.389616e+02	3.374071e+02	8.811377e+01	866	7.082898e-01	7.000000e-01	
8.821552e+01	867	1.272957e+02	3.218076e+02	8.821552e+01	867	7.165559e-01	7.000000e-01	
8.831726e+01	868	1.412822e+02	3.402231e+02	8.831726e+01	868	7.065823e-01	7.000000e-01	
8.841901e+01	869	1.315926e+02	3.412088e+02	8.841901e+01	869	7.216747e-01	7.000000e-01	
8.852076e+01	870	1.290144e+02	3.198794e+02	8.852076e+01	870	7.125948e-01	7.000000e-01	
8.862251e+01	871	1.383073e+02	3.493564e+02	8.862251e+01	871	7.163880e-01	7.000000e-01	
8.872426e+01	872	1.116617e+02	3.304673e+02	8.872426e+01	872	7.474454e-01	7.000000e-01	
8.882600e+01	873	1.144226e+02	3.486627e+02	8.882600e+01	873	7.529125e-01	7.000000e-01	
8.892775e+01	874	1.302321e+02	3.068898e+02	8.892775e+01	874	7.020691e-01	7.000000e-01	
8.902950e+01	875	1.449081e+02	3.715955e+02	8.902950e+01	875	7.194442e-01	7.000000e-01	
8.913125e+01	876	1.324811e+02	3.631636e+02	8.913125e+01	876	7.327095e-01	7.000000e-01	
8.923300e+01	877	1.413202e+02	3.780274e+02	8.923300e+01	877	7.278890e-01	7.000000e-01	
8.933474e+01	878	1.356162e+02	3.579030e+02	8.933474e+01	878	7.252058e-01	7.000000e-01	
8.943649e+01	879	1.260988e+02	3.542126e+02	8.943649e+01	879	7.374645e-01	7.000000e-01	
8.953824e+01	880	1.217136e+02	3.337647e+02	8.953824e+01	880	7.327785e-01	7.000000e-01	
8.963999e+01	881	1.253574e+02	3.367648e+02	8.963999e+01	881	7.287354e-01	7.000000e-01	
8.974174e+01	882	1.537623e+02	3.718572e+02	8.974174e+01	882	7.074646e-01	7.000000e-01	
8.984348e+01	883	1.188196e+02	4.285328e+02	8.984348e+01	883	7.829194e-01	7.000000e-01	
8.994523e+01	884	1.413465e+02	3.473246e+02	8.994523e+01	884	7.107533e-01	7.000000e-01	
9.004698e+01	885	1.516179e+02	3.484898e+02	9.004698e+01	885	6.968295e-01	7.000000e-01	
9.014873e+01	886	1.881952e+02	3.201403e+02	9.014873e+01	886	6.297815e-01	7.000000e-01	
9.025048e+01	887	1.439768e+02	3.954973e+02	9.025048e+01	887	7.331164e-01	7.000000e-01	
9.035222e+01	888	1.407193e+02	3.577663e+02	9.035222e+01	888	7.177064e-01	7.000000e-01	
9.045397e+01	889	1.349913e+02	3.487836e+02	9.045397e+01	889	7.209626e-01	7.000000e-01	
9.055572e+01	890	1.523504e+02	3.240011e+02	9.055572e+01	890	6.801723e-01	7.000000e-01	
9.065747e+01	891	1.300970e+02	3.330680e+02	9.065747e+01	891	7.191131e-01	7.000000e-01	
9.075922e+01	892	1.277547e+02	4.044219e+02	9.075922e+01	892	7.599393e-01	7.000000e-01	
9.086096e+01	893	1.193252e+02	3.340913e+02	9.086096e+01	893	7.368309e-01	7.000000e-01	
9.096271e+01	894	1.381374e+02	3.476957e+02	9.096271e+01	894	7.156690e-01	7.000000e-01	
9.106446e+01	895	1.341329e+02	3.360004e+02	9.106446e+01	895	7.146918e-01	7.000000e-01	
9.116621e+01	896	1.383644e+02	3.576262e+02	9.116621e+01	896	7.210342e-01	7.000000e-01	
9.126796e+01	897	1.291385e+02	3.529906e+02	9.126796e+01	897	7.321495e-01	7.000000e-01	
9.136970e+01	898	9.935137e+01	3.851102e+02	9.136970e+01	898	7.949241e-01	7.000000e-01	
9.147145e+01	899	1.344554e+02	3.446272e+02	9.147145e+01	899	7.193482e-01	7.000000e-01	
9.157320e+01	900	1.344215e+02	3.453903e+02	9.157320e+01	900	7.198454e-01	7.000000e-01	
9.167495e+01	901	9.342521e+01	3.908522e+02	9.167495e+01	901	8.070833e-01	7.000000e-01	
9.177670e+01	902	1.305348e+02	3.645304e+02	9.177670e+01	902	7.363281e-01	7.000000e-01	
9.187844e+01	903	1.286598e+02	3.402071e+02	9.187844e+01	903	7.255942e-01	7.000000e-01	
9.198019e+01	904	1.223695e+02	3.457312e+02	9.198019e+01	904	7.385830e-01	7.000000e-01	
9.208194e+01	905	1.303386e+02	3.570420e+02	9.208194e+01	905	7.325733e-01	7.000000e-01	
9.218369e+01	906	1.080276e+02	3.820662e+02	9.218369e+01	906	7.795777e-01	7.000000e-01	
9.228544e+01	907	1.308899e+02	3.911465e+02	9.228544e+01	907	7.492705e-01	7.000000e-01	
9.238718e+01	908	1.385349e+02	2.688871e+02	9.238718e+01	908	6.599720e-01	7.000000e-01	
9.248893e+01	909	1.356867e+02	3.830612e+02	9.248893e+01	909	7.384342e-01	7.000000e-01	
9.259068e+01	910	1.433079e+02	3.791659e+02	9.259068e+01	910	7.257128e-01	7.000000e-01	
9.269243e+01	911	1.258362e+02	3.676993e+02	9.269243e+01	911	7.450311e-01	7.000000e-01	
9.279418e+01	912	1.389965e+02	3.968388e+02	9.279418e+01	912	7.405985e-01	7.000000e-01	
9.289592e+01	913	1.327323e+02	3.626252e+02	9.289592e+01	913	7.320475e-01	7.000000e-01	
9.299767e+01	914	1.319743e+02	3.579035e+02	9.299767e+01	914	7.305975e-01	7.000000e-01	
9.309942e+01	915	1.328156e+02	3.431882e+02	9.309942e+01	915	7.209779e-01	7.000000e-01	
9.320117e+01	916	1.304043e+02	3.931768e+02	9.320117e+01	916	7.509377e-01	7.000000e-01	
9.330292e+01	917	9.711571e+01	3.421725e+02	9.330292e+01	917	7.789248e-01	7.000000e-01	
9.340466e+01	918	1.293853e+02	3.456123e+02	9.340466e+01	918	7.276085e-01	7.000000e-01	
9.350641e+01	919	1.387030e+02	3.711618e+02	9.350641e+01	919	7.279612e-01	7.000000e-01	
9.360816e+01	920	1.468615e+02	3.442704e+02	9.360816e+01	920	7.009734e-01	7.000000e-01	
9.370991e+01	921	1.408426e+02	3.225117e+02	9.370991e+01	921	6.960369e-01	7.000000e-01	
9.381166e+01	922	1.430430e+02	3.513903e+02	9.381166e+01	922	7.106930e-01	7.000000e-01	
9.391340e+01	923	1.280147e+02	3.367816e+02	9.391340e+01	923	7.245789e-01	7.000000e-01	
9.401515e+01	924	1.412016e+02	3.387118e+02	9.401515e+01	924	7.057769e-01	7.000000e-01	
9.411690e+01	925	1.447616e+02	3.492861e+02	9.411690e+01	925	7.069886e-01	7.000000e-01	
9.421865e+01	926	1.598556e+02	3.467635e+02	9.421865e+01	926	6.844659e-01	7.000000e-01	
9.432040e+01	927	1.390202e+02	3.499310e+02	9.432040e+01	927	7.156767e-01	7.000000e-01	
9.442214e+01	928	1.475902e+02	3.413223e+02	9.442214e+01	928	6.981255e-01	7.000000e-01	
9.452389e+01	929	1.118531e+02	3.656118e+02	9.452389e+01	929	7.657354e-01	7.000000e-01	
9.462564e+01	930	1.115270e+02	3.353045e+02	9.462564e+01	930	7.504048e-01	7.000000e-01	
9.472739e+01	931	1.134621e+02	3.267801e+02	9.472739e+01	931	7.422735e-01	7.000000e-01	
9.482914e+01	932	1.042918e+02	2.913559e+02	9.482914e+01	932	7.364024e-01	7.000000e-01	
9.493088e+01	933	1.067676e+02	3.314621e+02	9.493088e+01	933	7.563661e-01	7.000000e-01	
9.503263e+01	934	1.120401e+02	2.729449e+02	9.503263e+01	934	7.089754e-01	7.000000e-01	
9.513438e+01	935	1.067106e+02	2.957852e+02	9.513438e+01	935	7.348777e-01	7.000000e-01	
9.523613e+01	936	1.158060e+02	3.300819e+02	9.523613e+01	936	7.402800e-01	7.000000e-01	
9.533788e+01	937	1.480667e+02	3.792944e+02	9.533788e+01	937	7.192309e-01	7.000000e-01	
9.543962e+01	938	1.359213e+02	3.985116e+02	9.543962e+01	938	7.456719e-01	7.000000e-01	
9.554137e+01	939	1.480228e+02	3.868893e+02	9.554137e+01	939	7.232764e-01	7.000000e-01	
9.564312e+01	940	1.444973e+02	3.578327e+02	9.564312e+01	940	7.123459e-01	7.000000e-01	
9.574487e+01	941	1.562324e+02	3.518717e+02	9.574487e+01	941	6.925189e-01	7.000000e-01	
9.584662e+01	942	1.444929e+02	3.699090e+02	9.584662e+01	942	7.191050e-01	7.000000e-01	
9.594836e+01	943	1.435035e+02	3.463524e+02	9.594836e+01	943	7.070496e-01	7.000000e-01	
9.605011e+01	944	1.357399e+02	3.410898e+02	9.605011e+01	944	7.153283e-01	7.000000e-01	
9.615186e+01	945	1.444852e+02	3.551192e+02	9.615186e+01	945	7.108008e-01	7.000000e-01	
9.625361e+01	946	1.524792e+02	3.474910e+02	9.625361e+01	946	6.950234e-01	7.000000e-01	
9.635536e+01	947	1.556146e+02	3.478665e+02	9.635536e+01	947	6.909227e-01	7.000000e-01	
9.645710e+01	948	1.309237e+02	3.340735e+02	9.645710e+01	948	7.184420e-01	7.000000e-01	
9.655885e+01	949	1.444321e+02	3.550254e+02	9.655885e+01	949	7.108220e-01	7.000000e-01	
9.666060e+01	950	1.230278e+02	3.457767e+02	9.666060e+01	950	7.375712e-01	7.000000e-01	
9.676235e+01	951	1.355385e+02	3.593803e+02	9.676235e+01	951	7.261399e-01	7.000000e-01	
9.686410e+01	952	1.336529e+02	3.408215e+02	9.686410e+01	952	7.183138e-01	7.000000e-01	
9.696584e+01	953	1.397428e+02	3.406227e+02	9.696584e+01	953	7.090907e-01	7.000000e-01	
9.706759e+01	954	1.212743e+02	3.616682e+02	9.706759e+01	954	7.488846e-01	7.000000e-01	
9.716934e+01	955	1.043200e+02	3.428210e+02	9.716934e+01	955	7.666955e-01	7.000000e-01	
9.727109e+01	956	1.385040e+02	3.624285e+02	9.727109e+01	956	7.235077e-01	7.000000e-01	
9.737284e+01	957	1.288003e+02	3.741475e+02	9.737284e+01	957	7.439092e-01	7.000000e-01	
9.747458e+01	958	1.222855e+02	3.548529e+02	9.747458e+01	958	7.437106e-01	7.000000e-01	
9.757633e+01	959	1.462052e+02	4.002376e+02	9.757633e+01	959	7.324419e-01	7.000000e-01	
9.767808e+01	960	1.406333e+02	3.754782e+02	9.767808e+01	960	7.275137e-01	7.000000e-01	
9.777983e+01	961	1.269215e+02	3.504216e+02	9.777983e+01	961	7.341084e-01	7.000000e-01	
9.788158e+01	962	1.353574e+02	3.815284e+02	9.788158e+01	962	7.381290e-01	7.000000e-01	
9.798332e+01	963	1.306304e+02	3.468349e+02	9.798332e+01	963	7.264086e-01	7.000000e-01	
9.808507e+01	964	1.290887e+02	3.861769e+02	9.808507e+01	964	7.494715e-01	7.000000e-01	
9.818682e+01	965	1.481186e+02	3.952890e+02	9.818682e+01	965	7.274263e-01	7.000000e-01	
9.828857e+01	966	1.251024e+02	3.977818e+02	9.828857e+01	966	7.607455e-01	7.000000e-01	
9.839032e+01	967	1.326330e+02	3.852243e+02	9.839032e+01	967	7.438812e-01	7.000000e-01	
9.849206e+01	968	1.302679e+02	3.751364e+02	9.849206e+01	968	7.422501e-01	7.000000e-01	
9.859381e+01	969	1.277355e+02	3.353472e+02	9.859381e+01	969	7.241627e-01	7.000000e-01	
9.869556e+01	970	1.392993e+02	4.254686e+02	9.869556e+01	970	7.533512e-01	7.000000e-01	
9.879731e+01	971	1.244843e+02	3.817352e+02	9.879731e+01	971	7.540903e-01	7.000000e-01	
9.889906e+01	972	1.247926e+02	4.697217e+02	9.889906e+01	972	7.900932e-01	7.000000e-01	
9.900080e+01	973	1.093417e+02	3.620969e+02	9.900080e+01	973	7.680680e-01	7.000000e-01	
9.910255e+01	974	1.029466e+02	3.753316e+02	9.910255e+01	974	7.847558e-01	7.000000e-01	
9.920430e+01	975	1.211019e+02	3.606036e+02	9.920430e+01	975	7.485976e-01	7.000000e-01	
9.930605e+01	976	9.312634e+01	3.671540e+02	9.930605e+01	976	7.976747e-01	7.000000e-01	
9.940780e+01	977	1.136385e+02	3.986666e+02	9.940780e+01	977	7.781820e-01	7.000000e-01	
9.950954e+01	978	1.324688e+02	3.677869e+02	9.950954e+01	978	7.351978e-01	7.000000e-01	
9.961129e+01	979	1.395405e+02	3.234222e+02	9.961129e+01	979	6.985923e-01	7.000000e-01	
9.971304e+01	980	1.269634e+02	3.579375e+02	9.971304e+01	980	7.381663e-01	7.000000e-01	
9.981479e+01	981	1.248484e+02	3.509963e+02	9.981479e+01	981	7.376278e-01	7.000000e-01	
9.991654e+01	982	1.205296e+02	3.608366e+02	9.991654e+01	982	7.496093e-01	7.000000e-01	
1.000183e+02	983	1.147509e+02	3.560529e+02	1.000183e+02	983	7.562660e-01	7.000000e-01	
1.001200e+02	984	1.276685e+02	3.756983e+02	1.001200e+02	984	7.463708e-01	7.000000e-01	
1.002218e+02	985	1.134348e+02	3.430468e+02	1.002218e+02	985	7.515019e-01	7.000000e-01	
1.003235e+02	986	1.282505e+02	3.723706e+02	1.003235e+02	986	7.438172e-01	7.000000e-01	
1.004253e+02	987	1.004230e+02	3.453931e+02	1.004253e+02	987	7.747434e-01	7.000000e-01	
1.005270e+02	988	1.255009e+02	3.544552e+02	1.005270e+02	988	7.385159e-01	7.000000e-01	
1.006288e+02	989	1.215634e+02	3.973128e+02	1.006288e+02	989	7.657179e-01	7.000000e-01	
1.007305e+02	990	1.246644e+02	3.579941e+02	1.007305e+02	990	7.417130e-01	7.000000e-01	
1.008323e+02	991	1.314362e+02	3.722281e+02	1.008323e+02	991	7.390401e-01	7.000000e-01	
1.009340e+02	992	1.224452e+02	3.914789e+02	1.009340e+02	992	7.617446e-01	7.000000e-01	
1.010358e+02	993	1.133679e+02	4.030888e+02	1.010358e+02	993	7.804891e-01	7.000000e-01	
1.011375e+02	994	1.279487e+02	3.833512e+02	1.011375e+02	994	7.497580e-01	7.000000e-01	
1.012393e+02	995	1.190699e+02	3.892978e+02	1.012393e+02	995	7.657800e-01	7.000000e-01	
1.013410e+02	996	1.222811e+02	3.970200e+02	1.013410e+02	996	7.645276e-01	7.000000e-01	
1.014428e+02	997	1.303570e+02	3.966262e+02	1.014428e+02	997	7.526354e-01	7.000000e-01	
1.015445e+02	998	1.134862e+02	3.853014e+02	1.015445e+02	998	7.724759e-01	7.000000e-01	
1.016463e+02	999	1.249570e+02	3.982683e+02	1.016463e+02	999	7.611794e-01	7.000000e-01	
1.017480e+02	1000	1.347236e+02	3.975443e+02	1.017480e+02	1000	7.468876e-01	7.000000e-01	
1.018497e+02	1001	1.426167e+02	3.571890e+02	1.018497e+02	1001	7.146557e-01	7.000000e-01	
1.019515e+02	1002	1.146704e+02	3.535835e+02	1.019515e+02	1002	7.551106e-01	7.000000e-01	
1.020532e+02	1003	1.174379e+02	3.614077e+02	1.020532e+02	1003	7.547479e-01	7.000000e-01	
1.021550e+02	1004	1.131197e+02	3.646661e+02	1.021550e+02	1004	7.632418e-01	7.000000e-01	
1.022567e+02	1005	1.011510e+02	3.757740e+02	1.022567e+02	1005	7.879100e-01	7.000000e-01	
1.023585e+02	1006	1.093362e+02	3.353991e+02	1.023585e+02	1006	7.541544e-01	7.000000e-01	
1.024602e+02	1007	1.261952e+02	3.459629e+02	1.024602e+02	1007	7.327268e-01	7.000000e-01	
1.025620e+02	1008	1.210710e+02	3.692317e+02	1.025620e+02	1008	7.530689e-01	7.000000e-01	
1.026637e+02	1009	1.090504e+02	3.623620e+02	1.026637e+02	1009	7.686730e-01	7.000000e-01	
1.027655e+02	1010	1.230952e+02	3.561897e+02	1.027655e+02	1010	7.431690e-01	7.000000e-01	
1.028672e+02	1011	1.215529e+02	3.661879e+02	1.028672e+02	1011	7.507838e-01	7.000000e-01	
1.029690e+02	1012	1.094549e+02	3.992203e+02	1.029690e+02	1012	7.848236e-01	7.000000e-01	
1.030707e+02	1013	1.193357e+02	3.707765e+02	1.030707e+02	1013	7.565135e-01	7.000000e-01	
1.031725e+02	1014	1.238726e+02	3.661186e+02	1.031725e+02	1014	7.471942e-01	7.000000e-01	
1.032742e+02	1015	1.163340e+02	3.628395e+02	1.032742e+02	1015	7.572195e-01	7.000000e-01	
1.033760e+02	1016	1.224730e+02	3.563466e+02	1.033760e+02	1016	7.442189e-01	7.000000e-01	
1.034777e+02	1017	1.358261e+02	3.522396e+02	1.034777e+02	1017	7.217053e-01	7.000000e-01	
1.035795e+02	1018	1.262604e+02	4.026502e+02	1.035795e+02	1018	7.612822e-01	7.000000e-01	
1.036812e+02	1019	1.181420e+02	4.464861e+02	1.036812e+02	1019	7.907614e-01	7.000000e-01	
1.037830e+02	1020	1.402120e+02	4.161145e+02	1.037830e+02	1020	7.479681e-01	7.000000e-01	
1.038847e+02	1021	1.254893e+02	3.698634e+02	1.038847e+02	1021	7.466668e-01	7.000000e-01	
1.039865e+02	1022	1.234850e+02	4.125547e+02	1.039865e+02	1022	7.696346e-01	7.000000e-01	
1.040882e+02	1023	1.166937e+02	3.562873e+02	1.040882e+02	1023	7.532804e-01	7.000000e-01	
1.041900e+02	1024	1.283182e+02	4.113177e+02	1.041900e+02	1024	7.622134e-01	7.000000e-01	
1.042917e+02	1025	1.288221e+02	3.726951e+02	1.042917e+02	1025	7.431352e-01	7.000000e-01	
1.043934e+02	1026	9.922277e+01	3.245903e+02	1.043934e+02	1026	7.658808e-01	7.000000e-01	
1.044952e+02	1027	1.189743e+02	3.602895e+02	1.044952e+02	1027	7.517561e-01	7.000000e-01	
1.045969e+02	1028	1.255468e+02	3.507569e+02	1.045969e+02	1028	7.364144e-01	7.000000e-01	
1.046987e+02	1029	1.242733e+02	3.524523e+02	1.046987e+02	1029	7.393190e-01	7.000000e-01	
1.048004e+02	1030	1.195846e+02	3.583220e+02	1.048004e+02	1030	7.497741e-01	7.000000e-01	
1.049022e+02	1031	1.360624e+02	3.498431e+02	1.049022e+02	1031	7.199818e-01	7.000000e-01	
1.050039e+02	1032	1.371280e+02	3.502392e+02	1.050039e+02	1032	7.186351e-01	7.000000e-01	
1.051057e+02	1033	1.040358e+02	3.423332e+02	1.051057e+02	1033	7.669287e-01	7.000000e-01	
1.052074e+02	1034	1.319780e+02	3.370105e+02	1.052074e+02	1034	7.185901e-01	7.000000e-01	
1.053092e+02	1035	1.200007e+02	3.593128e+02	1.053092e+02	1035	7.496405e-01	7.000000e-01	
1.054109e+02	1036	1.210485e+02	3.554987e+02	1.054109e+02	1036	7.459884e-01	7.000000e-01	
1.055127e+02	1037	1.389749e+02	3.487188e+02	1.055127e+02	1037	7.150365e-01	7.000000e-01	
1.056144e+02	1038	1.424479e+02	3.360072e+02	1.056144e+02	1038	7.022753e-01	7.000000e-01	
1.057162e+02	1039	1.415472e+02	3.397911e+02	1.057162e+02	1039	7.059299e-01	7.000000e-01	
1.058179e+02	1040	1.402697e+02	3.350553e+02	1.058179e+02	1040	7.048973e-01	7.000000e-01	
1.059197e+02	1041	1.452811e+02	3.515936e+02	1.059197e+02	1041	7.076102e-01	7.000000e-01	
1.060214e+02	1042	1.372160e+02	3.381782e+02	1.060214e+02	1042	7.113637e-01	7.000000e-01	
1.061232e+02	1043	1.327682e+02	3.462518e+02	1.061232e+02	1043	7.228337e-01	7.000000e-01	
1.062249e+02	1044	1.508882e+02	3.574387e+02	1.062249e+02	1044	7.031670e-01	7.000000e-01	
1.063267e+02	1045	1.329597e+02	3.398897e+02	1.063267e+02	1045	7.188117e-01	7.000000e-01	
1.064284e+02	1046	1.207260e+02	3.432682e+02	1.064284e+02	1046	7.398114e-01	7.000000e-01	
1.065302e+02	1047	1.402771e+02	3.728367e+02	1.065302e+02	1047	7.266160e-01	7.000000e-01	
1.066319e+02	1048	1.361570e+02	3.623544e+02	1.066319e+02	1048	7.268728e-01	7.000000e-01	
1.067337e+02	1049	1.211335e+02	3.627089e+02	1.067337e+02	1049	7.496427e-01	7.000000e-01	
1.068354e+02	1050	1.370515e+02	3.544486e+02	1.068354e+02	1050	7.211567e-01	7.000000e-01	
1.069371e+02	1051	1.355692e+02	3.693809e+02	1.069371e+02	1051	7.315196e-01	7.000000e-01	
1.070389e+02	1052	1.428006e+02	3.592600e+02	1.070389e+02	1052	7.155710e-01	7.000000e-01	
1.071406e+02	1053	1.447058e+02	3.898863e+02	1.071406e+02	1053	7.293155e-01	7.000000e-01	
1.072424e+02	1054	1.195155e+02	3.228714e+02	1.072424e+02	1054	7.298394e-01	7.000000e-01	
1.073441e+02	1055	1.331866e+02	3.753614e+02	1.073441e+02	1055	7.381042e-01	7.000000e-01	
1.074459e+02	1056	1.750081e+02	3.281336e+02	1.074459e+02	1056	6.521694e-01	7.000000e-01	
1.075476e+02	1057	1.640441e+02	3.501116e+02	1.075476e+02	1057	6.809447e-01	7.000000e-01	
1.076494e+02	1058	1.538629e+02	3.765578e+02	1.076494e+02	1058	7.099229e-01	7.000000e-01	
1.077511e+02	1059	1.545450e+02	3.739520e+02	1.077511e+02	1059	7.075764e-01	7.000000e-01	
1.078529e+02	1060	1.518953e+02	3.500548e+02	1.078529e+02	1060	6.973896e-01	7.000000e-01	
1.079546e+02	1061	1.247157e+02	3.978819e+02	1.079546e+02	1061	7.613542e-01	7.000000e-01	
1.080564e+02	1062	1.456957e+02	3.582384e+02	1.080564e+02	1062	7.108834e-01	7.000000e-01	
1.081581e+02	1063	1.180321e+02	3.745813e+02	1.081581e+02	1063	7.603961e-01	7.000000e-01	
1.082599e+02	1064	1.291539e+02	4.144602e+02	1.082599e+02	1064	7.624162e-01	7.000000e-01	
1.083616e+02	1065	1.235510e+02	3.545771e+02	1.083616e+02	1065	7.415944e-01	7.000000e-01	
1.084634e+02	1066	1.326498e+02	3.866282e+02	1.084634e+02	1066	7.445495e-01	7.000000e-01	
1.085651e+02	1067	1.476462e+02	3.625752e+02	1.085651e+02	1067	7.106233e-01	7.000000e-01	
1.086669e+02	1068	1.299071e+02	3.514240e+02	1.086669e+02	1068	7.301087e-01	7.000000e-01	
1.087686e+02	1069	1.324584e+02	3.229336e+02	1.087686e+02	1069	7.091332e-01	7.000000e-01	
1.088704e+02	1070	1.713771e+02	4.361587e+02	1.088704e+02	1070	7.179144e-01	7.000000e-01	
1.089721e+02	1071	1.436048e+02	3.674953e+02	1.089721e+02	1071	7.190280e-01	7.000000e-01	
1.090739e+02	1072	1.651291e+02	4.650604e+02	1.090739e+02	1072	7.379691e-01	7.000000e-01	
1.091756e+02	1073	1.139813e+02	3.486401e+02	1.091756e+02	1073	7.536186e-01	7.000000e-01	
1.092774e+02	1074	1.373637e+02	3.687033e+02	1.092774e+02	1074	7.285662e-01	7.000000e-01	
1.093791e+02	1075	1.329980e+02	3.792704e+02	1.093791e+02	1075	7.403744e-01	7.000000e-01	
1.094808e+02	1076	1.366805e+02	3.752979e+02	1.094808e+02	1076	7.330346e-01	7.000000e-01	
1.095826e+02	1077	1.344657e+02	3.684548e+02	1.095826e+02	1077	7.326303e-01	7.000000e-01	
1.096843e+02	1078	1.231846e+02	3.634463e+02	1.096843e+02	1078	7.468624e-01	7.000000e-01	
1.097861e+02	1079	1.360883e+02	3.725640e+02	1.097861e+02	1079	7.324532e-01	7.000000e-01	
1.098878e+02	1080	1.232348e+02	3.561827e+02	1.098878e+02	1080	7.429489e-01	7.000000e-01	
1.099896e+02	1081	1.246953e+02	3.707535e+02	1.099896e+02	1081	7.483185e-01	7.000000e-01	
1.100913e+02	1082	1.211471e+02	3.806614e+02	1.100913e+02	1082	7.585790e-01	7.000000e-01	
1.101931e+02	1083	1.267533e+02	3.854225e+02	1.101931e+02	1083	7.525199e-01	7.000000e-01	
1.102948e+02	1084	1.151677e+02	3.837094e+02	1.102948e+02	1084	7.691461e-01	7.000000e-01	
1.103966e+02	1085	1.254514e+02	3.865866e+02	1.103966e+02	1085	7.549959e-01	7.000000e-01	
1.104983e+02	1086	1.154137e+02	3.879664e+02	1.104983e+02	1086	7.707226e-01	7.000000e-01	
1.106001e+02	1087	1.012727e+02	4.145865e+02	1.106001e+02	1087	8.036815e-01	7.000000e-01	
1.107018e+02	1088	1.363266e+02	3.815020e+02	1.107018e+02	1088	7.367341e-01	7.000000e-01	
1.108036e+02	1089	1.205074e+02	3.797440e+02	1.108036e+02	1089	7.591063e-01	7.000000e-01	
1.109053e+02	1090	1.276324e+02	3.745548e+02	1.109053e+02	1090	7.458470e-01	7.000000e-01	
1.110071e+02	1091	1.308108e+02	3.648877e+02	1.110071e+02	1091	7.361081e-01	7.000000e-01	
1.111088e+02	1092	1.271375e+02	3.849784e+02	1.111088e+02	1092	7.517408e-01	7.000000e-01	
1.112106e+02	1093	1.323969e+02	3.668476e+02	1.112106e+02	1093	7.348055e-01	7.000000e-01	
1.113123e+02	1094	1.194797e+02	3.557439e+02	1.113123e+02	1094	7.485821e-01	7.000000e-01	
1.114141e+02	1095	1.424332e+02	4.039559e+02	1.114141e+02	1095	7.393191e-01	7.000000e-01	
1.115158e+02	1096	1.318441e+02	3.795335e+02	1.115158e+02	1096	7.421786e-01	7.000000e-01	
1.116176e+02	1097	1.152401e+02	3.127615e+02	1.116176e+02	1097	7.307484e-01	7.000000e-01	
1.117193e+02	1098	1.089228e+02	3.492445e+02	1.117193e+02	1098	7.622641e-01	7.000000e-01	
1.118211e+02	1099	1.212593e+02	3.355952e+02	1.118211e+02	1099	7.345779e-01	7.000000e-01	
1.119228e+02	1100	1.088226e+02	2.883700e+02	1.119228e+02	1100	7.260206e-01	7.000000e-01	
1.120245e+02	1101	1.278044e+02	3.637157e+02	1.120245e+02	1101	7.399813e-01	7.000000e-01	
1.121263e+02	1102	1.120953e+02	4.447123e+02	1.121263e+02	1102	7.986822e-01	7.000000e-01	
1.122280e+02	1103	1.202216e+02	3.768026e+02	1.122280e+02	1103	7.581172e-01	7.000000e-01	
1.123298e+02	1104	1.282372e+02	3.891477e+02	1.123298e+02	1104	7.521435e-01	7.000000e-01	
1.124315e+02	1105	1.401823e+02	3.652956e+02	1.124315e+02	1105	7.226737e-01	7.000000e-01	
1.125333e+02	1106	1.148233e+02	3.980460e+02	1.125333e+02	1106	7.761159e-01	7.000000e-01	
1.126350e+02	1107	1.418412e+02	3.150864e+02	1.126350e+02	1107	6.895762e-01	7.000000e-01	
1.127368e+02	1108	1.305297e+02	3.596231e+02	1.127368e+02	1108	7.336959e-01	7.000000e-01	
1.128385e+02	1109	1.306454e+02	3.472277e+02	1.128385e+02	1109	7.266107e-01	7.000000e-01	
1.129403e+02	1110	1.418557e+02	3.153134e+02	1.129403e+02	1110	6.897085e-01	7.000000e-01	
1.130420e+02	1111	1.504236e+02	3.795521e+02	1.130420e+02	1111	7.161689e-01	7.000000e-01	
1.131438e+02	1112	1.338323e+02	3.658387e+02	1.131438e+02	1112	7.321592e-01	7.000000e-01	
1.132455e+02	1113	1.366126e+02	3.944452e+02	1.132455e+02	1113	7.427538e-01	7.000000e-01	
1.133473e+02	1114	1.939079e+02	4.034180e+02	1.133473e+02	1114	6.753734e-01	7.000000e-01	
1.134490e+02	1115	1.496618e+02	3.676591e+02	1.134490e+02	1115	7.106983e-01	7.000000e-01	
1.135508e+02	1116	1.677233e+02	4.016396e+02	1.135508e+02	1116	7.054193e-01	7.000000e-01	
1.136525e+02	1117	1.160236e+02	3.786253e+02	1.136525e+02	1117	7.654425e-01	7.000000e-01	
1.137543e+02	1118	1.478958e+02	3.800772e+02	1.137543e+02	1118	7.198800e-01	7.000000e-01	
1.138560e+02	1119	1.441471e+02	3.651722e+02	1.138560e+02	1119	7.169809e-01	7.000000e-01	
1.139578e+02	1120	1.234378e+02	3.669666e+02	1.139578e+02	1120	7.482939e-01	7.000000e-01	
