time at 532nm	frame at 532nm	I_1 at 532nm(counts)	I_2 at 532nm(counts)	time at 532nm	frame at 532nm	FRET_1>2	discr.FRET_1>2	
1.017480e-01	1	6.451172e+01	2.775131e+02	1.017480e-01	1	8.113829e-01	7.000000e-01	
2.034960e-01	2	6.451172e+01	2.775131e+02	2.034960e-01	2	8.113829e-01	7.000000e-01	
3.052440e-01	3	5.924671e+01	2.529463e+02	3.052440e-01	3	8.102241e-01	7.000000e-01	
4.069920e-01	4	6.614363e+01	2.495985e+02	4.069920e-01	4	7.905138e-01	7.000000e-01	
5.087400e-01	5	5.803165e+01	2.514535e+02	5.087400e-01	5	8.124897e-01	7.000000e-01	
6.104880e-01	6	6.262035e+01	2.392278e+02	6.104880e-01	6	7.925435e-01	7.000000e-01	
7.122360e-01	7	7.610750e+01	2.057128e+02	7.122360e-01	7	7.299432e-01	7.000000e-01	
8.139840e-01	8	6.146559e+01	2.414054e+02	8.139840e-01	8	7.970569e-01	7.000000e-01	
9.157320e-01	9	5.626718e+01	2.394608e+02	9.157320e-01	9	8.097333e-01	7.000000e-01	
1.017480e+00	10	7.631647e+01	2.053845e+02	1.017480e+00	10	7.290869e-01	7.000000e-01	
1.119228e+00	11	6.001354e+01	2.282023e+02	1.119228e+00	11	7.917757e-01	7.000000e-01	
1.220976e+00	12	6.313454e+01	2.271456e+02	1.220976e+00	12	7.825048e-01	7.000000e-01	
1.322724e+00	13	4.623075e+01	2.236798e+02	1.322724e+00	13	8.287183e-01	7.000000e-01	
1.424472e+00	14	6.226723e+01	2.269305e+02	1.424472e+00	14	7.846898e-01	7.000000e-01	
1.526220e+00	15	7.947244e+01	2.449545e+02	1.526220e+00	15	7.550375e-01	7.000000e-01	
1.627968e+00	16	8.411985e+01	2.491492e+02	1.627968e+00	16	7.475918e-01	7.000000e-01	
1.729716e+00	17	9.031726e+01	2.489295e+02	1.729716e+00	17	7.337712e-01	7.000000e-01	
1.831464e+00	18	9.475614e+01	2.489581e+02	1.831464e+00	18	7.243171e-01	7.000000e-01	
1.933212e+00	19	9.136781e+01	2.715198e+02	1.933212e+00	19	7.482201e-01	7.000000e-01	
2.034960e+00	20	9.787903e+01	2.480322e+02	2.034960e+00	20	7.170400e-01	7.000000e-01	
2.136708e+00	21	1.040045e+02	2.596347e+02	2.136708e+00	21	7.139899e-01	7.000000e-01	
2.238456e+00	22	5.071543e+01	2.262262e+02	2.238456e+00	22	8.168732e-01	7.000000e-01	
2.340204e+00	23	9.682105e+01	2.472437e+02	2.340204e+00	23	7.185964e-01	7.000000e-01	
2.441952e+00	24	8.393158e+01	2.719206e+02	2.441952e+00	24	7.641392e-01	7.000000e-01	
2.543700e+00	25	9.225988e+01	2.552718e+02	2.543700e+00	25	7.345281e-01	7.000000e-01	
2.645448e+00	26	1.033895e+02	2.592864e+02	2.645448e+00	26	7.149259e-01	7.000000e-01	
2.747196e+00	27	7.628715e+01	2.477422e+02	2.747196e+00	27	7.645672e-01	7.000000e-01	
2.848944e+00	28	9.427315e+01	2.716965e+02	2.848944e+00	28	7.424017e-01	7.000000e-01	
2.950692e+00	29	7.157495e+01	2.650728e+02	2.950692e+00	29	7.873892e-01	7.000000e-01	
3.052440e+00	30	1.029670e+02	2.522294e+02	3.052440e+00	30	7.101125e-01	7.000000e-01	
3.154188e+00	31	8.036129e+01	2.428654e+02	3.154188e+00	31	7.513779e-01	7.000000e-01	
3.255936e+00	32	6.109688e+01	2.567825e+02	3.255936e+00	32	8.077985e-01	7.000000e-01	
3.357684e+00	33	6.301312e+01	2.459558e+02	3.357684e+00	33	7.960535e-01	7.000000e-01	
3.459432e+00	34	5.968828e+01	2.542347e+02	3.459432e+00	34	8.098633e-01	7.000000e-01	
3.561180e+00	35	6.262075e+01	2.629199e+02	3.561180e+00	35	8.076408e-01	7.000000e-01	
3.662928e+00	36	4.745145e+01	2.620027e+02	3.662928e+00	36	8.466608e-01	7.000000e-01	
3.764676e+00	37	6.825085e+01	2.261597e+02	3.764676e+00	37	7.681780e-01	7.000000e-01	
3.866424e+00	38	7.886306e+01	2.368502e+02	3.866424e+00	38	7.502067e-01	7.000000e-01	
3.968172e+00	39	6.380277e+01	2.492064e+02	3.968172e+00	39	7.961633e-01	7.000000e-01	
4.069920e+00	40	6.614213e+01	2.623233e+02	4.069920e+00	40	7.986329e-01	7.000000e-01	
4.171668e+00	41	7.382930e+01	2.412307e+02	4.171668e+00	41	7.656659e-01	7.000000e-01	
4.273416e+00	42	8.161175e+01	2.758747e+02	4.273416e+00	42	7.717067e-01	7.000000e-01	
4.375164e+00	43	6.457100e+01	2.395927e+02	4.375164e+00	43	7.877097e-01	7.000000e-01	
4.476912e+00	44	1.013657e+02	2.455546e+02	4.476912e+00	44	7.078127e-01	7.000000e-01	
4.578660e+00	45	1.018045e+02	2.630472e+02	4.578660e+00	45	7.209702e-01	7.000000e-01	
4.680408e+00	46	8.499281e+01	2.543175e+02	4.680408e+00	46	7.495130e-01	7.000000e-01	
4.782156e+00	47	9.269354e+01	2.357045e+02	4.782156e+00	47	7.177403e-01	7.000000e-01	
4.883904e+00	48	9.174816e+01	2.408088e+02	4.883904e+00	48	7.241129e-01	7.000000e-01	
4.985652e+00	49	8.462693e+01	2.404527e+02	4.985652e+00	49	7.396732e-01	7.000000e-01	
5.087400e+00	50	8.474786e+01	2.337254e+02	5.087400e+00	50	7.338933e-01	7.000000e-01	
5.189148e+00	51	9.541878e+01	2.697446e+02	5.189148e+00	51	7.386956e-01	7.000000e-01	
5.290896e+00	52	8.027575e+01	2.376624e+02	5.290896e+00	52	7.475114e-01	7.000000e-01	
5.392644e+00	53	8.464062e+01	2.554034e+02	5.392644e+00	53	7.510892e-01	7.000000e-01	
5.494392e+00	54	8.008516e+01	2.272398e+02	5.494392e+00	54	7.394121e-01	7.000000e-01	
5.596140e+00	55	7.507493e+01	2.370079e+02	5.596140e+00	55	7.594391e-01	7.000000e-01	
5.697888e+00	56	8.841332e+01	2.261552e+02	5.697888e+00	56	7.189378e-01	7.000000e-01	
5.799636e+00	57	8.411314e+01	2.355323e+02	5.799636e+00	57	7.368549e-01	7.000000e-01	
5.901384e+00	58	7.105491e+01	2.285421e+02	5.901384e+00	58	7.628317e-01	7.000000e-01	
6.003132e+00	59	7.030506e+01	2.232012e+02	6.003132e+00	59	7.604649e-01	7.000000e-01	
6.104880e+00	60	8.724082e+01	2.388939e+02	6.104880e+00	60	7.325007e-01	7.000000e-01	
6.206628e+00	61	6.708860e+01	2.379384e+02	6.206628e+00	61	7.800568e-01	7.000000e-01	
6.308376e+00	62	7.567910e+01	2.283007e+02	6.308376e+00	62	7.510390e-01	7.000000e-01	
6.410124e+00	63	6.236714e+01	2.150852e+02	6.410124e+00	63	7.752149e-01	7.000000e-01	
6.511872e+00	64	7.093009e+01	2.386076e+02	6.511872e+00	64	7.708515e-01	7.000000e-01	
6.613620e+00	65	7.117003e+01	2.353326e+02	6.613620e+00	65	7.677996e-01	7.000000e-01	
6.715368e+00	66	8.168705e+01	2.539244e+02	6.715368e+00	66	7.566023e-01	7.000000e-01	
6.817116e+00	67	8.301046e+01	2.585754e+02	6.817116e+00	67	7.569851e-01	7.000000e-01	
6.918864e+00	68	5.800893e+01	2.464740e+02	6.918864e+00	68	8.094838e-01	7.000000e-01	
7.020612e+00	69	8.789885e+01	2.675790e+02	7.020612e+00	69	7.527304e-01	7.000000e-01	
7.122360e+00	70	9.698204e+01	2.567822e+02	7.122360e+00	70	7.258569e-01	7.000000e-01	
7.224108e+00	71	1.008793e+02	3.010469e+02	7.224108e+00	71	7.490104e-01	7.000000e-01	
7.325856e+00	72	8.892401e+01	2.595817e+02	7.325856e+00	72	7.448420e-01	7.000000e-01	
7.427604e+00	73	1.027456e+02	2.790901e+02	7.427604e+00	73	7.309167e-01	7.000000e-01	
7.529352e+00	74	8.237472e+01	2.641089e+02	7.529352e+00	74	7.622551e-01	7.000000e-01	
7.631100e+00	75	7.404009e+01	2.595468e+02	7.631100e+00	75	7.780486e-01	7.000000e-01	
7.732848e+00	76	7.607428e+01	2.574641e+02	7.732848e+00	76	7.719175e-01	7.000000e-01	
7.834596e+00	77	8.287535e+01	2.657706e+02	7.834596e+00	77	7.622937e-01	7.000000e-01	
7.936344e+00	78	8.901849e+01	2.448279e+02	7.936344e+00	78	7.333549e-01	7.000000e-01	
8.038092e+00	79	6.370113e+01	2.561266e+02	8.038092e+00	79	8.008267e-01	7.000000e-01	
8.139840e+00	80	7.324878e+01	2.653018e+02	8.139840e+00	80	7.836401e-01	7.000000e-01	
8.241588e+00	81	7.608077e+01	2.696881e+02	8.241588e+00	81	7.799664e-01	7.000000e-01	
8.343336e+00	82	7.706281e+01	2.413494e+02	8.343336e+00	82	7.579778e-01	7.000000e-01	
8.445084e+00	83	7.691038e+01	2.523288e+02	8.445084e+00	83	7.663997e-01	7.000000e-01	
8.546832e+00	84	7.933476e+01	2.483654e+02	8.546832e+00	84	7.579044e-01	7.000000e-01	
8.648580e+00	85	7.846678e+01	2.196738e+02	8.648580e+00	85	7.368128e-01	7.000000e-01	
8.750328e+00	86	8.630481e+01	2.005908e+02	8.750328e+00	86	6.991770e-01	7.000000e-01	
8.852076e+00	87	5.884359e+01	1.662059e+02	8.852076e+00	87	7.385304e-01	7.000000e-01	
8.953824e+00	88	8.261890e+01	1.932541e+02	8.953824e+00	88	7.005184e-01	7.000000e-01	
9.055572e+00	89	7.252700e+01	2.232327e+02	9.055572e+00	89	7.547773e-01	7.000000e-01	
9.157320e+00	90	7.933596e+01	3.094784e+02	9.157320e+00	90	7.959541e-01	7.000000e-01	
9.259068e+00	91	9.221947e+01	2.647612e+02	9.259068e+00	91	7.416682e-01	7.000000e-01	
9.360816e+00	92	8.484903e+01	3.081119e+02	9.360816e+00	92	7.840777e-01	7.000000e-01	
9.462564e+00	93	8.223714e+01	3.119571e+02	9.462564e+00	93	7.913791e-01	7.000000e-01	
9.564312e+00	94	8.416314e+01	3.104711e+02	9.564312e+00	94	7.867313e-01	7.000000e-01	
9.666060e+00	95	8.841896e+01	3.309656e+02	9.666060e+00	95	7.891697e-01	7.000000e-01	
9.767808e+00	96	8.754186e+01	3.278499e+02	9.767808e+00	96	7.892547e-01	7.000000e-01	
9.869556e+00	97	7.475505e+01	2.346181e+02	9.869556e+00	97	7.583661e-01	7.000000e-01	
9.971304e+00	98	7.707237e+01	2.489201e+02	9.971304e+00	98	7.635762e-01	7.000000e-01	
1.007305e+01	99	7.133156e+01	2.522315e+02	1.007305e+01	99	7.795436e-01	7.000000e-01	
1.017480e+01	100	7.485573e+01	2.349574e+02	1.017480e+01	100	7.583843e-01	7.000000e-01	
1.027655e+01	101	7.927696e+01	2.910681e+02	1.027655e+01	101	7.859376e-01	7.000000e-01	
1.037830e+01	102	7.925957e+01	2.359295e+02	1.037830e+01	102	7.485333e-01	7.000000e-01	
1.048004e+01	103	7.624118e+01	2.291810e+02	1.048004e+01	103	7.503744e-01	7.000000e-01	
1.058179e+01	104	7.877622e+01	2.655834e+02	1.058179e+01	104	7.712385e-01	7.000000e-01	
1.068354e+01	105	7.312937e+01	2.485819e+02	1.068354e+01	105	7.726863e-01	7.000000e-01	
1.078529e+01	106	4.954655e+01	2.542132e+02	1.078529e+01	106	8.368890e-01	7.000000e-01	
1.088704e+01	107	7.845206e+01	2.429051e+02	1.088704e+01	107	7.558727e-01	7.000000e-01	
1.098878e+01	108	6.817602e+01	2.969955e+02	1.098878e+01	108	8.133041e-01	7.000000e-01	
1.109053e+01	109	7.633970e+01	2.847322e+02	1.109053e+01	109	7.885748e-01	7.000000e-01	
1.119228e+01	110	7.275387e+01	2.445000e+02	1.119228e+01	110	7.706762e-01	7.000000e-01	
1.129403e+01	111	6.785309e+01	2.978308e+02	1.129403e+01	111	8.144488e-01	7.000000e-01	
1.139578e+01	112	7.058557e+01	2.732849e+02	1.139578e+01	112	7.947321e-01	7.000000e-01	
1.149752e+01	113	1.128464e+02	2.887687e+02	1.149752e+01	113	7.190185e-01	7.000000e-01	
1.159927e+01	114	7.293223e+01	2.729118e+02	1.159927e+01	114	7.891181e-01	7.000000e-01	
1.170102e+01	115	7.786951e+01	2.855859e+02	1.170102e+01	115	7.857522e-01	7.000000e-01	
1.180277e+01	116	5.533180e+01	2.766560e+02	1.180277e+01	116	8.333318e-01	7.000000e-01	
1.190452e+01	117	4.844303e+01	2.598525e+02	1.190452e+01	117	8.428682e-01	7.000000e-01	
1.200626e+01	118	8.982473e+01	2.680573e+02	1.200626e+01	118	7.490102e-01	7.000000e-01	
1.210801e+01	119	9.055395e+01	2.786739e+02	1.210801e+01	119	7.547478e-01	7.000000e-01	
1.220976e+01	120	7.943167e+01	2.552620e+02	1.220976e+01	120	7.626735e-01	7.000000e-01	
1.231151e+01	121	7.458254e+01	2.733900e+02	1.231151e+01	121	7.856654e-01	7.000000e-01	
1.241326e+01	122	9.208059e+01	2.847911e+02	1.241326e+01	122	7.556712e-01	7.000000e-01	
1.251500e+01	123	6.136696e+01	2.514839e+02	1.251500e+01	123	8.038460e-01	7.000000e-01	
1.261675e+01	124	7.988291e+01	2.664309e+02	1.261675e+01	124	7.693337e-01	7.000000e-01	
1.271850e+01	125	8.730678e+01	2.614813e+02	1.271850e+01	125	7.496853e-01	7.000000e-01	
1.282025e+01	126	6.467238e+01	2.428887e+02	1.282025e+01	126	7.897251e-01	7.000000e-01	
1.292200e+01	127	4.735045e+01	2.464205e+02	1.292200e+01	127	8.388185e-01	7.000000e-01	
1.302374e+01	128	7.592981e+01	2.631213e+02	1.302374e+01	128	7.760520e-01	7.000000e-01	
1.312549e+01	129	7.074567e+01	3.418913e+02	1.312549e+01	129	8.285523e-01	7.000000e-01	
1.322724e+01	130	1.001566e+02	2.993146e+02	1.322724e+01	130	7.492770e-01	7.000000e-01	
1.332899e+01	131	8.216940e+01	3.114966e+02	1.332899e+01	131	7.912713e-01	7.000000e-01	
1.343074e+01	132	8.062089e+01	3.287570e+02	1.343074e+01	132	8.030649e-01	7.000000e-01	
1.353248e+01	133	6.489724e+01	2.335715e+02	1.353248e+01	133	7.825660e-01	7.000000e-01	
1.363423e+01	134	6.754302e+01	2.348279e+02	1.363423e+01	134	7.766220e-01	7.000000e-01	
1.373598e+01	135	7.893308e+01	2.103715e+02	1.373598e+01	135	7.271627e-01	7.000000e-01	
1.383773e+01	136	6.921239e+01	2.330941e+02	1.383773e+01	136	7.710523e-01	7.000000e-01	
1.393948e+01	137	6.461667e+01	2.695173e+02	1.393948e+01	137	8.066145e-01	7.000000e-01	
1.404122e+01	138	7.040733e+01	2.615137e+02	1.404122e+01	138	7.878793e-01	7.000000e-01	
1.414297e+01	139	6.329236e+01	2.750601e+02	1.414297e+01	139	8.129396e-01	7.000000e-01	
1.424472e+01	140	6.812715e+01	2.606175e+02	1.424472e+01	140	7.927658e-01	7.000000e-01	
1.434647e+01	141	6.238840e+01	2.930808e+02	1.434647e+01	141	8.244900e-01	7.000000e-01	
1.444822e+01	142	6.388216e+01	2.712130e+02	1.444822e+01	142	8.093611e-01	7.000000e-01	
1.454996e+01	143	5.951056e+01	2.662806e+02	1.454996e+01	143	8.173353e-01	7.000000e-01	
1.465171e+01	144	6.284287e+01	2.359024e+02	1.465171e+01	144	7.896440e-01	7.000000e-01	
1.475346e+01	145	6.261768e+01	2.304960e+02	1.475346e+01	145	7.863707e-01	7.000000e-01	
1.485521e+01	146	7.742934e+01	2.635085e+02	1.485521e+01	146	7.728931e-01	7.000000e-01	
1.495696e+01	147	6.505831e+01	2.396345e+02	1.495696e+01	147	7.864790e-01	7.000000e-01	
1.505870e+01	148	6.754941e+01	2.063974e+02	1.505870e+01	148	7.534214e-01	7.000000e-01	
1.516045e+01	149	7.541243e+01	2.463156e+02	1.516045e+01	149	7.656019e-01	7.000000e-01	
1.526220e+01	150	7.320119e+01	2.359255e+02	1.526220e+01	150	7.632000e-01	7.000000e-01	
1.536395e+01	151	8.062090e+01	2.371699e+02	1.536395e+01	151	7.463083e-01	7.000000e-01	
1.546570e+01	152	6.496973e+01	2.498252e+02	1.546570e+01	152	7.936125e-01	7.000000e-01	
1.556744e+01	153	7.810793e+01	2.593389e+02	1.556744e+01	153	7.685326e-01	7.000000e-01	
1.566919e+01	154	7.383093e+01	2.495634e+02	1.566919e+01	154	7.717000e-01	7.000000e-01	
1.577094e+01	155	6.362269e+01	2.610961e+02	1.577094e+01	155	8.040683e-01	7.000000e-01	
1.587269e+01	156	7.209611e+01	2.399052e+02	1.587269e+01	156	7.689237e-01	7.000000e-01	
1.597444e+01	157	8.344489e+01	2.490994e+02	1.597444e+01	157	7.490713e-01	7.000000e-01	
1.607618e+01	158	7.783917e+01	2.466606e+02	1.607618e+01	158	7.601257e-01	7.000000e-01	
1.617793e+01	159	7.424307e+01	2.492972e+02	1.617793e+01	159	7.705291e-01	7.000000e-01	
1.627968e+01	160	9.430019e+01	2.518587e+02	1.627968e+01	160	7.275812e-01	7.000000e-01	
1.638143e+01	161	7.564795e+01	2.542032e+02	1.638143e+01	161	7.706603e-01	7.000000e-01	
1.648318e+01	162	9.200241e+01	2.372584e+02	1.648318e+01	162	7.205789e-01	7.000000e-01	
1.658492e+01	163	7.435802e+01	2.420992e+02	1.658492e+01	163	7.650298e-01	7.000000e-01	
1.668667e+01	164	8.299650e+01	2.602202e+02	1.668667e+01	164	7.581805e-01	7.000000e-01	
1.678842e+01	165	9.557670e+01	2.491197e+02	1.678842e+01	165	7.227221e-01	7.000000e-01	
1.689017e+01	166	8.444487e+01	2.259749e+02	1.689017e+01	166	7.279656e-01	7.000000e-01	
1.699192e+01	167	7.527842e+01	2.610947e+02	1.699192e+01	167	7.762056e-01	7.000000e-01	
1.709366e+01	168	9.309818e+01	2.365048e+02	1.709366e+01	168	7.175445e-01	7.000000e-01	
1.719541e+01	169	8.103461e+01	2.339295e+02	1.719541e+01	169	7.427180e-01	7.000000e-01	
1.729716e+01	170	7.850771e+01	2.599025e+02	1.729716e+01	170	7.680102e-01	7.000000e-01	
1.739891e+01	171	8.710708e+01	2.527779e+02	1.739891e+01	171	7.437160e-01	7.000000e-01	
1.750066e+01	172	8.429455e+01	2.421827e+02	1.750066e+01	172	7.418057e-01	7.000000e-01	
1.760240e+01	173	8.137983e+01	2.434557e+02	1.760240e+01	173	7.494737e-01	7.000000e-01	
1.770415e+01	174	8.475140e+01	2.189112e+02	1.770415e+01	174	7.209027e-01	7.000000e-01	
1.780590e+01	175	9.164568e+01	2.161358e+02	1.780590e+01	175	7.022378e-01	7.000000e-01	
1.790765e+01	176	8.002807e+01	2.374086e+02	1.790765e+01	176	7.478928e-01	7.000000e-01	
1.800940e+01	177	9.334113e+01	2.892330e+02	1.800940e+01	177	7.560182e-01	7.000000e-01	
1.811114e+01	178	8.842992e+01	2.411892e+02	1.811114e+01	178	7.317209e-01	7.000000e-01	
1.821289e+01	179	1.092003e+02	3.220859e+02	1.821289e+01	179	7.468032e-01	7.000000e-01	
1.831464e+01	180	8.812528e+01	2.835278e+02	1.831464e+01	180	7.628830e-01	7.000000e-01	
1.841639e+01	181	1.004557e+02	2.836163e+02	1.841639e+01	181	7.384457e-01	7.000000e-01	
1.851814e+01	182	9.900149e+01	3.169827e+02	1.851814e+01	182	7.620066e-01	7.000000e-01	
1.861988e+01	183	9.868338e+01	2.766735e+02	1.861988e+01	183	7.370945e-01	7.000000e-01	
1.872163e+01	184	9.759074e+01	2.762855e+02	1.872163e+01	184	7.389758e-01	7.000000e-01	
1.882338e+01	185	9.357914e+01	2.512351e+02	1.882338e+01	185	7.286100e-01	7.000000e-01	
1.892513e+01	186	9.492346e+01	2.370261e+02	1.892513e+01	186	7.140425e-01	7.000000e-01	
1.902688e+01	187	9.204713e+01	2.592852e+02	1.902688e+01	187	7.380055e-01	7.000000e-01	
1.912862e+01	188	9.031892e+01	2.041671e+02	1.912862e+01	188	6.932998e-01	7.000000e-01	
1.923037e+01	189	1.009186e+02	2.582660e+02	1.923037e+01	189	7.190342e-01	7.000000e-01	
1.933212e+01	190	8.800262e+01	2.702764e+02	1.933212e+01	190	7.543741e-01	7.000000e-01	
1.943387e+01	191	9.539815e+01	2.291762e+02	1.943387e+01	191	7.060823e-01	7.000000e-01	
1.953562e+01	192	8.525414e+01	2.453386e+02	1.953562e+01	192	7.421173e-01	7.000000e-01	
1.963736e+01	193	8.789428e+01	2.483246e+02	1.963736e+01	193	7.385802e-01	7.000000e-01	
1.973911e+01	194	7.755890e+01	2.734712e+02	1.973911e+01	194	7.790534e-01	7.000000e-01	
1.984086e+01	195	9.034045e+01	2.465761e+02	1.984086e+01	195	7.318610e-01	7.000000e-01	
1.994261e+01	196	7.421790e+01	2.961185e+02	1.994261e+01	196	7.995933e-01	7.000000e-01	
2.004436e+01	197	7.494613e+01	2.614812e+02	2.004436e+01	197	7.772294e-01	7.000000e-01	
2.014610e+01	198	7.801664e+01	2.424574e+02	2.014610e+01	198	7.565586e-01	7.000000e-01	
2.024785e+01	199	1.070626e+02	2.514044e+02	2.024785e+01	199	7.013321e-01	7.000000e-01	
2.034960e+01	200	9.017289e+01	2.302382e+02	2.034960e+01	200	7.185713e-01	7.000000e-01	
2.045135e+01	201	9.282986e+01	2.394242e+02	2.045135e+01	201	7.206058e-01	7.000000e-01	
2.055310e+01	202	7.824901e+01	2.226632e+02	2.055310e+01	202	7.399607e-01	7.000000e-01	
2.065484e+01	203	9.183286e+01	2.231905e+02	2.065484e+01	203	7.084887e-01	7.000000e-01	
2.075659e+01	204	8.701976e+01	2.298410e+02	2.075659e+01	204	7.253691e-01	7.000000e-01	
2.085834e+01	205	8.492899e+01	2.433416e+02	2.085834e+01	205	7.412836e-01	7.000000e-01	
2.096009e+01	206	8.716030e+01	2.343504e+02	2.096009e+01	206	7.289039e-01	7.000000e-01	
2.106184e+01	207	8.588990e+01	2.346811e+02	2.106184e+01	207	7.320721e-01	7.000000e-01	
2.116358e+01	208	8.079147e+01	2.226048e+02	2.116358e+01	208	7.337097e-01	7.000000e-01	
2.126533e+01	209	8.353342e+01	2.404413e+02	2.126533e+01	209	7.421607e-01	7.000000e-01	
2.136708e+01	210	8.415359e+01	2.172627e+02	2.136708e+01	210	7.208061e-01	7.000000e-01	
2.146883e+01	211	9.333705e+01	2.312624e+02	2.146883e+01	211	7.124547e-01	7.000000e-01	
2.157058e+01	212	8.459212e+01	2.370435e+02	2.157058e+01	212	7.369939e-01	7.000000e-01	
2.167232e+01	213	7.753293e+01	2.420574e+02	2.167232e+01	213	7.573990e-01	7.000000e-01	
2.177407e+01	214	7.615606e+01	2.657549e+02	2.177407e+01	214	7.772635e-01	7.000000e-01	
2.187582e+01	215	8.082430e+01	2.371944e+02	2.187582e+01	215	7.458505e-01	7.000000e-01	
2.197757e+01	216	8.360531e+01	2.463402e+02	2.197757e+01	216	7.466087e-01	7.000000e-01	
2.207932e+01	217	7.971998e+01	2.385925e+02	2.207932e+01	217	7.495543e-01	7.000000e-01	
2.218106e+01	218	8.247782e+01	2.384763e+02	2.218106e+01	218	7.430230e-01	7.000000e-01	
2.228281e+01	219	8.799145e+01	2.386238e+02	2.228281e+01	219	7.305960e-01	7.000000e-01	
2.238456e+01	220	7.115831e+01	2.999160e+02	2.238456e+01	220	8.082370e-01	7.000000e-01	
2.248631e+01	221	9.017134e+01	2.549665e+02	2.248631e+01	221	7.387382e-01	7.000000e-01	
2.258806e+01	222	6.956375e+01	3.412993e+02	2.258806e+01	222	8.306887e-01	7.000000e-01	
2.268980e+01	223	6.450762e+01	2.941467e+02	2.268980e+01	223	8.201398e-01	7.000000e-01	
2.279155e+01	224	8.313741e+01	2.462875e+02	2.279155e+01	224	7.476286e-01	7.000000e-01	
2.289330e+01	225	8.523186e+01	2.575639e+02	2.289330e+01	225	7.513626e-01	7.000000e-01	
2.299505e+01	226	7.225284e+01	2.969154e+02	2.299505e+01	226	8.042821e-01	7.000000e-01	
2.309680e+01	227	7.762029e+01	2.987762e+02	2.309680e+01	227	7.937805e-01	7.000000e-01	
2.319854e+01	228	8.169566e+01	2.250293e+02	2.319854e+01	228	7.336517e-01	7.000000e-01	
2.330029e+01	229	9.536965e+01	2.809481e+02	2.330029e+01	229	7.465715e-01	7.000000e-01	
2.340204e+01	230	8.858076e+01	2.225630e+02	2.340204e+01	230	7.153060e-01	7.000000e-01	
2.350379e+01	231	8.066557e+01	2.132709e+02	2.350379e+01	231	7.255680e-01	7.000000e-01	
2.360554e+01	232	9.421949e+01	1.730956e+02	2.360554e+01	232	6.475340e-01	7.000000e-01	
2.370728e+01	233	1.239667e+02	2.008274e+02	2.370728e+01	233	6.183222e-01	7.000000e-01	
2.380903e+01	234	8.697430e+01	2.435967e+02	2.380903e+01	234	7.368968e-01	7.000000e-01	
2.391078e+01	235	8.258932e+01	2.356394e+02	2.391078e+01	235	7.404718e-01	7.000000e-01	
2.401253e+01	236	6.069449e+01	2.148865e+02	2.401253e+01	236	7.797581e-01	7.000000e-01	
2.411428e+01	237	8.649786e+01	2.117479e+02	2.411428e+01	237	7.099779e-01	7.000000e-01	
2.421602e+01	238	9.897211e+01	2.967834e+02	2.421602e+01	238	7.499160e-01	7.000000e-01	
2.431777e+01	239	8.934613e+01	2.117184e+02	2.431777e+01	239	7.032326e-01	7.000000e-01	
2.441952e+01	240	1.023236e+02	2.836435e+02	2.441952e+01	240	7.348904e-01	7.000000e-01	
2.452127e+01	241	9.244042e+01	2.722046e+02	2.452127e+01	241	7.464920e-01	7.000000e-01	
2.462302e+01	242	8.759103e+01	2.392154e+02	2.462302e+01	242	7.319789e-01	7.000000e-01	
2.472476e+01	243	1.037325e+02	2.814102e+02	2.472476e+01	243	7.306648e-01	7.000000e-01	
2.482651e+01	244	1.035026e+02	2.817002e+02	2.482651e+01	244	7.313036e-01	7.000000e-01	
2.492826e+01	245	1.091772e+02	2.884875e+02	2.492826e+01	245	7.254541e-01	7.000000e-01	
2.503001e+01	246	9.516072e+01	2.881155e+02	2.503001e+01	246	7.517177e-01	7.000000e-01	
2.513176e+01	247	1.044752e+02	2.849172e+02	2.513176e+01	247	7.316969e-01	7.000000e-01	
2.523350e+01	248	1.106912e+02	2.845391e+02	2.523350e+01	248	7.199324e-01	7.000000e-01	
2.533525e+01	249	6.942375e+01	2.678104e+02	2.533525e+01	249	7.941378e-01	7.000000e-01	
2.543700e+01	250	1.163310e+02	2.268998e+02	2.543700e+01	250	6.610706e-01	7.000000e-01	
2.553875e+01	251	6.129255e+01	2.730595e+02	2.553875e+01	251	8.166826e-01	7.000000e-01	
2.564050e+01	252	8.195082e+01	2.618971e+02	2.564050e+01	252	7.616655e-01	7.000000e-01	
2.574224e+01	253	6.800017e+01	2.819855e+02	2.574224e+01	253	8.057058e-01	7.000000e-01	
2.584399e+01	254	5.215646e+01	2.738063e+02	2.584399e+01	254	8.399926e-01	7.000000e-01	
2.594574e+01	255	6.547586e+01	2.739643e+02	2.594574e+01	255	8.071063e-01	7.000000e-01	
2.604749e+01	256	6.222685e+01	2.725035e+02	2.604749e+01	256	8.140986e-01	7.000000e-01	
2.614924e+01	257	2.981350e+02	-2.317233e+01	2.614924e+01	257	-8.427446e-02	0	
2.625098e+01	258	3.120578e+02	-1.098588e+00	2.625098e+01	258	-3.532901e-03	0	
2.635273e+01	259	3.204437e+02	2.078056e+01	2.635273e+01	259	6.090001e-02	0	
2.645448e+01	260	2.974004e+02	-2.480454e+01	2.645448e+01	260	-9.099383e-02	0	
2.655623e+01	261	3.115902e+02	-9.226243e-01	2.655623e+01	261	-2.969812e-03	0	
2.665798e+01	262	3.048579e+02	2.025283e+01	2.665798e+01	262	6.229518e-02	0	
2.675972e+01	263	3.297054e+02	6.739130e+00	2.675972e+01	263	2.003043e-02	0	
2.686147e+01	264	2.957556e+02	4.012864e+01	2.686147e+01	264	1.194716e-01	0	
2.696322e+01	265	3.268295e+02	8.916448e+00	2.696322e+01	265	2.655713e-02	0	
2.706497e+01	266	3.309573e+02	3.454794e+00	2.706497e+01	266	1.033095e-02	0	
2.716672e+01	267	3.233765e+02	4.774112e+00	2.716672e+01	267	1.454854e-02	0	
2.726846e+01	268	3.346876e+02	1.283013e+00	2.726846e+01	268	3.818825e-03	0	
2.737021e+01	269	3.067257e+02	1.808005e+01	2.737021e+01	269	5.566419e-02	0	
2.747196e+01	270	3.105121e+02	-4.339331e+00	2.747196e+01	270	-1.417282e-02	0	
2.757371e+01	271	3.185415e+02	8.841694e+00	2.757371e+01	271	2.700717e-02	0	
2.767546e+01	272	3.295497e+02	-1.244336e+01	2.767546e+01	272	-3.924034e-02	0	
2.777720e+01	273	2.808334e+02	-2.789281e+00	2.777720e+01	273	-1.003179e-02	0	
2.787895e+01	274	2.867617e+02	9.069874e+00	2.787895e+01	274	3.065891e-02	0	
2.798070e+01	275	2.943171e+02	-1.549682e+00	2.798070e+01	275	-5.293219e-03	0	
2.808245e+01	276	3.371647e+02	-2.380004e-01	2.808245e+01	276	-7.063863e-04	0	
2.818420e+01	277	3.093997e+02	4.356234e+00	2.818420e+01	277	1.388415e-02	0	
2.828594e+01	278	2.870718e+02	-1.981293e+00	2.828594e+01	278	-6.949698e-03	0	
2.838769e+01	279	3.199912e+02	-4.127685e+01	2.838769e+01	279	-1.480973e-01	0	
2.848944e+01	280	3.101500e+02	-4.241386e+00	2.848944e+01	280	-1.386488e-02	0	
2.859119e+01	281	3.064250e+02	-2.938455e+00	2.859119e+01	281	-9.682324e-03	0	
2.869294e+01	282	3.557779e+02	2.046386e+01	2.869294e+01	282	5.439019e-02	0	
2.879468e+01	283	3.533948e+02	2.554123e+01	2.879468e+01	283	6.740248e-02	0	
2.889643e+01	284	3.580960e+02	1.876965e+01	2.889643e+01	284	4.980462e-02	0	
2.899818e+01	285	3.478618e+02	-6.503729e+00	2.899818e+01	285	-1.905251e-02	0	
2.909993e+01	286	3.540908e+02	2.728913e+01	2.909993e+01	286	7.155366e-02	0	
2.920168e+01	287	3.575925e+02	2.167726e-01	2.920168e+01	287	6.058328e-04	0	
2.930342e+01	288	3.500759e+02	4.015181e+00	2.930342e+01	288	1.133940e-02	0	
2.940517e+01	289	3.123887e+02	1.652539e+01	2.940517e+01	289	5.024227e-02	0	
2.950692e+01	290	3.122022e+02	1.313346e+01	2.950692e+01	290	4.036895e-02	0	
2.960867e+01	291	3.245464e+02	2.341556e+01	2.960867e+01	291	6.729345e-02	0	
2.971042e+01	292	3.181187e+02	1.225646e+00	2.971042e+01	292	3.838008e-03	0	
2.981216e+01	293	3.027520e+02	1.690975e+01	2.981216e+01	293	5.289888e-02	0	
2.991391e+01	294	3.040382e+02	1.954433e+01	2.991391e+01	294	6.039983e-02	0	
3.001566e+01	295	3.048620e+02	4.733152e-01	3.001566e+01	295	1.550149e-03	0	
3.011741e+01	296	3.181063e+02	-8.193539e+00	3.011741e+01	296	-2.643821e-02	0	
3.021916e+01	297	3.002374e+02	-4.060868e+00	3.021916e+01	297	-1.371097e-02	0	
3.032090e+01	298	3.135025e+02	-1.585815e+01	3.032090e+01	298	-5.327885e-02	0	
3.042265e+01	299	3.136714e+02	-6.604637e-01	3.042265e+01	299	-2.110034e-03	0	
3.052440e+01	300	2.730637e+02	2.279805e+01	3.052440e+01	300	7.705643e-02	0	
3.062615e+01	301	3.179477e+02	-1.041116e+00	3.062615e+01	301	-3.285246e-03	0	
3.072790e+01	302	3.454510e+02	-4.657739e+00	3.072790e+01	302	-1.366734e-02	0	
3.082964e+01	303	2.998335e+02	1.969597e+00	3.082964e+01	303	6.526099e-03	0	
3.093139e+01	304	3.385880e+02	-1.801133e+01	3.093139e+01	304	-5.618416e-02	0	
3.103314e+01	305	3.398957e+02	-1.455192e+01	3.103314e+01	305	-4.472783e-02	0	
3.113489e+01	306	3.256532e+02	-2.559060e+00	3.113489e+01	306	-7.920478e-03	0	
3.123664e+01	307	3.425724e+02	-2.081369e+00	3.123664e+01	307	-6.112845e-03	0	
3.133838e+01	308	3.424562e+02	-6.199766e+00	3.133838e+01	308	-1.843761e-02	0	
3.144013e+01	309	3.292826e+02	-7.425570e+00	3.144013e+01	309	-2.307102e-02	0	
3.154188e+01	310	3.261109e+02	-1.875206e+01	3.154188e+01	310	-6.101032e-02	0	
3.164363e+01	311	3.315459e+02	-4.708210e+00	3.164363e+01	311	-1.440535e-02	0	
3.174538e+01	312	3.418105e+02	-7.712130e+00	3.174538e+01	312	-2.308341e-02	0	
3.184712e+01	313	3.410315e+02	-6.253051e+00	3.184712e+01	313	-1.867818e-02	0	
3.194887e+01	314	3.223214e+02	-1.145436e+01	3.194887e+01	314	-3.684649e-02	0	
3.205062e+01	315	3.438518e+02	-1.607675e+01	3.205062e+01	315	-4.904812e-02	0	
3.215237e+01	316	3.319718e+02	-1.776688e+00	3.215237e+01	316	-5.380722e-03	0	
3.225412e+01	317	3.607083e+02	-1.711611e+01	3.225412e+01	317	-4.981519e-02	0	
3.235586e+01	318	3.442500e+02	-9.427233e+00	3.235586e+01	318	-2.815589e-02	0	
3.245761e+01	319	3.551585e+02	-8.510857e+00	3.245761e+01	319	-2.455190e-02	0	
3.255936e+01	320	3.697501e+02	-2.095519e+01	3.255936e+01	320	-6.007883e-02	0	
3.266111e+01	321	2.941502e+02	-3.712145e+00	3.266111e+01	321	-1.278119e-02	0	
3.276286e+01	322	2.679803e+02	1.026639e+01	3.276286e+01	322	3.689672e-02	0	
3.286460e+01	323	3.029865e+02	5.124812e-01	3.286460e+01	323	1.688576e-03	0	
3.296635e+01	324	2.885840e+02	8.769538e+00	3.296635e+01	324	2.949196e-02	0	
3.306810e+01	325	3.064289e+02	5.331638e+00	3.306810e+01	325	1.710171e-02	0	
3.316985e+01	326	3.060699e+02	6.141066e+00	3.316985e+01	326	1.966960e-02	0	
3.327160e+01	327	2.971902e+02	-1.678072e-01	3.327160e+01	327	-5.649648e-04	0	
3.337334e+01	328	3.198361e+02	1.640537e+01	3.337334e+01	328	4.879044e-02	0	
3.347509e+01	329	3.147150e+02	2.177290e+00	3.347509e+01	329	6.870757e-03	0	
3.357684e+01	330	3.040102e+02	2.168054e+01	3.357684e+01	330	6.656787e-02	0	
3.367859e+01	331	3.089709e+02	2.232371e+00	3.367859e+01	331	7.173353e-03	0	
3.378034e+01	332	3.017908e+02	-6.211372e+00	3.378034e+01	332	-2.101422e-02	0	
3.388208e+01	333	3.100875e+02	1.374251e+01	3.388208e+01	333	4.243742e-02	0	
3.398383e+01	334	3.124871e+02	9.772585e+00	3.398383e+01	334	3.032519e-02	0	
3.408558e+01	335	2.981925e+02	1.653082e+01	3.408558e+01	335	5.252493e-02	0	
3.418733e+01	336	3.232369e+02	1.532376e+01	3.418733e+01	336	4.526149e-02	0	
3.428908e+01	337	3.164119e+02	-4.128606e+00	3.428908e+01	337	-1.322071e-02	0	
3.439082e+01	338	2.998039e+02	2.432902e+01	3.439082e+01	338	7.505878e-02	0	
3.449257e+01	339	3.228240e+02	5.138270e+00	3.449257e+01	339	1.566726e-02	0	
3.459432e+01	340	3.478706e+02	2.886335e+01	3.459432e+01	340	7.661468e-02	0	
3.469607e+01	341	3.146370e+02	1.926093e+01	3.469607e+01	341	5.768508e-02	0	
3.479782e+01	342	3.551753e+02	-5.899666e+00	3.479782e+01	342	-1.689115e-02	0	
3.489956e+01	343	3.056404e+02	-1.501137e+01	3.489956e+01	343	-5.165131e-02	0	
3.500131e+01	344	3.217752e+02	1.943076e+00	3.500131e+01	344	6.002367e-03	0	
3.510306e+01	345	3.173992e+02	5.311347e+00	3.510306e+01	345	1.645855e-02	0	
3.520481e+01	346	3.744568e+02	-8.963862e+00	3.520481e+01	346	-2.452540e-02	0	
3.530656e+01	347	3.692415e+02	-1.920197e+00	3.530656e+01	347	-5.227568e-03	0	
3.540830e+01	348	3.768516e+02	-1.237676e+01	3.540830e+01	348	-3.395779e-02	0	
3.551005e+01	349	3.895400e+02	-3.869243e-01	3.551005e+01	349	-9.942728e-04	0	
3.561180e+01	350	3.429938e+02	-4.239316e+00	3.561180e+01	350	-1.251442e-02	0	
3.571355e+01	351	3.248953e+02	1.262309e+00	3.571355e+01	351	3.870242e-03	0	
3.581530e+01	352	3.577649e+02	-6.249667e+00	3.581530e+01	352	-1.777922e-02	0	
3.591704e+01	353	3.716153e+02	-1.258543e+01	3.591704e+01	353	-3.505399e-02	0	
3.601879e+01	354	3.698640e+02	-2.583635e+01	3.601879e+01	354	-7.509963e-02	0	
3.612054e+01	355	3.715062e+02	-1.010723e+01	3.612054e+01	355	-2.796696e-02	0	
3.622229e+01	356	2.750445e+02	1.290663e+00	3.622229e+01	356	4.670643e-03	0	
3.632404e+01	357	2.859790e+02	5.510557e+00	3.632404e+01	357	1.890482e-02	0	
3.642578e+01	358	2.719032e+02	6.021876e+00	3.642578e+01	358	2.166726e-02	0	
3.652753e+01	359	2.991266e+02	-9.263062e+00	3.652753e+01	359	-3.195663e-02	0	
3.662928e+01	360	2.845972e+02	7.825308e+00	3.662928e+01	360	2.676028e-02	0	
3.673103e+01	361	2.473025e+02	9.398479e+00	3.673103e+01	361	3.661256e-02	0	
3.683278e+01	362	2.705908e+02	2.035125e+00	3.683278e+01	362	7.464899e-03	0	
3.693452e+01	363	2.829869e+02	1.051972e+01	3.693452e+01	363	3.584151e-02	0	
3.703627e+01	364	2.701900e+02	1.080540e+01	3.703627e+01	364	3.845401e-02	0	
3.713802e+01	365	2.799479e+02	2.438937e+00	3.713802e+01	365	8.636865e-03	0	
3.723977e+01	366	3.327284e+02	1.639924e+00	3.723977e+01	366	4.904544e-03	0	
3.734152e+01	367	3.817552e+02	-2.757526e+00	3.734152e+01	367	-7.275839e-03	0	
3.744326e+01	368	3.029716e+02	3.482569e+00	3.744326e+01	368	1.136408e-02	0	
3.754501e+01	369	3.330399e+02	1.254775e+01	3.754501e+01	369	3.630844e-02	0	
3.764676e+01	370	3.238407e+02	-9.908442e-02	3.764676e+01	370	-3.060602e-04	0	
3.774851e+01	371	3.438882e+02	-6.201680e+00	3.774851e+01	371	-1.836520e-02	0	
3.785026e+01	372	3.320868e+02	-9.585929e+00	3.785026e+01	372	-2.972373e-02	0	
3.795200e+01	373	3.297163e+02	4.776471e+00	3.795200e+01	373	1.427974e-02	0	
3.805375e+01	374	3.530123e+02	-1.927645e+01	3.805375e+01	374	-5.775960e-02	0	
3.815550e+01	375	3.296795e+02	1.569072e+01	3.815550e+01	375	4.543160e-02	0	
3.825725e+01	376	3.144524e+02	-2.060434e+01	3.825725e+01	376	-7.011903e-02	0	
3.835900e+01	377	3.386588e+02	-1.726410e+01	3.835900e+01	377	-5.371619e-02	0	
3.846074e+01	378	3.180712e+02	-6.474067e+00	3.846074e+01	378	-2.077704e-02	0	
3.856249e+01	379	3.207758e+02	-6.292819e+01	3.856249e+01	379	-2.440519e-01	0	
3.866424e+01	380	3.422207e+02	-1.724273e+01	3.866424e+01	380	-5.305815e-02	0	
3.876599e+01	381	3.268938e+02	-6.164328e+00	3.876599e+01	381	-1.921971e-02	0	
3.886774e+01	382	3.349841e+02	-1.749961e+01	3.886774e+01	382	-5.511957e-02	0	
3.896948e+01	383	3.262091e+02	-2.655568e+01	3.896948e+01	383	-8.862131e-02	0	
3.907123e+01	384	3.403898e+02	2.436696e+01	3.907123e+01	384	6.680331e-02	0	
3.917298e+01	385	3.078620e+02	-9.384334e+00	3.917298e+01	385	-3.144066e-02	0	
3.927473e+01	386	3.410510e+02	3.328520e+00	3.927473e+01	386	9.665267e-03	0	
3.937648e+01	387	3.310565e+02	2.858903e+00	3.937648e+01	387	8.561758e-03	0	
3.947822e+01	388	3.500863e+02	-5.074479e+00	3.947822e+01	388	-1.470813e-02	0	
3.957997e+01	389	3.490719e+02	-5.235162e+00	3.957997e+01	389	-1.522572e-02	0	
3.968172e+01	390	3.288087e+02	-5.512118e+00	3.968172e+01	390	-1.704973e-02	0	
3.978347e+01	391	3.500168e+02	-8.335086e-01	3.978347e+01	391	-2.387023e-03	0	
3.988522e+01	392	3.272601e+02	1.755781e+01	3.988522e+01	392	5.091908e-02	0	
3.998696e+01	393	3.162658e+02	6.068147e+00	3.998696e+01	393	1.882565e-02	0	
4.008871e+01	394	2.974362e+02	1.560466e+01	4.008871e+01	394	4.984864e-02	0	
4.019046e+01	395	3.399153e+02	1.349811e+01	4.019046e+01	395	3.819354e-02	0	
4.029221e+01	396	3.397073e+02	5.057794e+00	4.029221e+01	396	1.467026e-02	0	
4.039396e+01	397	3.481487e+02	-6.867864e+00	4.039396e+01	397	-2.012379e-02	0	
4.049570e+01	398	3.434686e+02	6.509788e+00	4.049570e+01	398	1.860054e-02	0	
4.059745e+01	399	3.452415e+02	-6.032119e+00	4.059745e+01	399	-1.778288e-02	0	
4.069920e+01	400	3.429091e+02	9.393703e-01	4.069920e+01	400	2.731931e-03	0	
4.080095e+01	401	3.525656e+02	7.003870e+00	4.080095e+01	401	1.947849e-02	0	
4.090270e+01	402	3.480057e+02	-8.033484e+00	4.090270e+01	402	-2.362983e-02	0	
4.100444e+01	403	3.305976e+02	1.023263e+01	4.100444e+01	403	3.002266e-02	0	
4.110619e+01	404	3.110781e+02	-5.714851e+00	4.110619e+01	404	-1.871493e-02	0	
4.120794e+01	405	3.200086e+02	-9.550094e+00	4.120794e+01	405	-3.076126e-02	0	
4.130969e+01	406	3.434902e+02	1.851124e+00	4.130969e+01	406	5.360274e-03	0	
4.141144e+01	407	3.205457e+02	-7.749795e+00	4.141144e+01	407	-2.477588e-02	0	
4.151318e+01	408	3.405610e+02	-1.408630e+00	4.151318e+01	408	-4.153384e-03	0	
4.161493e+01	409	3.294071e+02	-1.101286e+01	4.161493e+01	409	-3.458875e-02	0	
4.171668e+01	410	3.100283e+02	-8.278400e+00	4.171668e+01	410	-2.743464e-02	0	
4.181843e+01	411	2.976667e+02	-4.947807e-01	4.181843e+01	411	-1.664965e-03	0	
4.192018e+01	412	3.156930e+02	-9.037698e+00	4.192018e+01	412	-2.947185e-02	0	
4.202192e+01	413	3.257858e+02	8.154705e+00	4.202192e+01	413	2.441963e-02	0	
4.212367e+01	414	2.574736e+02	-2.314062e+00	4.212367e+01	414	-9.069079e-03	0	
4.222542e+01	415	3.243691e+02	-2.653883e+00	4.222542e+01	415	-8.249168e-03	0	
4.232717e+01	416	2.993884e+02	-1.615176e+01	4.232717e+01	416	-5.702567e-02	0	
4.242892e+01	417	3.076908e+02	4.020230e+00	4.242892e+01	417	1.289730e-02	0	
4.253066e+01	418	3.266667e+02	-1.595033e+00	4.253066e+01	418	-4.906712e-03	0	
4.263241e+01	419	3.227768e+02	1.777422e+01	4.263241e+01	419	5.219253e-02	0	
4.273416e+01	420	3.316904e+02	5.531765e+00	4.273416e+01	420	1.640392e-02	0	
4.283591e+01	421	3.289517e+02	-5.927718e+00	4.283591e+01	421	-1.835071e-02	0	
4.293766e+01	422	3.069679e+02	2.056749e+01	4.293766e+01	422	6.279471e-02	0	
4.303940e+01	423	3.245994e+02	1.208232e+01	4.303940e+01	423	3.588647e-02	0	
4.314115e+01	424	2.921861e+02	-7.624457e+00	4.314115e+01	424	-2.679369e-02	0	
4.324290e+01	425	3.388411e+02	-6.064046e+00	4.324290e+01	425	-1.822255e-02	0	
4.334465e+01	426	3.586885e+02	-1.930912e+01	4.334465e+01	426	-5.689538e-02	0	
4.344640e+01	427	3.655709e+02	-5.188852e+00	4.344640e+01	427	-1.439820e-02	0	
4.354814e+01	428	3.246387e+02	4.027611e+00	4.354814e+01	428	1.225441e-02	0	
4.364989e+01	429	3.607886e+02	-1.432224e+01	4.364989e+01	429	-4.133804e-02	0	
4.375164e+01	430	3.657952e+02	2.905218e+00	4.375164e+01	430	7.879617e-03	0	
4.385339e+01	431	3.447770e+02	3.214162e+00	4.385339e+01	431	9.236332e-03	0	
4.395514e+01	432	3.512840e+02	4.049331e+00	4.395514e+01	432	1.139587e-02	0	
4.405688e+01	433	3.448124e+02	1.092904e+01	4.405688e+01	433	3.072186e-02	0	
4.415863e+01	434	3.949055e+02	2.263857e+00	4.415863e+01	434	5.699979e-03	0	
4.426038e+01	435	3.471560e+02	-2.086213e+00	4.426038e+01	435	-6.045771e-03	0	
4.436213e+01	436	3.436885e+02	2.067757e+00	4.436213e+01	436	5.980389e-03	0	
4.446388e+01	437	3.296085e+02	1.925060e+01	4.446388e+01	437	5.518159e-02	0	
4.456562e+01	438	3.626779e+02	1.601895e-01	4.456562e+01	438	4.414903e-04	0	
4.466737e+01	439	3.610802e+02	8.368542e+00	4.466737e+01	439	2.265143e-02	0	
4.476912e+01	440	3.530717e+02	-2.252687e+00	4.476912e+01	440	-6.421223e-03	0	
4.487087e+01	441	3.506827e+02	9.222769e-01	4.487087e+01	441	2.623048e-03	0	
4.497262e+01	442	3.412062e+02	-7.289680e+00	4.497262e+01	442	-2.183085e-02	0	
4.507436e+01	443	3.480936e+02	2.687160e+00	4.507436e+01	443	7.660511e-03	0	
4.517611e+01	444	3.563701e+02	-1.935899e+00	4.517611e+01	444	-5.461942e-03	0	
4.527786e+01	445	3.409563e+02	-6.872098e+00	4.527786e+01	445	-2.056996e-02	0	
4.537961e+01	446	3.415029e+02	-3.367144e+00	4.537961e+01	446	-9.957965e-03	0	
4.548136e+01	447	3.357780e+02	-5.841552e+00	4.548136e+01	447	-1.770508e-02	0	
4.558310e+01	448	3.436903e+02	-3.390442e+00	4.558310e+01	448	-9.963101e-03	0	
4.568485e+01	449	3.545956e+02	-1.549041e+01	4.568485e+01	449	-4.568025e-02	0	
4.578660e+01	450	3.074040e+02	-8.235377e-01	4.578660e+01	450	-2.686204e-03	0	
4.588835e+01	451	3.600640e+02	-8.409507e+00	4.588835e+01	451	-2.391412e-02	0	
4.599010e+01	452	3.104260e+02	3.914466e+00	4.599010e+01	452	1.245295e-02	0	
4.609184e+01	453	2.810858e+02	-2.085549e+01	4.609184e+01	453	-8.014243e-02	0	
4.619359e+01	454	3.259453e+02	-1.795686e+01	4.619359e+01	454	-5.830368e-02	0	
4.629534e+01	455	3.273319e+02	4.848146e+00	4.629534e+01	455	1.459493e-02	0	
4.639709e+01	456	3.085364e+02	6.682738e+00	4.639709e+01	456	2.120029e-02	0	
4.649884e+01	457	3.083492e+02	1.569476e+01	4.649884e+01	457	4.843405e-02	0	
4.660058e+01	458	2.902545e+02	-1.388801e+01	4.660058e+01	458	-5.025215e-02	0	
4.670233e+01	459	3.099140e+02	3.716737e+00	4.670233e+01	459	1.185068e-02	0	
4.680408e+01	460	3.498350e+02	2.008728e+01	4.680408e+01	460	5.430135e-02	0	
4.690583e+01	461	3.050230e+02	-7.718004e+00	4.690583e+01	461	-2.595989e-02	0	
4.700758e+01	462	2.998021e+02	3.312387e+00	4.700758e+01	462	1.092784e-02	0	
4.710932e+01	463	3.585264e+02	1.219594e+01	4.710932e+01	463	3.289777e-02	0	
4.721107e+01	464	3.429476e+02	1.612222e+01	4.721107e+01	464	4.489996e-02	0	
4.731282e+01	465	3.804705e+02	-1.452114e+01	4.731282e+01	465	-3.968074e-02	0	
4.741457e+01	466	3.648585e+02	1.258794e+01	4.741457e+01	466	3.335027e-02	0	
4.751632e+01	467	3.677521e+02	-5.969080e-01	4.751632e+01	467	-1.625765e-03	0	
4.761806e+01	468	3.501006e+02	3.833327e+00	4.761806e+01	468	1.083063e-02	0	
4.771981e+01	469	3.352191e+02	1.632566e+01	4.771981e+01	469	4.643978e-02	0	
4.782156e+01	470	3.396331e+02	-7.891871e+00	4.782156e+01	470	-2.378924e-02	0	
4.792331e+01	471	3.612493e+02	1.115176e+01	4.792331e+01	471	2.994556e-02	0	
4.802506e+01	472	3.349120e+02	-5.160482e+00	4.802506e+01	472	-1.564961e-02	0	
4.812680e+01	473	3.462167e+02	-1.552766e+01	4.812680e+01	473	-4.695547e-02	0	
4.822855e+01	474	3.297533e+02	-1.656593e+01	4.822855e+01	474	-5.289463e-02	0	
4.833030e+01	475	3.414074e+02	9.461595e+00	4.833030e+01	475	2.696618e-02	0	
4.843205e+01	476	3.326575e+02	-1.037555e+01	4.843205e+01	476	-3.219402e-02	0	
4.853380e+01	477	3.656839e+02	-1.837904e+01	4.853380e+01	477	-5.291904e-02	0	
4.863554e+01	478	3.701096e+02	-2.635303e+01	4.863554e+01	478	-7.666189e-02	0	
4.873729e+01	479	3.327955e+02	-2.702861e+00	4.873729e+01	479	-8.188189e-03	0	
4.883904e+01	480	3.140807e+02	-2.482443e+00	4.883904e+01	480	-7.966806e-03	0	
4.894079e+01	481	3.657388e+02	-8.833656e+00	4.894079e+01	481	-2.475071e-02	0	
4.904254e+01	482	3.377060e+02	-1.453327e+01	4.904254e+01	482	-4.497060e-02	0	
4.914428e+01	483	3.334018e+02	-1.236753e+01	4.914428e+01	483	-3.852402e-02	0	
4.924603e+01	484	2.987689e+02	-6.467562e-01	4.924603e+01	484	-2.169434e-03	0	
4.934778e+01	485	3.206376e+02	-9.178110e+00	4.934778e+01	485	-2.946807e-02	0	
4.944953e+01	486	3.018954e+02	1.016713e+01	4.944953e+01	486	3.258043e-02	0	
4.955128e+01	487	3.325104e+02	-5.727833e+00	4.955128e+01	487	-1.752796e-02	0	
4.965302e+01	488	3.378852e+02	-6.424776e+00	4.965302e+01	488	-1.938324e-02	0	
4.975477e+01	489	3.332897e+02	-4.845341e+00	4.975477e+01	489	-1.475240e-02	0	
4.985652e+01	490	3.132859e+02	-4.382182e-01	4.985652e+01	490	-1.400740e-03	0	
4.995827e+01	491	3.154582e+02	-4.070110e+00	4.995827e+01	491	-1.307086e-02	0	
5.006002e+01	492	3.367392e+02	-1.412489e+00	5.006002e+01	492	-4.212277e-03	0	
5.016176e+01	493	3.546867e+02	-5.444345e+00	5.016176e+01	493	-1.558902e-02	0	
5.026351e+01	494	3.608937e+02	2.866752e+00	5.026351e+01	494	7.880879e-03	0	
5.036526e+01	495	3.476852e+02	-6.491460e+00	5.036526e+01	495	-1.902573e-02	0	
5.046701e+01	496	3.338244e+02	-9.318607e+00	5.046701e+01	496	-2.871630e-02	0	
5.056876e+01	497	3.295499e+02	-4.088615e+00	5.056876e+01	497	-1.256252e-02	0	
5.067050e+01	498	3.412218e+02	-7.877432e+00	5.067050e+01	498	-2.363151e-02	0	
5.077225e+01	499	3.519329e+02	-6.206382e+00	5.077225e+01	499	-1.795171e-02	0	
5.087400e+01	500	3.462272e+02	-7.011775e+00	5.087400e+01	500	-2.067057e-02	0	
5.097575e+01	501	3.387708e+02	-4.948685e+00	5.097575e+01	501	-1.482432e-02	0	
5.107750e+01	502	3.742548e+02	-5.995931e+00	5.107750e+01	502	-1.628184e-02	0	
5.117924e+01	503	3.400197e+02	4.337260e+00	5.117924e+01	503	1.259524e-02	0	
5.128099e+01	504	3.404865e+02	-1.830549e+00	5.128099e+01	504	-5.405335e-03	0	
5.138274e+01	505	3.158463e+02	1.708600e+01	5.138274e+01	505	5.131974e-02	0	
5.148449e+01	506	3.624037e+02	-6.344330e+00	5.148449e+01	506	-1.781818e-02	0	
5.158624e+01	507	3.197803e+02	-4.139117e+00	5.158624e+01	507	-1.311336e-02	0	
5.168798e+01	508	3.363672e+02	8.490544e+00	5.168798e+01	508	2.462042e-02	0	
5.178973e+01	509	3.320132e+02	-5.259598e-01	5.178973e+01	509	-1.586667e-03	0	
5.189148e+01	510	3.171970e+02	3.241682e+00	5.189148e+01	510	1.011639e-02	0	
5.199323e+01	511	3.283209e+02	-3.347639e+01	5.199323e+01	511	-1.135391e-01	0	
5.209498e+01	512	3.302831e+02	1.743198e+01	5.209498e+01	512	5.013294e-02	0	
5.219672e+01	513	3.153320e+02	3.655701e+00	5.219672e+01	513	1.146032e-02	0	
5.229847e+01	514	3.211433e+02	7.305217e+00	5.229847e+01	514	2.224159e-02	0	
5.240022e+01	515	3.289568e+02	1.572658e+01	5.240022e+01	515	4.562616e-02	0	
5.250197e+01	516	3.209423e+02	3.774564e+01	5.250197e+01	516	1.052325e-01	0	
5.260372e+01	517	3.121942e+02	3.554380e+01	5.260372e+01	517	1.022143e-01	0	
5.270546e+01	518	3.270052e+02	2.195164e+01	5.270546e+01	518	6.290646e-02	0	
5.280721e+01	519	2.953938e+02	4.147559e+01	5.280721e+01	519	1.231207e-01	0	
5.290896e+01	520	3.357008e+02	2.052355e+01	5.290896e+01	520	5.761411e-02	0	
5.301071e+01	521	3.225616e+02	2.816782e+01	5.301071e+01	521	8.031211e-02	0	
5.311246e+01	522	3.628608e+02	1.755975e+01	5.311246e+01	522	4.615878e-02	0	
5.321420e+01	523	3.401466e+02	5.039374e+00	5.321420e+01	523	1.459901e-02	0	
5.331595e+01	524	3.177451e+02	3.684557e+01	5.331595e+01	524	1.039102e-01	0	
5.341770e+01	525	3.200470e+02	-6.567784e+00	5.341770e+01	525	-2.095126e-02	0	
5.351945e+01	526	3.215381e+02	-5.138208e+00	5.351945e+01	526	-1.623960e-02	0	
5.362120e+01	527	3.121616e+02	8.422337e+00	5.362120e+01	527	2.627186e-02	0	
5.372294e+01	528	3.382162e+02	-1.010910e+01	5.372294e+01	528	-3.081037e-02	0	
5.382469e+01	529	3.354130e+02	2.597058e+00	5.382469e+01	529	7.683375e-03	0	
5.392644e+01	530	3.366784e+02	-1.531820e+01	5.392644e+01	530	-4.766676e-02	0	
5.402819e+01	531	3.433933e+02	-8.088346e+00	5.402819e+01	531	-2.412236e-02	0	
5.412994e+01	532	3.214723e+02	-2.000116e+00	5.412994e+01	532	-6.260689e-03	0	
5.423168e+01	533	3.101257e+02	-9.303497e+00	5.423168e+01	533	-3.092690e-02	0	
5.433343e+01	534	3.767424e+02	2.972759e+00	5.433343e+01	534	7.828918e-03	0	
5.443518e+01	535	3.201636e+02	-6.266885e+00	5.443518e+01	535	-1.996480e-02	0	
5.453693e+01	536	3.640765e+02	-7.677375e+00	5.453693e+01	536	-2.154151e-02	0	
5.463868e+01	537	3.531349e+02	-4.032014e+00	5.463868e+01	537	-1.154964e-02	0	
5.474042e+01	538	3.575988e+02	-1.043017e+01	5.474042e+01	538	-3.004353e-02	0	
5.484217e+01	539	3.650667e+02	-1.062058e+01	5.484217e+01	539	-2.996388e-02	0	
5.494392e+01	540	3.553833e+02	-8.113161e+00	5.494392e+01	540	-2.336268e-02	0	
5.504567e+01	541	3.413428e+02	2.406098e+01	5.504567e+01	541	6.584765e-02	0	
5.514742e+01	542	3.608228e+02	5.859544e+00	5.514742e+01	542	1.597989e-02	0	
5.524916e+01	543	3.300799e+02	1.212646e+01	5.524916e+01	543	3.543610e-02	0	
5.535091e+01	544	3.651095e+02	4.876013e+00	5.535091e+01	544	1.317893e-02	0	
5.545266e+01	545	3.141157e+02	1.529888e+01	5.545266e+01	545	4.644263e-02	0	
5.555441e+01	546	3.083805e+02	1.979107e+01	5.555441e+01	546	6.030708e-02	0	
5.565616e+01	547	3.012429e+02	1.874219e+01	5.565616e+01	547	5.857207e-02	0	
5.575790e+01	548	6.628349e+01	2.285658e+02	5.575790e+01	548	7.751954e-01	7.000000e-01	
5.585965e+01	549	6.393501e+01	2.329597e+02	5.585965e+01	549	7.846543e-01	7.000000e-01	
5.596140e+01	550	4.223437e+01	2.181497e+02	5.596140e+01	550	8.377997e-01	7.000000e-01	
5.606315e+01	551	6.339148e+01	2.398768e+02	5.606315e+01	551	7.909723e-01	7.000000e-01	
5.616490e+01	552	8.001459e+01	2.537976e+02	5.616490e+01	552	7.603006e-01	7.000000e-01	
5.626664e+01	553	3.822449e+01	2.145965e+02	5.626664e+01	553	8.488081e-01	7.000000e-01	
5.636839e+01	554	8.653322e+01	2.442935e+02	5.636839e+01	554	7.384334e-01	7.000000e-01	
5.647014e+01	555	6.430097e+01	2.452502e+02	5.647014e+01	555	7.922768e-01	7.000000e-01	
5.657189e+01	556	6.091439e+01	2.311016e+02	5.657189e+01	556	7.914005e-01	7.000000e-01	
5.667364e+01	557	8.804742e+01	2.866060e+02	5.667364e+01	557	7.649897e-01	7.000000e-01	
5.677538e+01	558	9.796425e+01	2.751352e+02	5.677538e+01	558	7.374313e-01	7.000000e-01	
5.687713e+01	559	7.812950e+01	2.556674e+02	5.687713e+01	559	7.659370e-01	7.000000e-01	
5.697888e+01	560	1.085462e+02	2.573619e+02	5.697888e+01	560	7.033512e-01	7.000000e-01	
5.708063e+01	561	9.610193e+01	2.622047e+02	5.708063e+01	561	7.317886e-01	7.000000e-01	
5.718238e+01	562	8.866324e+01	2.613787e+02	5.718238e+01	562	7.467068e-01	7.000000e-01	
5.728412e+01	563	1.094047e+02	2.494451e+02	5.728412e+01	563	6.951240e-01	7.000000e-01	
5.738587e+01	564	9.985632e+01	2.604902e+02	5.738587e+01	564	7.228881e-01	7.000000e-01	
5.748762e+01	565	9.460018e+01	2.587505e+02	5.748762e+01	565	7.322768e-01	7.000000e-01	
5.758937e+01	566	1.056071e+02	2.668976e+02	5.758937e+01	566	7.164946e-01	7.000000e-01	
5.769112e+01	567	1.151979e+02	2.714524e+02	5.769112e+01	567	7.020618e-01	7.000000e-01	
5.779286e+01	568	9.346895e+01	2.554102e+02	5.779286e+01	568	7.320879e-01	7.000000e-01	
5.789461e+01	569	9.619690e+01	2.511878e+02	5.789461e+01	569	7.230825e-01	7.000000e-01	
5.799636e+01	570	9.404935e+01	2.610565e+02	5.799636e+01	570	7.351512e-01	7.000000e-01	
5.809811e+01	571	1.009265e+02	2.372945e+02	5.809811e+01	571	7.015960e-01	7.000000e-01	
5.819986e+01	572	9.610130e+01	2.509048e+02	5.819986e+01	572	7.230559e-01	7.000000e-01	
5.830160e+01	573	8.119518e+01	2.626190e+02	5.830160e+01	573	7.638399e-01	7.000000e-01	
5.840335e+01	574	8.941643e+01	2.625329e+02	5.840335e+01	574	7.459395e-01	7.000000e-01	
5.850510e+01	575	9.417683e+01	2.871616e+02	5.850510e+01	575	7.530361e-01	7.000000e-01	
5.860685e+01	576	9.528508e+01	2.591842e+02	5.860685e+01	576	7.311895e-01	7.000000e-01	
5.870860e+01	577	9.643374e+01	2.484786e+02	5.870860e+01	577	7.204109e-01	7.000000e-01	
5.881034e+01	578	9.048385e+01	2.548911e+02	5.881034e+01	578	7.380127e-01	7.000000e-01	
5.891209e+01	579	9.831248e+01	2.852271e+02	5.891209e+01	579	7.436706e-01	7.000000e-01	
5.901384e+01	580	9.291993e+01	2.685194e+02	5.901384e+01	580	7.429169e-01	7.000000e-01	
5.911559e+01	581	1.051202e+02	2.995331e+02	5.911559e+01	581	7.402216e-01	7.000000e-01	
5.921734e+01	582	9.485541e+01	3.142557e+02	5.921734e+01	582	7.681427e-01	7.000000e-01	
5.931908e+01	583	9.253102e+01	2.745738e+02	5.931908e+01	583	7.479439e-01	7.000000e-01	
5.942083e+01	584	8.903919e+01	2.547209e+02	5.942083e+01	584	7.409845e-01	7.000000e-01	
5.952258e+01	585	8.597378e+01	2.524873e+02	5.952258e+01	585	7.459862e-01	7.000000e-01	
5.962433e+01	586	7.382023e+01	2.129090e+02	5.962433e+01	586	7.425438e-01	7.000000e-01	
5.972608e+01	587	9.462678e+01	2.845455e+02	5.972608e+01	587	7.504386e-01	7.000000e-01	
5.982782e+01	588	8.127868e+01	2.671140e+02	5.982782e+01	588	7.667038e-01	7.000000e-01	
5.992957e+01	589	9.193911e+01	2.723457e+02	5.992957e+01	589	7.476175e-01	7.000000e-01	
6.003132e+01	590	9.426055e+01	2.774565e+02	6.003132e+01	590	7.464185e-01	7.000000e-01	
6.013307e+01	591	7.786030e+01	2.587377e+02	6.013307e+01	591	7.686846e-01	7.000000e-01	
6.023482e+01	592	7.793366e+01	2.495398e+02	6.023482e+01	592	7.620153e-01	7.000000e-01	
6.033656e+01	593	8.182603e+01	2.679572e+02	6.033656e+01	593	7.660665e-01	7.000000e-01	
6.043831e+01	594	7.767231e+01	2.519644e+02	6.043831e+01	594	7.643700e-01	7.000000e-01	
6.054006e+01	595	9.335984e+01	2.307795e+02	6.054006e+01	595	7.119762e-01	7.000000e-01	
6.064181e+01	596	8.611138e+01	2.587806e+02	6.064181e+01	596	7.503236e-01	7.000000e-01	
6.074356e+01	597	1.007065e+02	2.165770e+02	6.074356e+01	597	6.825977e-01	7.000000e-01	
6.084530e+01	598	8.400148e+01	2.219241e+02	6.084530e+01	598	7.254186e-01	7.000000e-01	
6.094705e+01	599	9.141443e+01	2.421097e+02	6.094705e+01	599	7.259136e-01	7.000000e-01	
6.104880e+01	600	8.585017e+01	2.544266e+02	6.104880e+01	600	7.477049e-01	7.000000e-01	
6.115055e+01	601	1.013183e+02	2.124296e+02	6.115055e+01	601	6.770710e-01	7.000000e-01	
6.125230e+01	602	9.840925e+01	2.241633e+02	6.125230e+01	602	6.949237e-01	7.000000e-01	
6.135404e+01	603	1.011473e+02	2.778893e+02	6.135404e+01	603	7.331464e-01	7.000000e-01	
6.145579e+01	604	4.421669e+01	2.706973e+02	6.145579e+01	604	8.595912e-01	7.000000e-01	
6.155754e+01	605	9.878168e+01	2.853308e+02	6.155754e+01	605	7.428314e-01	7.000000e-01	
6.165929e+01	606	8.324708e+01	2.980152e+02	6.165929e+01	606	7.816540e-01	7.000000e-01	
6.176104e+01	607	8.776243e+01	2.755494e+02	6.176104e+01	607	7.584377e-01	7.000000e-01	
6.186278e+01	608	9.462719e+01	2.696078e+02	6.186278e+01	608	7.402029e-01	7.000000e-01	
6.196453e+01	609	8.530011e+01	2.654152e+02	6.196453e+01	609	7.567825e-01	7.000000e-01	
6.206628e+01	610	8.782492e+01	2.626198e+02	6.206628e+01	610	7.493901e-01	7.000000e-01	
6.216803e+01	611	8.600435e+01	2.575015e+02	6.216803e+01	611	7.496277e-01	7.000000e-01	
6.226978e+01	612	8.330714e+01	2.708471e+02	6.226978e+01	612	7.647716e-01	7.000000e-01	
6.237152e+01	613	8.486556e+01	2.724424e+02	6.237152e+01	613	7.624862e-01	7.000000e-01	
6.247327e+01	614	8.608523e+01	2.733236e+02	6.247327e+01	614	7.604810e-01	7.000000e-01	
6.257502e+01	615	8.561805e+01	2.664200e+02	6.257502e+01	615	7.567932e-01	7.000000e-01	
6.267677e+01	616	1.098151e+02	2.940448e+02	6.267677e+01	616	7.280862e-01	7.000000e-01	
6.277852e+01	617	8.389647e+01	2.633253e+02	6.277852e+01	617	7.583779e-01	7.000000e-01	
6.288026e+01	618	6.399207e+01	2.889899e+02	6.288026e+01	618	8.187101e-01	7.000000e-01	
6.298201e+01	619	8.417233e+01	2.631864e+02	6.298201e+01	619	7.576790e-01	7.000000e-01	
6.308376e+01	620	8.869310e+01	2.684510e+02	6.308376e+01	620	7.516602e-01	7.000000e-01	
6.318551e+01	621	1.053467e+02	3.017223e+02	6.318551e+01	621	7.412068e-01	7.000000e-01	
6.328726e+01	622	7.956819e+01	2.777725e+02	6.328726e+01	622	7.773324e-01	7.000000e-01	
6.338900e+01	623	1.178072e+02	2.061943e+02	6.338900e+01	623	6.363992e-01	7.000000e-01	
6.349075e+01	624	9.393658e+01	2.417751e+02	6.349075e+01	624	7.201867e-01	7.000000e-01	
6.359250e+01	625	9.882101e+01	2.568700e+02	6.359250e+01	625	7.221718e-01	7.000000e-01	
6.369425e+01	626	7.554197e+01	2.632053e+02	6.369425e+01	626	7.769961e-01	7.000000e-01	
6.379600e+01	627	8.407282e+01	2.509142e+02	6.379600e+01	627	7.490266e-01	7.000000e-01	
6.389774e+01	628	9.668920e+01	2.557622e+02	6.389774e+01	628	7.256666e-01	7.000000e-01	
6.399949e+01	629	7.871268e+01	2.682280e+02	6.399949e+01	629	7.731235e-01	7.000000e-01	
6.410124e+01	630	6.709635e+01	2.725639e+02	6.410124e+01	630	8.024604e-01	7.000000e-01	
6.420299e+01	631	8.157498e+01	2.385395e+02	6.420299e+01	631	7.451694e-01	7.000000e-01	
6.430474e+01	632	9.036333e+01	2.610470e+02	6.430474e+01	632	7.428552e-01	7.000000e-01	
6.440648e+01	633	7.241325e+01	2.628281e+02	6.440648e+01	633	7.839967e-01	7.000000e-01	
6.450823e+01	634	8.193596e+01	3.060842e+02	6.450823e+01	634	7.888358e-01	7.000000e-01	
6.460998e+01	635	7.622887e+01	2.664630e+02	6.460998e+01	635	7.775586e-01	7.000000e-01	
6.471173e+01	636	7.312722e+01	2.800762e+02	6.471173e+01	636	7.929600e-01	7.000000e-01	
6.481348e+01	637	7.925354e+01	3.013867e+02	6.481348e+01	637	7.917889e-01	7.000000e-01	
6.491522e+01	638	8.495716e+01	3.157317e+02	6.491522e+01	638	7.879722e-01	7.000000e-01	
6.501697e+01	639	8.615106e+01	3.042830e+02	6.501697e+01	639	7.793454e-01	7.000000e-01	
6.511872e+01	640	6.353833e+01	3.259013e+02	6.511872e+01	640	8.368468e-01	7.000000e-01	
6.522047e+01	641	8.889059e+01	2.790511e+02	6.522047e+01	641	7.584112e-01	7.000000e-01	
6.532222e+01	642	7.975174e+01	3.060803e+02	6.532222e+01	642	7.932993e-01	7.000000e-01	
6.542396e+01	643	1.013480e+02	2.471030e+02	6.542396e+01	643	7.091471e-01	7.000000e-01	
6.552571e+01	644	1.025687e+02	3.058708e+02	6.552571e+01	644	7.488766e-01	7.000000e-01	
6.562746e+01	645	9.764359e+01	2.618253e+02	6.562746e+01	645	7.283671e-01	7.000000e-01	
6.572921e+01	646	1.208280e+02	2.527930e+02	6.572921e+01	646	6.766028e-01	7.000000e-01	
6.583096e+01	647	9.299269e+01	2.629788e+02	6.583096e+01	647	7.387637e-01	7.000000e-01	
6.593270e+01	648	9.322992e+01	2.843415e+02	6.593270e+01	648	7.530800e-01	7.000000e-01	
6.603445e+01	649	8.587218e+01	2.608109e+02	6.603445e+01	649	7.523035e-01	7.000000e-01	
6.613620e+01	650	1.276555e+02	2.225214e+02	6.613620e+01	650	6.354543e-01	7.000000e-01	
6.623795e+01	651	9.033835e+01	2.544234e+02	6.623795e+01	651	7.379688e-01	7.000000e-01	
6.633970e+01	652	9.132918e+01	2.464281e+02	6.633970e+01	652	7.296012e-01	7.000000e-01	
6.644144e+01	653	7.910697e+01	2.303821e+02	6.644144e+01	653	7.443949e-01	7.000000e-01	
6.654319e+01	654	9.125662e+01	2.637294e+02	6.654319e+01	654	7.429290e-01	7.000000e-01	
6.664494e+01	655	8.591137e+01	2.695578e+02	6.664494e+01	655	7.583156e-01	7.000000e-01	
6.674669e+01	656	8.466198e+01	2.765494e+02	6.674669e+01	656	7.656165e-01	7.000000e-01	
6.684844e+01	657	9.452693e+01	2.785287e+02	6.684844e+01	657	7.466144e-01	7.000000e-01	
6.695018e+01	658	7.815878e+01	2.285664e+02	6.695018e+01	658	7.451830e-01	7.000000e-01	
6.705193e+01	659	8.905383e+01	2.677159e+02	6.705193e+01	659	7.503885e-01	7.000000e-01	
6.715368e+01	660	9.170446e+01	2.581652e+02	6.715368e+01	660	7.378896e-01	7.000000e-01	
6.725543e+01	661	1.176191e+02	2.567111e+02	6.725543e+01	661	6.857878e-01	7.000000e-01	
6.735718e+01	662	9.672954e+01	2.592480e+02	6.735718e+01	662	7.282707e-01	7.000000e-01	
6.745892e+01	663	8.485317e+01	2.802923e+02	6.745892e+01	663	7.676182e-01	7.000000e-01	
6.756067e+01	664	9.111207e+01	2.953237e+02	6.756067e+01	664	7.642245e-01	7.000000e-01	
6.766242e+01	665	9.527526e+01	2.623730e+02	6.766242e+01	665	7.336063e-01	7.000000e-01	
6.776417e+01	666	9.164143e+01	2.619114e+02	6.776417e+01	666	7.407985e-01	7.000000e-01	
6.786592e+01	667	8.745269e+01	2.025407e+02	6.786592e+01	667	6.984321e-01	7.000000e-01	
6.796766e+01	668	9.393416e+01	2.451432e+02	6.796766e+01	668	7.229713e-01	7.000000e-01	
6.806941e+01	669	9.050935e+01	2.380922e+02	6.806941e+01	669	7.245620e-01	7.000000e-01	
6.817116e+01	670	9.699675e+01	2.491425e+02	6.817116e+01	670	7.197754e-01	7.000000e-01	
6.827291e+01	671	8.659720e+01	2.392265e+02	6.827291e+01	671	7.342207e-01	7.000000e-01	
6.837466e+01	672	8.951314e+01	2.200411e+02	6.837466e+01	672	7.108321e-01	7.000000e-01	
6.847640e+01	673	9.767642e+01	2.291260e+02	6.847640e+01	673	7.011148e-01	7.000000e-01	
6.857815e+01	674	8.633706e+01	2.485754e+02	6.857815e+01	674	7.422101e-01	7.000000e-01	
6.867990e+01	675	9.457780e+01	2.473900e+02	6.867990e+01	675	7.234307e-01	7.000000e-01	
6.878165e+01	676	8.540944e+01	2.638686e+02	6.878165e+01	676	7.554686e-01	7.000000e-01	
6.888340e+01	677	9.361747e+01	2.382059e+02	6.888340e+01	677	7.178696e-01	7.000000e-01	
6.898514e+01	678	8.425637e+01	2.373677e+02	6.898514e+01	678	7.380284e-01	7.000000e-01	
6.908689e+01	679	8.052134e+01	2.656441e+02	6.908689e+01	679	7.673906e-01	7.000000e-01	
6.918864e+01	680	8.609569e+01	2.663573e+02	6.918864e+01	680	7.557243e-01	7.000000e-01	
6.929039e+01	681	8.390806e+01	2.827578e+02	6.929039e+01	681	7.711593e-01	7.000000e-01	
6.939214e+01	682	9.342626e+01	2.746466e+02	6.939214e+01	682	7.461745e-01	7.000000e-01	
6.949388e+01	683	8.387869e+01	2.576247e+02	6.949388e+01	683	7.543840e-01	7.000000e-01	
6.959563e+01	684	8.443203e+01	2.739287e+02	6.959563e+01	684	7.643937e-01	7.000000e-01	
6.969738e+01	685	8.612411e+01	2.554746e+02	6.969738e+01	685	7.478793e-01	7.000000e-01	
6.979913e+01	686	8.524421e+01	2.683318e+02	6.979913e+01	686	7.589084e-01	7.000000e-01	
6.990088e+01	687	7.914944e+01	2.688835e+02	6.990088e+01	687	7.725806e-01	7.000000e-01	
7.000262e+01	688	7.791387e+01	2.762004e+02	7.000262e+01	688	7.799753e-01	7.000000e-01	
7.010437e+01	689	8.610503e+01	2.660430e+02	7.010437e+01	689	7.554863e-01	7.000000e-01	
7.020612e+01	690	8.270655e+01	2.744990e+02	7.020612e+01	690	7.684623e-01	7.000000e-01	
7.030787e+01	691	8.632508e+01	2.527940e+02	7.030787e+01	691	7.454432e-01	7.000000e-01	
7.040962e+01	692	8.292079e+01	2.694064e+02	7.040962e+01	692	7.646483e-01	7.000000e-01	
7.051136e+01	693	8.336451e+01	2.611426e+02	7.051136e+01	693	7.580180e-01	7.000000e-01	
7.061311e+01	694	6.782619e+01	2.952668e+02	7.061311e+01	694	8.131988e-01	7.000000e-01	
7.071486e+01	695	7.955221e+01	2.713689e+02	7.071486e+01	695	7.733046e-01	7.000000e-01	
7.081661e+01	696	5.831288e+01	2.822165e+02	7.081661e+01	696	8.287582e-01	7.000000e-01	
7.091836e+01	697	5.647406e+01	3.218542e+02	7.091836e+01	697	8.507274e-01	7.000000e-01	
7.102010e+01	698	4.849648e+01	3.211245e+02	7.102010e+01	698	8.687940e-01	7.000000e-01	
7.112185e+01	699	6.686699e+01	2.914146e+02	7.112185e+01	699	8.133675e-01	7.000000e-01	
7.122360e+01	700	7.583430e+01	3.176663e+02	7.122360e+01	700	8.072829e-01	7.000000e-01	
7.132535e+01	701	6.085063e+01	2.898473e+02	7.132535e+01	701	8.264871e-01	7.000000e-01	
7.142710e+01	702	7.831166e+01	2.580708e+02	7.142710e+01	702	7.671946e-01	7.000000e-01	
7.152884e+01	703	7.345591e+01	2.752784e+02	7.152884e+01	703	7.893643e-01	7.000000e-01	
7.163059e+01	704	7.422094e+01	2.860653e+02	7.163059e+01	704	7.939945e-01	7.000000e-01	
7.173234e+01	705	7.462268e+01	2.786698e+02	7.173234e+01	705	7.887793e-01	7.000000e-01	
7.183409e+01	706	7.739751e+01	2.887844e+02	7.183409e+01	706	7.886364e-01	7.000000e-01	
7.193584e+01	707	9.128903e+01	2.445635e+02	7.193584e+01	707	7.281872e-01	7.000000e-01	
7.203758e+01	708	8.458189e+01	2.593058e+02	7.203758e+01	708	7.540421e-01	7.000000e-01	
7.213933e+01	709	9.678260e+01	2.533662e+02	7.213933e+01	709	7.235958e-01	7.000000e-01	
7.224108e+01	710	7.478067e+01	2.864685e+02	7.224108e+01	710	7.929942e-01	7.000000e-01	
7.234283e+01	711	9.871944e+01	2.715486e+02	7.234283e+01	711	7.333838e-01	7.000000e-01	
7.244458e+01	712	9.287713e+01	2.823186e+02	7.244458e+01	712	7.524569e-01	7.000000e-01	
7.254632e+01	713	7.640614e+01	2.722553e+02	7.254632e+01	713	7.808586e-01	7.000000e-01	
7.264807e+01	714	8.066996e+01	2.785053e+02	7.264807e+01	714	7.754022e-01	7.000000e-01	
7.274982e+01	715	8.503808e+01	2.772816e+02	7.274982e+01	715	7.652954e-01	7.000000e-01	
7.285157e+01	716	9.705928e+01	2.569094e+02	7.285157e+01	716	7.257970e-01	7.000000e-01	
7.295332e+01	717	8.512766e+01	2.690078e+02	7.295332e+01	717	7.596184e-01	7.000000e-01	
7.305506e+01	718	9.656168e+01	2.589884e+02	7.305506e+01	718	7.284161e-01	7.000000e-01	
7.315681e+01	719	8.189567e+01	2.971552e+02	7.315681e+01	719	7.839454e-01	7.000000e-01	
7.325856e+01	720	8.310162e+01	2.703530e+02	7.325856e+01	720	7.648874e-01	7.000000e-01	
7.336031e+01	721	8.444854e+01	2.757308e+02	7.336031e+01	721	7.655375e-01	7.000000e-01	
7.346206e+01	722	8.111816e+01	2.888793e+02	7.346206e+01	722	7.807602e-01	7.000000e-01	
7.356380e+01	723	9.147912e+01	2.702513e+02	7.356380e+01	723	7.471069e-01	7.000000e-01	
7.366555e+01	724	8.186801e+01	2.652616e+02	7.366555e+01	724	7.641572e-01	7.000000e-01	
7.376730e+01	725	1.071951e+02	2.508537e+02	7.376730e+01	725	7.006132e-01	7.000000e-01	
7.386905e+01	726	7.462788e+01	2.493147e+02	7.386905e+01	726	7.696262e-01	7.000000e-01	
7.397080e+01	727	8.336173e+01	2.616559e+02	7.397080e+01	727	7.583841e-01	7.000000e-01	
7.407254e+01	728	7.660626e+01	2.315354e+02	7.407254e+01	728	7.513927e-01	7.000000e-01	
7.417429e+01	729	8.398395e+01	2.040490e+02	7.417429e+01	729	7.084224e-01	7.000000e-01	
7.427604e+01	730	8.569613e+01	2.299129e+02	7.427604e+01	730	7.284738e-01	7.000000e-01	
7.437779e+01	731	8.164701e+01	2.719357e+02	7.437779e+01	731	7.690865e-01	7.000000e-01	
7.447954e+01	732	7.487731e+01	2.363098e+02	7.447954e+01	732	7.593817e-01	7.000000e-01	
7.458128e+01	733	8.060189e+01	2.198693e+02	7.458128e+01	733	7.317484e-01	7.000000e-01	
7.468303e+01	734	9.269373e+01	1.732526e+02	7.468303e+01	734	6.514570e-01	7.000000e-01	
7.478478e+01	735	7.854468e+01	2.361861e+02	7.478478e+01	735	7.504385e-01	7.000000e-01	
7.488653e+01	736	8.079895e+01	2.361497e+02	7.488653e+01	736	7.450724e-01	7.000000e-01	
7.498828e+01	737	1.202392e+02	2.483748e+02	7.498828e+01	737	6.738073e-01	7.000000e-01	
7.509002e+01	738	8.201344e+01	2.692968e+02	7.509002e+01	738	7.665498e-01	7.000000e-01	
7.519177e+01	739	8.917575e+01	2.380901e+02	7.519177e+01	739	7.275128e-01	7.000000e-01	
7.529352e+01	740	1.105537e+02	2.517240e+02	7.529352e+01	740	6.948371e-01	7.000000e-01	
7.539527e+01	741	8.794901e+01	2.809258e+02	7.539527e+01	741	7.615749e-01	7.000000e-01	
7.549702e+01	742	7.257305e+01	2.792610e+02	7.549702e+01	742	7.937293e-01	7.000000e-01	
7.559876e+01	743	8.527081e+01	2.702203e+02	7.559876e+01	743	7.601324e-01	7.000000e-01	
7.570051e+01	744	6.204981e+01	2.671978e+02	7.570051e+01	744	8.115406e-01	7.000000e-01	
7.580226e+01	745	6.600828e+01	2.842291e+02	7.580226e+01	745	8.115327e-01	7.000000e-01	
7.590401e+01	746	6.249071e+01	2.741418e+02	7.590401e+01	746	8.143652e-01	7.000000e-01	
7.600576e+01	747	6.470600e+01	2.685966e+02	7.600576e+01	747	8.058641e-01	7.000000e-01	
7.610750e+01	748	5.280434e+01	2.610181e+02	7.610750e+01	748	8.317382e-01	7.000000e-01	
7.620925e+01	749	7.688843e+01	2.798243e+02	7.620925e+01	749	7.844528e-01	7.000000e-01	
7.631100e+01	750	7.449165e+01	2.822907e+02	7.631100e+01	750	7.912126e-01	7.000000e-01	
7.641275e+01	751	6.112984e+01	2.887594e+02	7.641275e+01	751	8.252880e-01	7.000000e-01	
7.651450e+01	752	6.306033e+01	2.209429e+02	7.651450e+01	752	7.779591e-01	7.000000e-01	
7.661624e+01	753	6.863783e+01	2.865440e+02	7.661624e+01	753	8.067530e-01	7.000000e-01	
7.671799e+01	754	7.581121e+01	2.767823e+02	7.671799e+01	754	7.849898e-01	7.000000e-01	
7.681974e+01	755	7.056968e+01	2.682108e+02	7.681974e+01	755	7.916950e-01	7.000000e-01	
7.692149e+01	756	8.890656e+01	3.087285e+02	7.692149e+01	756	7.764117e-01	7.000000e-01	
7.702324e+01	757	7.452832e+01	2.656911e+02	7.702324e+01	757	7.809404e-01	7.000000e-01	
7.712498e+01	758	8.653774e+01	3.087754e+02	7.712498e+01	758	7.810907e-01	7.000000e-01	
7.722673e+01	759	8.475876e+01	2.826609e+02	7.722673e+01	759	7.693135e-01	7.000000e-01	
7.732848e+01	760	8.731385e+01	3.532824e+02	7.732848e+01	760	8.018280e-01	7.000000e-01	
7.743023e+01	761	9.495804e+01	2.486744e+02	7.743023e+01	761	7.236639e-01	7.000000e-01	
7.753198e+01	762	8.324777e+01	3.035211e+02	7.753198e+01	762	7.847609e-01	7.000000e-01	
7.763372e+01	763	8.640785e+01	2.702849e+02	7.763372e+01	763	7.577527e-01	7.000000e-01	
7.773547e+01	764	7.870906e+01	2.852479e+02	7.773547e+01	764	7.837407e-01	7.000000e-01	
7.783722e+01	765	7.946328e+01	2.644198e+02	7.783722e+01	765	7.689236e-01	7.000000e-01	
7.793897e+01	766	8.352407e+01	2.959813e+02	7.793897e+01	766	7.799133e-01	7.000000e-01	
7.804072e+01	767	9.268161e+01	2.576858e+02	7.804072e+01	767	7.354731e-01	7.000000e-01	
7.814246e+01	768	7.717248e+01	2.596485e+02	7.814246e+01	768	7.708798e-01	7.000000e-01	
7.824421e+01	769	9.332372e+01	2.496689e+02	7.824421e+01	769	7.279133e-01	7.000000e-01	
7.834596e+01	770	1.020671e+02	2.366476e+02	7.834596e+01	770	6.986635e-01	7.000000e-01	
7.844771e+01	771	7.606566e+01	3.126252e+02	7.844771e+01	771	8.043029e-01	7.000000e-01	
7.854946e+01	772	8.800029e+01	2.975223e+02	7.854946e+01	772	7.717377e-01	7.000000e-01	
7.865120e+01	773	8.363284e+01	2.833720e+02	7.865120e+01	773	7.721206e-01	7.000000e-01	
7.875295e+01	774	7.424781e+01	3.207198e+02	7.875295e+01	774	8.120154e-01	7.000000e-01	
7.885470e+01	775	8.361546e+01	2.535715e+02	7.885470e+01	775	7.520205e-01	7.000000e-01	
7.895645e+01	776	8.214675e+01	2.640791e+02	7.895645e+01	776	7.627365e-01	7.000000e-01	
7.905820e+01	777	8.715311e+01	2.865319e+02	7.905820e+01	777	7.667739e-01	7.000000e-01	
7.915994e+01	778	8.739174e+01	2.599200e+02	7.915994e+01	778	7.483767e-01	7.000000e-01	
7.926169e+01	779	8.793359e+01	2.776668e+02	7.926169e+01	779	7.594817e-01	7.000000e-01	
7.936344e+01	780	1.083640e+02	2.435202e+02	7.936344e+01	780	6.920464e-01	7.000000e-01	
7.946519e+01	781	9.204158e+01	2.565173e+02	7.946519e+01	781	7.359368e-01	7.000000e-01	
7.956694e+01	782	9.486240e+01	2.577714e+02	7.956694e+01	782	7.309889e-01	7.000000e-01	
7.966868e+01	783	1.038225e+02	2.514944e+02	7.966868e+01	783	7.078031e-01	7.000000e-01	
7.977043e+01	784	9.629506e+01	2.484745e+02	7.977043e+01	784	7.206973e-01	7.000000e-01	
7.987218e+01	785	8.887982e+01	2.788962e+02	7.987218e+01	785	7.583317e-01	7.000000e-01	
7.997393e+01	786	9.349853e+01	2.519632e+02	7.997393e+01	786	7.293520e-01	7.000000e-01	
8.007568e+01	787	8.479491e+01	2.764924e+02	8.007568e+01	787	7.652978e-01	7.000000e-01	
8.017742e+01	788	8.646149e+01	2.748459e+02	8.017742e+01	788	7.606983e-01	7.000000e-01	
8.027917e+01	789	7.268747e+01	2.878617e+02	8.027917e+01	789	7.983979e-01	7.000000e-01	
8.038092e+01	790	6.962264e+01	2.741151e+02	8.038092e+01	790	7.974542e-01	7.000000e-01	
8.048267e+01	791	8.066377e+01	2.702375e+02	8.048267e+01	791	7.701240e-01	7.000000e-01	
8.058442e+01	792	6.797167e+01	2.850237e+02	8.058442e+01	792	8.074432e-01	7.000000e-01	
8.068616e+01	793	7.896010e+01	2.895714e+02	8.068616e+01	793	7.857440e-01	7.000000e-01	
8.078791e+01	794	9.136416e+01	2.799060e+02	8.078791e+01	794	7.539146e-01	7.000000e-01	
8.088966e+01	795	8.107531e+01	2.946829e+02	8.088966e+01	795	7.842354e-01	7.000000e-01	
8.099141e+01	796	7.787207e+01	3.098859e+02	8.099141e+01	796	7.991735e-01	7.000000e-01	
8.109316e+01	797	9.143661e+01	3.002352e+02	8.109316e+01	797	7.665479e-01	7.000000e-01	
8.119490e+01	798	8.169790e+01	2.894038e+02	8.119490e+01	798	7.798504e-01	7.000000e-01	
8.129665e+01	799	7.546198e+01	2.997368e+02	8.129665e+01	799	7.988747e-01	7.000000e-01	
8.139840e+01	800	9.088092e+01	3.039432e+02	8.139840e+01	800	7.698192e-01	7.000000e-01	
8.150015e+01	801	6.634945e+01	3.079583e+02	8.150015e+01	801	8.227409e-01	7.000000e-01	
8.160190e+01	802	7.315396e+01	3.080048e+02	8.160190e+01	802	8.080748e-01	7.000000e-01	
8.170364e+01	803	7.662415e+01	3.105707e+02	8.170364e+01	803	8.021044e-01	7.000000e-01	
8.180539e+01	804	6.152399e+01	3.073740e+02	8.180539e+01	804	8.332222e-01	7.000000e-01	
8.190714e+01	805	6.686288e+01	2.778220e+02	8.190714e+01	805	8.060174e-01	7.000000e-01	
8.200889e+01	806	6.914547e+01	2.727068e+02	8.200889e+01	806	7.977329e-01	7.000000e-01	
8.211064e+01	807	6.806189e+01	2.595648e+02	8.211064e+01	807	7.922578e-01	7.000000e-01	
8.221238e+01	808	7.601338e+01	2.614292e+02	8.221238e+01	808	7.747368e-01	7.000000e-01	
8.231413e+01	809	6.993951e+01	3.037032e+02	8.231413e+01	809	8.128171e-01	7.000000e-01	
8.241588e+01	810	7.039639e+01	2.871218e+02	8.241588e+01	810	8.030970e-01	7.000000e-01	
8.251763e+01	811	7.249350e+01	2.798454e+02	8.251763e+01	811	7.942506e-01	7.000000e-01	
8.261938e+01	812	6.812602e+01	2.162350e+02	8.261938e+01	812	7.604242e-01	7.000000e-01	
8.272112e+01	813	7.151913e+01	2.324268e+02	8.272112e+01	813	7.646979e-01	7.000000e-01	
8.282287e+01	814	8.176314e+01	2.281072e+02	8.282287e+01	814	7.361376e-01	7.000000e-01	
8.292462e+01	815	7.814272e+01	2.445735e+02	8.292462e+01	815	7.578593e-01	7.000000e-01	
8.302637e+01	816	7.416679e+01	2.247598e+02	8.302637e+01	816	7.518896e-01	7.000000e-01	
8.312812e+01	817	7.285349e+01	2.644571e+02	8.312812e+01	817	7.840166e-01	7.000000e-01	
8.322986e+01	818	7.307098e+01	2.446969e+02	8.322986e+01	818	7.700492e-01	7.000000e-01	
8.333161e+01	819	7.418555e+01	2.292083e+02	8.333161e+01	819	7.554810e-01	7.000000e-01	
8.343336e+01	820	7.789007e+01	2.374241e+02	8.343336e+01	820	7.529763e-01	7.000000e-01	
8.353511e+01	821	7.675206e+01	2.638949e+02	8.353511e+01	821	7.746874e-01	7.000000e-01	
8.363686e+01	822	6.840868e+01	3.057719e+02	8.363686e+01	822	8.171774e-01	7.000000e-01	
8.373860e+01	823	1.842783e+02	2.642565e+02	8.373860e+01	823	5.891550e-01	7.000000e-01	
8.384035e+01	824	2.539947e+02	3.260258e+02	8.384035e+01	824	5.620936e-01	7.000000e-01	
8.394210e+01	825	8.468782e+01	2.649897e+02	8.394210e+01	825	7.578117e-01	7.000000e-01	
8.404385e+01	826	1.646551e+02	2.872684e+02	8.404385e+01	826	6.356571e-01	7.000000e-01	
8.414560e+01	827	9.290381e+01	2.477947e+02	8.414560e+01	827	7.273137e-01	7.000000e-01	
8.424734e+01	828	6.476271e+01	3.402094e+02	8.424734e+01	828	8.400811e-01	7.000000e-01	
8.434909e+01	829	9.128742e+01	3.087869e+02	8.434909e+01	829	7.718238e-01	7.000000e-01	
8.445084e+01	830	9.217514e+01	2.416844e+02	8.445084e+01	830	7.239104e-01	7.000000e-01	
8.455259e+01	831	7.309817e+01	2.106144e+02	8.455259e+01	831	7.423513e-01	7.000000e-01	
8.465434e+01	832	8.424516e+01	2.053963e+02	8.465434e+01	832	7.091398e-01	7.000000e-01	
8.475608e+01	833	8.297826e+01	2.628388e+02	8.475608e+01	833	7.600516e-01	7.000000e-01	
8.485783e+01	834	8.507556e+01	2.634871e+02	8.485783e+01	834	7.559246e-01	7.000000e-01	
8.495958e+01	835	8.802638e+01	2.537232e+02	8.495958e+01	835	7.424243e-01	7.000000e-01	
8.506133e+01	836	8.390940e+01	2.560344e+02	8.506133e+01	836	7.531668e-01	7.000000e-01	
8.516308e+01	837	8.740966e+01	2.358118e+02	8.516308e+01	837	7.295673e-01	7.000000e-01	
8.526482e+01	838	7.601081e+01	2.384725e+02	8.526482e+01	838	7.582994e-01	7.000000e-01	
8.536657e+01	839	7.839143e+01	2.921322e+02	8.536657e+01	839	7.884307e-01	7.000000e-01	
8.546832e+01	840	1.008550e+02	2.467384e+02	8.546832e+01	840	7.098478e-01	7.000000e-01	
8.557007e+01	841	9.512933e+01	2.377136e+02	8.557007e+01	841	7.141915e-01	7.000000e-01	
8.567182e+01	842	8.951314e+01	2.438811e+02	8.567182e+01	842	7.315096e-01	7.000000e-01	
8.577356e+01	843	9.274206e+01	2.309590e+02	8.577356e+01	843	7.134947e-01	7.000000e-01	
8.587531e+01	844	9.799625e+01	2.452086e+02	8.587531e+01	844	7.144672e-01	7.000000e-01	
8.597706e+01	845	8.172775e+01	2.454340e+02	8.597706e+01	845	7.501916e-01	7.000000e-01	
8.607881e+01	846	1.069795e+02	2.367094e+02	8.607881e+01	846	6.887316e-01	7.000000e-01	
8.618056e+01	847	9.921781e+01	2.275243e+02	8.618056e+01	847	6.963421e-01	7.000000e-01	
8.628230e+01	848	9.655871e+01	2.375018e+02	8.628230e+01	848	7.109544e-01	7.000000e-01	
8.638405e+01	849	9.825450e+01	2.212673e+02	8.638405e+01	849	6.924952e-01	7.000000e-01	
8.648580e+01	850	1.159618e+02	2.368793e+02	8.648580e+01	850	6.713484e-01	7.000000e-01	
8.658755e+01	851	1.018767e+02	2.405769e+02	8.658755e+01	851	7.025095e-01	7.000000e-01	
8.668930e+01	852	1.172166e+02	2.193195e+02	8.668930e+01	852	6.516968e-01	7.000000e-01	
8.679104e+01	853	9.064198e+01	2.434650e+02	8.679104e+01	853	7.287037e-01	7.000000e-01	
8.689279e+01	854	1.088550e+02	2.482280e+02	8.689279e+01	854	6.951549e-01	7.000000e-01	
8.699454e+01	855	5.845235e+01	2.966954e+02	8.699454e+01	855	8.354140e-01	7.000000e-01	
8.709629e+01	856	6.263305e+01	2.926141e+02	8.709629e+01	856	8.236916e-01	7.000000e-01	
8.719804e+01	857	5.442053e+01	2.914778e+02	8.719804e+01	857	8.426690e-01	7.000000e-01	
8.729978e+01	858	5.714363e+01	3.031670e+02	8.729978e+01	858	8.414045e-01	7.000000e-01	
8.740153e+01	859	4.939271e+01	2.962710e+02	8.740153e+01	859	8.571076e-01	7.000000e-01	
8.750328e+01	860	4.952979e+01	2.978388e+02	8.750328e+01	860	8.574143e-01	7.000000e-01	
8.760503e+01	861	6.228431e+01	3.014125e+02	8.760503e+01	861	8.287466e-01	7.000000e-01	
8.770678e+01	862	5.505926e+01	3.001925e+02	8.770678e+01	862	8.450134e-01	7.000000e-01	
8.780852e+01	863	7.066945e+01	3.033732e+02	8.780852e+01	863	8.110658e-01	7.000000e-01	
8.791027e+01	864	7.252586e+01	2.831868e+02	8.791027e+01	864	7.961111e-01	7.000000e-01	
8.801202e+01	865	5.083976e+01	2.960441e+02	8.801202e+01	865	8.534387e-01	7.000000e-01	
8.811377e+01	866	6.783190e+01	2.787827e+02	8.811377e+01	866	8.043017e-01	7.000000e-01	
8.821552e+01	867	5.357702e+01	2.680421e+02	8.821552e+01	867	8.334147e-01	7.000000e-01	
8.831726e+01	868	6.257788e+01	3.037840e+02	8.831726e+01	868	8.291911e-01	7.000000e-01	
8.841901e+01	869	7.491951e+01	2.909468e+02	8.841901e+01	869	7.952271e-01	7.000000e-01	
8.852076e+01	870	8.050234e+01	2.637400e+02	8.852076e+01	870	7.661463e-01	7.000000e-01	
8.862251e+01	871	8.771962e+01	2.585832e+02	8.862251e+01	871	7.466968e-01	7.000000e-01	
8.872426e+01	872	7.544052e+01	2.580632e+02	8.872426e+01	872	7.737941e-01	7.000000e-01	
8.882600e+01	873	7.129045e+01	2.721593e+02	8.882600e+01	873	7.924283e-01	7.000000e-01	
8.892775e+01	874	8.396862e+01	2.471643e+02	8.892775e+01	874	7.464202e-01	7.000000e-01	
8.902950e+01	875	8.327151e+01	2.637294e+02	8.902950e+01	875	7.600251e-01	7.000000e-01	
8.913125e+01	876	8.757086e+01	2.605433e+02	8.913125e+01	876	7.484421e-01	7.000000e-01	
8.923300e+01	877	9.241914e+01	2.357151e+02	8.923300e+01	877	7.183496e-01	7.000000e-01	
8.933474e+01	878	9.485171e+01	2.578405e+02	8.933474e+01	878	7.310638e-01	7.000000e-01	
8.943649e+01	879	7.702468e+01	2.796469e+02	8.943649e+01	879	7.840459e-01	7.000000e-01	
8.953824e+01	880	8.746825e+01	2.493749e+02	8.953824e+01	880	7.403294e-01	7.000000e-01	
8.963999e+01	881	8.006828e+01	2.762983e+02	8.963999e+01	881	7.753205e-01	7.000000e-01	
8.974174e+01	882	7.234754e+01	3.131596e+02	8.974174e+01	882	8.123315e-01	7.000000e-01	
8.984348e+01	883	8.025745e+01	2.840299e+02	8.984348e+01	883	7.796864e-01	7.000000e-01	
8.994523e+01	884	9.766777e+01	2.388717e+02	8.994523e+01	884	7.097881e-01	7.000000e-01	
9.004698e+01	885	7.771932e+01	2.534013e+02	9.004698e+01	885	7.652840e-01	7.000000e-01	
9.014873e+01	886	9.996431e+01	2.646823e+02	9.014873e+01	886	7.258598e-01	7.000000e-01	
9.025048e+01	887	8.148560e+01	2.409053e+02	9.025048e+01	887	7.472460e-01	7.000000e-01	
9.035222e+01	888	7.759683e+01	2.788627e+02	9.035222e+01	888	7.823124e-01	7.000000e-01	
9.045397e+01	889	9.671502e+01	2.447573e+02	9.045397e+01	889	7.167705e-01	7.000000e-01	
9.055572e+01	890	1.008841e+02	2.337912e+02	9.055572e+01	890	6.985613e-01	7.000000e-01	
9.065747e+01	891	8.394177e+01	2.233289e+02	9.065747e+01	891	7.268149e-01	7.000000e-01	
9.075922e+01	892	7.329357e+01	3.989219e+02	9.075922e+01	892	8.447879e-01	7.000000e-01	
9.086096e+01	893	8.884596e+01	2.536134e+02	9.086096e+01	893	7.405650e-01	7.000000e-01	
9.096271e+01	894	7.721859e+01	3.116981e+02	9.096271e+01	894	8.014521e-01	7.000000e-01	
9.106446e+01	895	7.319139e+01	2.444177e+02	9.106446e+01	895	7.695551e-01	7.000000e-01	
9.116621e+01	896	9.036669e+01	2.325420e+02	9.116621e+01	896	7.201479e-01	7.000000e-01	
9.126796e+01	897	7.970882e+01	2.508585e+02	9.126796e+01	897	7.588727e-01	7.000000e-01	
9.136970e+01	898	8.037431e+01	2.781063e+02	9.136970e+01	898	7.757918e-01	7.000000e-01	
9.147145e+01	899	7.891479e+01	2.407100e+02	9.147145e+01	899	7.531018e-01	7.000000e-01	
9.157320e+01	900	7.557925e+01	2.948462e+02	9.157320e+01	900	7.959664e-01	7.000000e-01	
9.167495e+01	901	8.038236e+01	2.780762e+02	9.167495e+01	901	7.757555e-01	7.000000e-01	
9.177670e+01	902	5.584114e+01	2.788545e+02	9.177670e+01	902	8.331584e-01	7.000000e-01	
9.187844e+01	903	5.083210e+01	2.771021e+02	9.187844e+01	903	8.449930e-01	7.000000e-01	
9.198019e+01	904	5.888246e+01	2.781751e+02	9.198019e+01	904	8.253044e-01	7.000000e-01	
9.208194e+01	905	5.801951e+01	2.884795e+02	9.208194e+01	905	8.325550e-01	7.000000e-01	
9.218369e+01	906	4.721252e+01	2.717685e+02	9.218369e+01	906	8.519896e-01	7.000000e-01	
9.228544e+01	907	5.321486e+01	2.978720e+02	9.228544e+01	907	8.484282e-01	7.000000e-01	
9.238718e+01	908	5.685605e+01	2.935057e+02	9.238718e+01	908	8.377219e-01	7.000000e-01	
9.248893e+01	909	6.891807e+01	2.959106e+02	9.248893e+01	909	8.110947e-01	7.000000e-01	
9.259068e+01	910	5.587619e+01	2.849272e+02	9.259068e+01	910	8.360457e-01	7.000000e-01	
9.269243e+01	911	5.612754e+01	2.954135e+02	9.269243e+01	911	8.403386e-01	7.000000e-01	
9.279418e+01	912	4.889294e+01	3.075157e+02	9.279418e+01	912	8.628177e-01	7.000000e-01	
9.289592e+01	913	6.792005e+01	2.840893e+02	9.289592e+01	913	8.070504e-01	7.000000e-01	
9.299767e+01	914	1.206592e+02	3.012487e+02	9.299767e+01	914	7.140153e-01	7.000000e-01	
9.309942e+01	915	7.830566e+01	3.050254e+02	9.309942e+01	915	7.957232e-01	7.000000e-01	
9.320117e+01	916	6.933958e+01	3.050115e+02	9.320117e+01	916	8.147739e-01	7.000000e-01	
9.330292e+01	917	7.236156e+01	2.877883e+02	9.330292e+01	917	7.990793e-01	7.000000e-01	
9.340466e+01	918	7.469657e+01	2.815123e+02	9.340466e+01	918	7.903012e-01	7.000000e-01	
9.350641e+01	919	8.199364e+01	2.228306e+02	9.350641e+01	919	7.310134e-01	7.000000e-01	
9.360816e+01	920	8.040673e+01	2.825009e+02	9.360816e+01	920	7.784375e-01	7.000000e-01	
9.370991e+01	921	7.742820e+01	2.826163e+02	9.370991e+01	921	7.849482e-01	7.000000e-01	
9.381166e+01	922	6.507762e+01	2.881346e+02	9.381166e+01	922	8.157549e-01	7.000000e-01	
9.391340e+01	923	3.713080e+01	3.347260e+02	9.391340e+01	923	9.001476e-01	7.000000e-01	
9.401515e+01	924	8.249227e+01	2.599403e+02	9.401515e+01	924	7.590992e-01	7.000000e-01	
9.411690e+01	925	8.111293e+01	2.475631e+02	9.411690e+01	925	7.532131e-01	7.000000e-01	
9.421865e+01	926	8.196688e+01	2.613197e+02	9.421865e+01	926	7.612290e-01	7.000000e-01	
9.432040e+01	927	8.150242e+01	2.470276e+02	9.432040e+01	927	7.519179e-01	7.000000e-01	
9.442214e+01	928	8.140773e+01	2.544595e+02	9.442214e+01	928	7.576193e-01	7.000000e-01	
9.452389e+01	929	6.842177e+01	2.286525e+02	9.452389e+01	929	7.696813e-01	7.000000e-01	
9.462564e+01	930	9.041611e+01	2.382390e+02	9.462564e+01	930	7.248906e-01	7.000000e-01	
9.472739e+01	931	7.932031e+01	2.653754e+02	9.472739e+01	931	7.698831e-01	7.000000e-01	
9.482914e+01	932	8.331423e+01	2.223948e+02	9.482914e+01	932	7.274721e-01	7.000000e-01	
9.493088e+01	933	9.261918e+01	2.458422e+02	9.493088e+01	933	7.263523e-01	7.000000e-01	
9.503263e+01	934	7.434162e+01	2.248005e+02	9.503263e+01	934	7.514839e-01	7.000000e-01	
9.513438e+01	935	8.025093e+01	2.440612e+02	9.513438e+01	935	7.525503e-01	7.000000e-01	
9.523613e+01	936	9.028077e+01	2.497758e+02	9.523613e+01	936	7.345125e-01	7.000000e-01	
9.533788e+01	937	6.864937e+01	2.549026e+02	9.533788e+01	937	7.878258e-01	7.000000e-01	
9.543962e+01	938	9.076296e+01	2.257767e+02	9.543962e+01	938	7.132651e-01	7.000000e-01	
9.554137e+01	939	8.359280e+01	2.487115e+02	9.554137e+01	939	7.484450e-01	7.000000e-01	
9.564312e+01	940	7.971365e+01	2.356996e+02	9.564312e+01	940	7.472723e-01	7.000000e-01	
9.574487e+01	941	7.327781e+01	2.224054e+02	9.574487e+01	941	7.521746e-01	7.000000e-01	
9.584662e+01	942	9.625971e+01	2.470644e+02	9.584662e+01	942	7.196244e-01	7.000000e-01	
9.594836e+01	943	8.510412e+01	2.750023e+02	9.594836e+01	943	7.636695e-01	7.000000e-01	
9.605011e+01	944	9.463977e+01	2.513702e+02	9.605011e+01	944	7.264825e-01	7.000000e-01	
9.615186e+01	945	7.633173e+01	2.544134e+02	9.615186e+01	945	7.692128e-01	7.000000e-01	
9.625361e+01	946	8.969273e+01	2.514689e+02	9.625361e+01	946	7.370961e-01	7.000000e-01	
9.635536e+01	947	9.450172e+01	2.636357e+02	9.635536e+01	947	7.361300e-01	7.000000e-01	
9.645710e+01	948	9.118595e+01	2.475606e+02	9.645710e+01	948	7.308136e-01	7.000000e-01	
9.655885e+01	949	9.087926e+01	2.406874e+02	9.655885e+01	949	7.259095e-01	7.000000e-01	
9.666060e+01	950	9.344944e+01	2.543740e+02	9.666060e+01	950	7.313308e-01	7.000000e-01	
9.676235e+01	951	8.434389e+01	2.585303e+02	9.676235e+01	951	7.540092e-01	7.000000e-01	
9.686410e+01	952	9.095635e+01	2.513365e+02	9.686410e+01	952	7.342733e-01	7.000000e-01	
9.696584e+01	953	7.822355e+01	2.510480e+02	9.696584e+01	953	7.624345e-01	7.000000e-01	
9.706759e+01	954	8.201737e+01	2.492811e+02	9.706759e+01	954	7.524366e-01	7.000000e-01	
9.716934e+01	955	8.397666e+01	2.635318e+02	9.716934e+01	955	7.583464e-01	7.000000e-01	
9.727109e+01	956	8.162223e+01	2.645148e+02	9.727109e+01	956	7.641910e-01	7.000000e-01	
9.737284e+01	957	8.029256e+01	2.600270e+02	9.737284e+01	957	7.640672e-01	7.000000e-01	
9.747458e+01	958	7.632574e+01	2.503991e+02	9.747458e+01	958	7.663914e-01	7.000000e-01	
9.757633e+01	959	8.484234e+01	2.660316e+02	9.757633e+01	959	7.581971e-01	7.000000e-01	
9.767808e+01	960	8.283836e+01	2.570052e+02	9.767808e+01	960	7.562456e-01	7.000000e-01	
9.777983e+01	961	7.716797e+01	2.614555e+02	9.777983e+01	961	7.721128e-01	7.000000e-01	
9.788158e+01	962	7.967319e+01	2.642237e+02	9.788158e+01	962	7.683224e-01	7.000000e-01	
9.798332e+01	963	8.181453e+01	2.504512e+02	9.798332e+01	963	7.537678e-01	7.000000e-01	
9.808507e+01	964	6.867703e+01	2.563801e+02	9.808507e+01	964	7.887232e-01	7.000000e-01	
9.818682e+01	965	7.663165e+01	2.441648e+02	9.818682e+01	965	7.611206e-01	7.000000e-01	
9.828857e+01	966	8.448134e+01	2.651291e+02	9.828857e+01	966	7.583558e-01	7.000000e-01	
9.839032e+01	967	7.790507e+01	2.665396e+02	9.839032e+01	967	7.738241e-01	7.000000e-01	
9.849206e+01	968	7.460249e+01	2.458872e+02	9.849206e+01	968	7.672234e-01	7.000000e-01	
9.859381e+01	969	7.755823e+01	2.657217e+02	9.859381e+01	969	7.740671e-01	7.000000e-01	
9.869556e+01	970	8.366868e+01	2.768423e+02	9.869556e+01	970	7.679164e-01	7.000000e-01	
9.879731e+01	971	6.275745e+01	2.722637e+02	9.879731e+01	971	8.126762e-01	7.000000e-01	
9.889906e+01	972	7.882593e+01	2.598490e+02	9.889906e+01	972	7.672519e-01	7.000000e-01	
9.900080e+01	973	5.264351e+01	2.745682e+02	9.900080e+01	973	8.391148e-01	7.000000e-01	
9.910255e+01	974	8.003548e+01	2.697150e+02	9.910255e+01	974	7.711641e-01	7.000000e-01	
9.920430e+01	975	6.838298e+01	2.923659e+02	9.920430e+01	975	8.104416e-01	7.000000e-01	
9.930605e+01	976	7.685118e+01	3.059533e+02	9.930605e+01	976	7.992417e-01	7.000000e-01	
9.940780e+01	977	6.517496e+01	2.971796e+02	9.940780e+01	977	8.201348e-01	7.000000e-01	
9.950954e+01	978	5.787681e+01	2.792708e+02	9.950954e+01	978	8.283339e-01	7.000000e-01	
9.961129e+01	979	6.121856e+01	2.872882e+02	9.961129e+01	979	8.243404e-01	7.000000e-01	
9.971304e+01	980	7.091481e+01	2.958775e+02	9.971304e+01	980	8.066622e-01	7.000000e-01	
9.981479e+01	981	6.976644e+01	3.083728e+02	9.981479e+01	981	8.155007e-01	7.000000e-01	
9.991654e+01	982	7.978028e+01	2.838021e+02	9.991654e+01	982	7.805717e-01	7.000000e-01	
1.000183e+02	983	8.696191e+01	3.272102e+02	1.000183e+02	983	7.900344e-01	7.000000e-01	
1.001200e+02	984	8.409323e+01	3.414896e+02	1.001200e+02	984	8.024046e-01	7.000000e-01	
1.002218e+02	985	9.074437e+01	2.605693e+02	1.002218e+02	985	7.416999e-01	7.000000e-01	
1.003235e+02	986	8.907600e+01	2.529539e+02	1.003235e+02	986	7.395666e-01	7.000000e-01	
1.004253e+02	987	8.628929e+01	3.050539e+02	1.004253e+02	987	7.795048e-01	7.000000e-01	
1.005270e+02	988	7.528051e+01	2.684957e+02	1.005270e+02	988	7.810188e-01	7.000000e-01	
1.006288e+02	989	9.389070e+01	2.630892e+02	1.006288e+02	989	7.369860e-01	7.000000e-01	
1.007305e+02	990	7.464713e+01	2.528292e+02	1.007305e+02	990	7.720534e-01	7.000000e-01	
1.008323e+02	991	8.940938e+01	2.698264e+02	1.008323e+02	991	7.511123e-01	7.000000e-01	
1.009340e+02	992	9.889388e+01	2.806677e+02	1.009340e+02	992	7.394523e-01	7.000000e-01	
1.010358e+02	993	8.464565e+01	2.599384e+02	1.010358e+02	993	7.543541e-01	7.000000e-01	
1.011375e+02	994	1.008148e+02	2.989913e+02	1.011375e+02	994	7.478408e-01	7.000000e-01	
1.012393e+02	995	9.322187e+01	2.872391e+02	1.012393e+02	995	7.549765e-01	7.000000e-01	
1.013410e+02	996	1.000555e+02	2.880859e+02	1.013410e+02	996	7.422189e-01	7.000000e-01	
1.014428e+02	997	8.970936e+01	2.563040e+02	1.014428e+02	997	7.407344e-01	7.000000e-01	
1.015445e+02	998	8.198264e+01	2.651325e+02	1.015445e+02	998	7.638172e-01	7.000000e-01	
1.016463e+02	999	1.100640e+02	3.215213e+02	1.016463e+02	999	7.449774e-01	7.000000e-01	
1.017480e+02	1000	8.637745e+01	2.458742e+02	1.017480e+02	1000	7.400240e-01	7.000000e-01	
1.018497e+02	1001	9.322123e+01	2.721970e+02	1.018497e+02	1001	7.448917e-01	7.000000e-01	
1.019515e+02	1002	7.970485e+01	2.449308e+02	1.019515e+02	1002	7.544791e-01	7.000000e-01	
1.020532e+02	1003	8.040355e+01	2.464571e+02	1.020532e+02	1003	7.540128e-01	7.000000e-01	
1.021550e+02	1004	6.960468e+01	2.316908e+02	1.021550e+02	1004	7.689820e-01	7.000000e-01	
1.022567e+02	1005	8.367452e+01	2.556699e+02	1.022567e+02	1005	7.534230e-01	7.000000e-01	
1.023585e+02	1006	6.580687e+01	2.163964e+02	1.023585e+02	1006	7.668104e-01	7.000000e-01	
1.024602e+02	1007	6.219330e+01	2.253482e+02	1.024602e+02	1007	7.837067e-01	7.000000e-01	
1.025620e+02	1008	9.767808e+01	2.589279e+02	1.025620e+02	1008	7.260896e-01	7.000000e-01	
1.026637e+02	1009	9.258359e+01	2.646642e+02	1.026637e+02	1009	7.408421e-01	7.000000e-01	
1.027655e+02	1010	7.467798e+01	2.816486e+02	1.027655e+02	1010	7.904227e-01	7.000000e-01	
1.028672e+02	1011	9.061893e+01	2.672770e+02	1.028672e+02	1011	7.468009e-01	7.000000e-01	
1.029690e+02	1012	1.021300e+02	2.350660e+02	1.029690e+02	1012	6.971198e-01	7.000000e-01	
1.030707e+02	1013	7.822678e+01	2.571441e+02	1.030707e+02	1013	7.667455e-01	7.000000e-01	
1.031725e+02	1014	7.524742e+01	3.273960e+02	1.031725e+02	1014	8.131165e-01	7.000000e-01	
1.032742e+02	1015	7.690273e+01	2.713208e+02	1.032742e+02	1015	7.791570e-01	7.000000e-01	
1.033760e+02	1016	5.625734e+01	3.024623e+02	1.033760e+02	1016	8.431718e-01	7.000000e-01	
1.034777e+02	1017	6.834795e+01	2.732752e+02	1.034777e+02	1017	7.999317e-01	7.000000e-01	
1.035795e+02	1018	6.868928e+01	2.736253e+02	1.035795e+02	1018	7.993387e-01	7.000000e-01	
1.036812e+02	1019	7.703876e+01	2.925708e+02	1.036812e+02	1019	7.915672e-01	7.000000e-01	
1.037830e+02	1020	7.590113e+01	2.644796e+02	1.037830e+02	1020	7.770111e-01	7.000000e-01	
1.038847e+02	1021	7.541839e+01	2.683075e+02	1.038847e+02	1021	7.805857e-01	7.000000e-01	
1.039865e+02	1022	6.422548e+01	2.622154e+02	1.039865e+02	1022	8.032554e-01	7.000000e-01	
1.040882e+02	1023	8.078072e+01	2.537811e+02	1.040882e+02	1023	7.585477e-01	7.000000e-01	
1.041900e+02	1024	7.376085e+01	2.572110e+02	1.041900e+02	1024	7.771386e-01	7.000000e-01	
1.042917e+02	1025	8.571139e+01	2.568420e+02	1.042917e+02	1025	7.497868e-01	7.000000e-01	
1.043934e+02	1026	8.074227e+01	2.759680e+02	1.043934e+02	1026	7.736475e-01	7.000000e-01	
1.044952e+02	1027	8.247693e+01	2.787559e+02	1.044952e+02	1027	7.716793e-01	7.000000e-01	
1.045969e+02	1028	7.844968e+01	2.689043e+02	1.045969e+02	1028	7.741506e-01	7.000000e-01	
1.046987e+02	1029	7.334335e+01	2.617309e+02	1.046987e+02	1029	7.811131e-01	7.000000e-01	
1.048004e+02	1030	8.249034e+01	2.792273e+02	1.048004e+02	1030	7.719483e-01	7.000000e-01	
1.049022e+02	1031	8.451983e+01	2.973677e+02	1.049022e+02	1031	7.786787e-01	7.000000e-01	
1.050039e+02	1032	7.928568e+01	2.765959e+02	1.050039e+02	1032	7.772133e-01	7.000000e-01	
1.051057e+02	1033	7.671650e+01	2.778409e+02	1.051057e+02	1033	7.836274e-01	7.000000e-01	
1.052074e+02	1034	7.234072e+01	2.669745e+02	1.052074e+02	1034	7.868038e-01	7.000000e-01	
1.053092e+02	1035	8.582258e+01	2.795379e+02	1.053092e+02	1035	7.651016e-01	7.000000e-01	
1.054109e+02	1036	7.729745e+01	2.598314e+02	1.054109e+02	1036	7.707184e-01	7.000000e-01	
1.055127e+02	1037	7.416013e+01	2.550849e+02	1.055127e+02	1037	7.747570e-01	7.000000e-01	
1.056144e+02	1038	8.733161e+01	2.642148e+02	1.056144e+02	1038	7.515787e-01	7.000000e-01	
1.057162e+02	1039	7.578642e+01	2.468670e+02	1.057162e+02	1039	7.651151e-01	7.000000e-01	
1.058179e+02	1040	8.405902e+01	2.369009e+02	1.058179e+02	1040	7.381012e-01	7.000000e-01	
1.059197e+02	1041	8.359248e+01	2.511484e+02	1.059197e+02	1041	7.502771e-01	7.000000e-01	
1.060214e+02	1042	7.038753e+01	2.572619e+02	1.060214e+02	1042	7.851743e-01	7.000000e-01	
1.061232e+02	1043	7.255589e+01	2.628897e+02	1.061232e+02	1043	7.837030e-01	7.000000e-01	
1.062249e+02	1044	7.496114e+01	2.550331e+02	1.062249e+02	1044	7.728411e-01	7.000000e-01	
1.063267e+02	1045	8.206955e+01	2.231465e+02	1.063267e+02	1045	7.311100e-01	7.000000e-01	
1.064284e+02	1046	7.977425e+01	2.485750e+02	1.064284e+02	1046	7.570445e-01	7.000000e-01	
1.065302e+02	1047	8.268252e+01	2.358872e+02	1.065302e+02	1047	7.404571e-01	7.000000e-01	
1.066319e+02	1048	8.530289e+01	1.864353e+02	1.066319e+02	1048	6.860843e-01	7.000000e-01	
1.067337e+02	1049	8.944180e+01	2.397525e+02	1.067337e+02	1049	7.283009e-01	7.000000e-01	
1.068354e+02	1050	8.575538e+01	2.343745e+02	1.068354e+02	1050	7.321232e-01	7.000000e-01	
1.069371e+02	1051	8.154391e+01	2.357709e+02	1.069371e+02	1051	7.430189e-01	7.000000e-01	
1.070389e+02	1052	8.387151e+01	2.620306e+02	1.070389e+02	1052	7.575282e-01	7.000000e-01	
1.071406e+02	1053	8.069262e+01	2.351554e+02	1.071406e+02	1053	7.445207e-01	7.000000e-01	
1.072424e+02	1054	8.147756e+01	2.295401e+02	1.072424e+02	1054	7.380292e-01	7.000000e-01	
1.073441e+02	1055	8.355029e+01	2.505354e+02	1.073441e+02	1055	7.499136e-01	7.000000e-01	
1.074459e+02	1056	7.843396e+01	2.952987e+02	1.074459e+02	1056	7.901335e-01	7.000000e-01	
1.075476e+02	1057	7.440945e+01	2.911309e+02	1.075476e+02	1057	7.964398e-01	7.000000e-01	
1.076494e+02	1058	7.601467e+01	2.783279e+02	1.076494e+02	1058	7.854769e-01	7.000000e-01	
1.077511e+02	1059	8.296832e+01	2.750493e+02	1.077511e+02	1059	7.682563e-01	7.000000e-01	
1.078529e+02	1060	8.725802e+01	2.911912e+02	1.078529e+02	1060	7.694327e-01	7.000000e-01	
1.079546e+02	1061	8.227633e+01	2.794186e+02	1.079546e+02	1061	7.725256e-01	7.000000e-01	
1.080564e+02	1062	5.347618e+01	2.488125e+02	1.080564e+02	1062	8.230957e-01	7.000000e-01	
1.081581e+02	1063	7.576112e+01	2.865074e+02	1.081581e+02	1063	7.908703e-01	7.000000e-01	
1.082599e+02	1064	9.063107e+01	2.743203e+02	1.082599e+02	1064	7.516626e-01	7.000000e-01	
1.083616e+02	1065	8.892690e+01	2.736006e+02	1.083616e+02	1065	7.547030e-01	7.000000e-01	
1.084634e+02	1066	7.420031e+01	2.886440e+02	1.084634e+02	1066	7.955037e-01	7.000000e-01	
1.085651e+02	1067	9.011074e+01	2.607437e+02	1.085651e+02	1067	7.431677e-01	7.000000e-01	
1.086669e+02	1068	9.469654e+01	2.414936e+02	1.086669e+02	1068	7.183245e-01	7.000000e-01	
1.087686e+02	1069	1.001629e+02	2.702717e+02	1.087686e+02	1069	7.296071e-01	7.000000e-01	
1.088704e+02	1070	1.050673e+02	2.462191e+02	1.088704e+02	1070	7.009070e-01	7.000000e-01	
1.089721e+02	1071	9.762252e+01	2.730374e+02	1.089721e+02	1071	7.366251e-01	7.000000e-01	
1.090739e+02	1072	8.893783e+01	2.507417e+02	1.090739e+02	1072	7.381714e-01	7.000000e-01	
1.091756e+02	1073	9.750647e+01	2.813407e+02	1.091756e+02	1073	7.426232e-01	7.000000e-01	
1.092774e+02	1074	9.364261e+01	2.665038e+02	1.092774e+02	1074	7.399874e-01	7.000000e-01	
1.093791e+02	1075	9.147019e+01	3.012417e+02	1.093791e+02	1075	7.670807e-01	7.000000e-01	
1.094808e+02	1076	1.001737e+02	2.478965e+02	1.094808e+02	1076	7.122026e-01	7.000000e-01	
1.095826e+02	1077	8.403547e+01	3.255837e+02	1.095826e+02	1077	7.948449e-01	7.000000e-01	
1.096843e+02	1078	6.796427e+01	3.280067e+02	1.096843e+02	1078	8.283605e-01	7.000000e-01	
1.097861e+02	1079	9.730100e+01	3.166576e+02	1.097861e+02	1079	7.649499e-01	7.000000e-01	
1.098878e+02	1080	8.401323e+01	3.261636e+02	1.098878e+02	1080	7.951780e-01	7.000000e-01	
1.099896e+02	1081	7.035643e+01	3.267457e+02	1.099896e+02	1081	8.228254e-01	7.000000e-01	
