time at 532nm	frame at 532nm	I_1 at 532nm(counts)	I_2 at 532nm(counts)	time at 532nm	frame at 532nm	FRET_1>2	discr.FRET_1>2	
1.017480e-01	1	1.243020e+02	3.838336e+02	1.017480e-01	1	7.553763e-01	7.000000e-01	
2.034960e-01	2	1.243020e+02	3.838336e+02	2.034960e-01	2	7.553763e-01	7.000000e-01	
3.052440e-01	3	1.339892e+02	3.828472e+02	3.052440e-01	3	7.407512e-01	7.000000e-01	
4.069920e-01	4	1.028160e+02	3.505794e+02	4.069920e-01	4	7.732310e-01	7.000000e-01	
5.087400e-01	5	1.026696e+02	3.543454e+02	5.087400e-01	5	7.753474e-01	7.000000e-01	
6.104880e-01	6	1.082702e+02	3.506296e+02	6.104880e-01	6	7.640657e-01	7.000000e-01	
7.122360e-01	7	9.864648e+01	3.593608e+02	7.122360e-01	7	7.846181e-01	7.000000e-01	
8.139840e-01	8	1.136181e+02	3.260245e+02	8.139840e-01	8	7.415671e-01	7.000000e-01	
9.157320e-01	9	1.101549e+02	3.020666e+02	9.157320e-01	9	7.327774e-01	7.000000e-01	
1.017480e+00	10	9.907569e+01	3.914776e+02	1.017480e+00	10	7.980328e-01	7.000000e-01	
1.119228e+00	11	1.042234e+02	3.167142e+02	1.119228e+00	11	7.524018e-01	7.000000e-01	
1.220976e+00	12	1.099062e+02	3.288698e+02	1.220976e+00	12	7.495164e-01	7.000000e-01	
1.322724e+00	13	1.092887e+02	3.136700e+02	1.322724e+00	13	7.416091e-01	7.000000e-01	
1.424472e+00	14	1.096713e+02	3.013588e+02	1.424472e+00	14	7.331794e-01	7.000000e-01	
1.526220e+00	15	1.095176e+02	3.172805e+02	1.526220e+00	15	7.433972e-01	7.000000e-01	
1.627968e+00	16	1.288027e+02	3.214481e+02	1.627968e+00	16	7.139312e-01	7.000000e-01	
1.729716e+00	17	1.274399e+02	3.116185e+02	1.729716e+00	17	7.097427e-01	7.000000e-01	
1.831464e+00	18	1.289429e+02	3.144281e+02	1.831464e+00	18	7.091761e-01	7.000000e-01	
1.933212e+00	19	1.205519e+02	3.330365e+02	1.933212e+00	19	7.342262e-01	7.000000e-01	
2.034960e+00	20	1.138339e+02	3.058625e+02	2.034960e+00	20	7.287708e-01	7.000000e-01	
2.136708e+00	21	1.116959e+02	2.919745e+02	2.136708e+00	21	7.232993e-01	7.000000e-01	
2.238456e+00	22	1.523391e+02	2.757315e+02	2.238456e+00	22	6.441262e-01	7.000000e-01	
2.340204e+00	23	1.291482e+02	2.987961e+02	2.340204e+00	23	6.982126e-01	7.000000e-01	
2.441952e+00	24	1.357041e+02	2.739063e+02	2.441952e+00	24	6.686996e-01	7.000000e-01	
2.543700e+00	25	1.393637e+02	2.858789e+02	2.543700e+00	25	6.722725e-01	7.000000e-01	
2.645448e+00	26	1.003950e+02	3.198379e+02	2.645448e+00	26	7.610968e-01	7.000000e-01	
2.747196e+00	27	1.018454e+02	3.401519e+02	2.747196e+00	27	7.695791e-01	7.000000e-01	
2.848944e+00	28	6.036510e+01	2.849827e+02	2.848944e+00	28	8.252049e-01	7.000000e-01	
2.950692e+00	29	1.148568e+02	3.129406e+02	2.950692e+00	29	7.315159e-01	7.000000e-01	
3.052440e+00	30	1.171248e+02	3.201466e+02	3.052440e+00	30	7.321462e-01	7.000000e-01	
3.154188e+00	31	1.116888e+02	3.065183e+02	3.154188e+00	31	7.329342e-01	7.000000e-01	
3.255936e+00	32	1.010259e+02	3.288975e+02	3.255936e+00	32	7.650142e-01	7.000000e-01	
3.357684e+00	33	1.055797e+02	3.332852e+02	3.357684e+00	33	7.594255e-01	7.000000e-01	
3.459432e+00	34	1.132622e+02	3.191434e+02	3.459432e+00	34	7.380649e-01	7.000000e-01	
3.561180e+00	35	1.101738e+02	3.537428e+02	3.561180e+00	35	7.625138e-01	7.000000e-01	
3.662928e+00	36	1.282940e+02	3.847172e+02	3.662928e+00	36	7.499197e-01	7.000000e-01	
3.764676e+00	37	1.134722e+02	3.080469e+02	3.764676e+00	37	7.308018e-01	7.000000e-01	
3.866424e+00	38	1.187156e+02	3.419696e+02	3.866424e+00	38	7.423065e-01	7.000000e-01	
3.968172e+00	39	1.147717e+02	3.361470e+02	3.968172e+00	39	7.454714e-01	7.000000e-01	
4.069920e+00	40	1.208056e+02	3.568916e+02	4.069920e+00	40	7.471084e-01	7.000000e-01	
4.171668e+00	41	1.218416e+02	3.468018e+02	4.171668e+00	41	7.400121e-01	7.000000e-01	
4.273416e+00	42	1.062543e+02	3.199599e+02	4.273416e+00	42	7.507021e-01	7.000000e-01	
4.375164e+00	43	1.393189e+02	3.580071e+02	4.375164e+00	43	7.198640e-01	7.000000e-01	
4.476912e+00	44	1.106209e+02	3.655118e+02	4.476912e+00	44	7.676679e-01	7.000000e-01	
4.578660e+00	45	1.354877e+02	3.626309e+02	4.578660e+00	45	7.280011e-01	7.000000e-01	
4.680408e+00	46	1.189957e+02	3.556133e+02	4.680408e+00	46	7.492764e-01	7.000000e-01	
4.782156e+00	47	1.246498e+02	3.439317e+02	4.782156e+00	47	7.339848e-01	7.000000e-01	
4.883904e+00	48	1.539934e+02	3.160614e+02	4.883904e+00	48	6.723927e-01	7.000000e-01	
4.985652e+00	49	1.101546e+02	3.599631e+02	4.985652e+00	49	7.656872e-01	7.000000e-01	
5.087400e+00	50	1.370823e+02	3.625693e+02	5.087400e+00	50	7.256442e-01	7.000000e-01	
5.189148e+00	51	1.339479e+02	3.561598e+02	5.189148e+00	51	7.266970e-01	7.000000e-01	
5.290896e+00	52	1.100840e+02	3.198552e+02	5.290896e+00	52	7.439545e-01	7.000000e-01	
5.392644e+00	53	1.030696e+02	3.915541e+02	5.392644e+00	53	7.916202e-01	7.000000e-01	
5.494392e+00	54	1.162667e+02	3.446318e+02	5.494392e+00	54	7.477390e-01	7.000000e-01	
5.596140e+00	55	1.169878e+02	3.522492e+02	5.596140e+00	55	7.506850e-01	7.000000e-01	
5.697888e+00	56	1.084167e+02	3.222716e+02	5.697888e+00	56	7.482711e-01	7.000000e-01	
5.799636e+00	57	1.056933e+02	3.211739e+02	5.799636e+00	57	7.523977e-01	7.000000e-01	
5.901384e+00	58	1.072418e+02	3.205970e+02	5.901384e+00	58	7.493406e-01	7.000000e-01	
6.003132e+00	59	1.143060e+02	3.484538e+02	6.003132e+00	59	7.529906e-01	7.000000e-01	
6.104880e+00	60	9.440989e+01	3.292603e+02	6.104880e+00	60	7.771618e-01	7.000000e-01	
6.206628e+00	61	9.607288e+01	3.017111e+02	6.206628e+00	61	7.584798e-01	7.000000e-01	
6.308376e+00	62	1.097608e+02	3.255273e+02	6.308376e+00	62	7.478433e-01	7.000000e-01	
6.410124e+00	63	1.061413e+02	3.149306e+02	6.410124e+00	63	7.479259e-01	7.000000e-01	
6.511872e+00	64	9.635242e+01	2.975303e+02	6.511872e+00	64	7.553779e-01	7.000000e-01	
6.613620e+00	65	8.371924e+01	3.686900e+02	6.613620e+00	65	8.149480e-01	7.000000e-01	
6.715368e+00	66	1.002622e+02	3.248574e+02	6.715368e+00	66	7.641553e-01	7.000000e-01	
6.817116e+00	67	9.171093e+01	3.681509e+02	6.817116e+00	67	8.005685e-01	7.000000e-01	
6.918864e+00	68	1.046142e+02	4.134526e+02	6.918864e+00	68	7.980681e-01	7.000000e-01	
7.020612e+00	69	1.073878e+02	3.774561e+02	7.020612e+00	69	7.785106e-01	7.000000e-01	
7.122360e+00	70	7.756902e+01	3.755571e+02	7.122360e+00	70	8.288136e-01	7.000000e-01	
7.224108e+00	71	1.142510e+02	3.424400e+02	7.224108e+00	71	7.498287e-01	7.000000e-01	
7.325856e+00	72	1.067093e+02	3.686032e+02	7.325856e+00	72	7.754965e-01	7.000000e-01	
7.427604e+00	73	1.127078e+02	3.570740e+02	7.427604e+00	73	7.600848e-01	7.000000e-01	
7.529352e+00	74	1.150035e+02	3.272086e+02	7.529352e+00	74	7.399359e-01	7.000000e-01	
7.631100e+00	75	9.947787e+01	3.556970e+02	7.631100e+00	75	7.814513e-01	7.000000e-01	
7.732848e+00	76	1.194070e+02	3.200447e+02	7.732848e+00	76	7.282819e-01	7.000000e-01	
7.834596e+00	77	1.291506e+02	2.972827e+02	7.834596e+00	77	6.971376e-01	7.000000e-01	
7.936344e+00	78	1.074809e+02	3.614802e+02	7.936344e+00	78	7.708106e-01	7.000000e-01	
8.038092e+00	79	1.080855e+02	3.312512e+02	8.038092e+00	79	7.539803e-01	7.000000e-01	
8.139840e+00	80	1.035447e+02	3.416578e+02	8.139840e+00	80	7.674211e-01	7.000000e-01	
8.241588e+00	81	1.157627e+02	3.243213e+02	8.241588e+00	81	7.369532e-01	7.000000e-01	
8.343336e+00	82	1.226938e+02	3.113263e+02	8.343336e+00	82	7.173085e-01	7.000000e-01	
8.445084e+00	83	1.184872e+02	3.204621e+02	8.445084e+00	83	7.300663e-01	7.000000e-01	
8.546832e+00	84	1.144296e+02	3.178581e+02	8.546832e+00	84	7.352930e-01	7.000000e-01	
8.648580e+00	85	1.199928e+02	3.116270e+02	8.648580e+00	85	7.219942e-01	7.000000e-01	
8.750328e+00	86	1.158341e+02	3.310099e+02	8.750328e+00	86	7.407728e-01	7.000000e-01	
8.852076e+00	87	1.217992e+02	3.278764e+02	8.852076e+00	87	7.291399e-01	7.000000e-01	
8.953824e+00	88	1.129681e+02	3.554689e+02	8.953824e+00	88	7.588404e-01	7.000000e-01	
9.055572e+00	89	1.437757e+02	3.032153e+02	9.055572e+00	89	6.783477e-01	7.000000e-01	
9.157320e+00	90	1.039629e+02	3.147236e+02	9.157320e+00	90	7.516927e-01	7.000000e-01	
9.259068e+00	91	1.193127e+02	3.172077e+02	9.259068e+00	91	7.266733e-01	7.000000e-01	
9.360816e+00	92	1.194371e+02	3.714460e+02	9.360816e+00	92	7.566893e-01	7.000000e-01	
9.462564e+00	93	1.207412e+02	3.937155e+02	9.462564e+00	93	7.653035e-01	7.000000e-01	
9.564312e+00	94	1.261301e+02	3.532597e+02	9.564312e+00	94	7.368945e-01	7.000000e-01	
9.666060e+00	95	1.248842e+02	3.609047e+02	9.666060e+00	95	7.429250e-01	7.000000e-01	
9.767808e+00	96	1.133897e+02	3.515954e+02	9.767808e+00	96	7.561434e-01	7.000000e-01	
9.869556e+00	97	1.185002e+02	3.369214e+02	9.869556e+00	97	7.398011e-01	7.000000e-01	
9.971304e+00	98	1.141428e+02	3.399221e+02	9.971304e+00	98	7.486201e-01	7.000000e-01	
1.007305e+01	99	1.177795e+02	3.484854e+02	1.007305e+01	99	7.473979e-01	7.000000e-01	
1.017480e+01	100	1.188083e+02	3.515314e+02	1.017480e+01	100	7.473990e-01	7.000000e-01	
1.027655e+01	101	1.176647e+02	3.579984e+02	1.027655e+01	101	7.526302e-01	7.000000e-01	
1.037830e+01	102	1.118947e+02	3.474975e+02	1.037830e+01	102	7.564288e-01	7.000000e-01	
1.048004e+01	103	1.078010e+02	3.516180e+02	1.048004e+01	103	7.653536e-01	7.000000e-01	
1.058179e+01	104	1.206739e+02	3.307499e+02	1.058179e+01	104	7.326816e-01	7.000000e-01	
1.068354e+01	105	1.043558e+02	3.358327e+02	1.068354e+01	105	7.629293e-01	7.000000e-01	
1.078529e+01	106	1.170615e+02	3.531938e+02	1.078529e+01	106	7.510682e-01	7.000000e-01	
1.088704e+01	107	1.101594e+02	3.473630e+02	1.088704e+01	107	7.592262e-01	7.000000e-01	
1.098878e+01	108	1.085361e+02	3.410495e+02	1.098878e+01	108	7.585864e-01	7.000000e-01	
1.109053e+01	109	1.078907e+02	3.459686e+02	1.109053e+01	109	7.622816e-01	7.000000e-01	
1.119228e+01	110	1.093736e+02	3.438495e+02	1.119228e+01	110	7.586760e-01	7.000000e-01	
1.129403e+01	111	1.063159e+02	3.748044e+02	1.129403e+01	111	7.790243e-01	7.000000e-01	
1.139578e+01	112	1.100488e+02	3.247244e+02	1.139578e+01	112	7.468823e-01	7.000000e-01	
1.149752e+01	113	1.080817e+02	3.456352e+02	1.149752e+01	113	7.617860e-01	7.000000e-01	
1.159927e+01	114	1.048140e+02	3.848904e+02	1.159927e+01	114	7.859648e-01	7.000000e-01	
1.170102e+01	115	1.186617e+02	3.231721e+02	1.170102e+01	115	7.314336e-01	7.000000e-01	
1.180277e+01	116	1.080407e+02	3.424776e+02	1.180277e+01	116	7.601858e-01	7.000000e-01	
1.190452e+01	117	1.266572e+02	3.341870e+02	1.190452e+01	117	7.251626e-01	7.000000e-01	
1.200626e+01	118	1.035945e+02	3.206960e+02	1.200626e+01	118	7.558406e-01	7.000000e-01	
1.210801e+01	119	1.235851e+02	3.393468e+02	1.210801e+01	119	7.330383e-01	7.000000e-01	
1.220976e+01	120	1.143119e+02	3.249604e+02	1.220976e+01	120	7.397698e-01	7.000000e-01	
1.231151e+01	121	1.206390e+02	3.326628e+02	1.231151e+01	121	7.338660e-01	7.000000e-01	
1.241326e+01	122	1.301845e+02	3.436306e+02	1.241326e+01	122	7.252420e-01	7.000000e-01	
1.251500e+01	123	1.249751e+02	3.204742e+02	1.251500e+01	123	7.194403e-01	7.000000e-01	
1.261675e+01	124	1.180341e+02	3.473274e+02	1.261675e+01	124	7.463604e-01	7.000000e-01	
1.271850e+01	125	1.239777e+02	3.379248e+02	1.271850e+01	125	7.315934e-01	7.000000e-01	
1.282025e+01	126	1.254679e+02	3.311312e+02	1.282025e+01	126	7.252121e-01	7.000000e-01	
1.292200e+01	127	1.185275e+02	3.573478e+02	1.292200e+01	127	7.509274e-01	7.000000e-01	
1.302374e+01	128	1.212947e+02	3.587554e+02	1.302374e+01	128	7.473291e-01	7.000000e-01	
1.312549e+01	129	1.199625e+02	2.938156e+02	1.312549e+01	129	7.100801e-01	7.000000e-01	
1.322724e+01	130	1.159276e+02	3.723971e+02	1.322724e+01	130	7.626014e-01	7.000000e-01	
1.332899e+01	131	1.227261e+02	3.383238e+02	1.332899e+01	131	7.338117e-01	7.000000e-01	
1.343074e+01	132	1.252131e+02	3.529302e+02	1.343074e+01	132	7.381264e-01	7.000000e-01	
1.353248e+01	133	1.145879e+02	3.729466e+02	1.353248e+01	133	7.649645e-01	7.000000e-01	
1.363423e+01	134	1.275755e+02	3.503592e+02	1.363423e+01	134	7.330692e-01	7.000000e-01	
1.373598e+01	135	1.061786e+02	3.880035e+02	1.373598e+01	135	7.851428e-01	7.000000e-01	
1.383773e+01	136	1.283988e+02	3.542282e+02	1.383773e+01	136	7.339585e-01	7.000000e-01	
1.393948e+01	137	1.123815e+02	3.766050e+02	1.393948e+01	137	7.701746e-01	7.000000e-01	
1.404122e+01	138	1.117509e+02	3.704100e+02	1.404122e+01	138	7.682290e-01	7.000000e-01	
1.414297e+01	139	1.163359e+02	3.233959e+02	1.414297e+01	139	7.354390e-01	7.000000e-01	
1.424472e+01	140	1.310742e+02	3.167363e+02	1.424472e+01	140	7.072999e-01	7.000000e-01	
1.434647e+01	141	1.090571e+02	3.588014e+02	1.434647e+01	141	7.669015e-01	7.000000e-01	
1.444822e+01	142	1.272087e+02	3.264460e+02	1.444822e+01	142	7.195914e-01	7.000000e-01	
1.454996e+01	143	1.369751e+02	3.121397e+02	1.454996e+01	143	6.950109e-01	7.000000e-01	
1.465171e+01	144	7.970813e+01	3.348413e+02	1.465171e+01	144	8.077235e-01	7.000000e-01	
1.475346e+01	145	6.748076e+01	3.854704e+02	1.475346e+01	145	8.510198e-01	7.000000e-01	
1.485521e+01	146	5.855882e+01	2.509795e+02	1.485521e+01	146	8.108188e-01	7.000000e-01	
1.495696e+01	147	6.576662e+01	2.790853e+02	1.495696e+01	147	8.092903e-01	7.000000e-01	
1.505870e+01	148	1.004942e+02	2.821131e+02	1.505870e+01	148	7.373437e-01	7.000000e-01	
1.516045e+01	149	5.001303e+01	2.415795e+02	1.516045e+01	149	8.284832e-01	7.000000e-01	
1.526220e+01	150	5.362296e+01	2.661314e+02	1.526220e+01	150	8.322995e-01	7.000000e-01	
1.536395e+01	151	1.018167e+02	2.881233e+02	1.536395e+01	151	7.388914e-01	7.000000e-01	
1.546570e+01	152	8.314936e+01	2.726407e+02	1.546570e+01	152	7.662966e-01	7.000000e-01	
1.556744e+01	153	8.885561e+01	2.898420e+02	1.556744e+01	153	7.653653e-01	7.000000e-01	
1.566919e+01	154	8.611464e+01	2.731835e+02	1.566919e+01	154	7.603254e-01	7.000000e-01	
1.577094e+01	155	9.893358e+01	2.905883e+02	1.577094e+01	155	7.460128e-01	7.000000e-01	
1.587269e+01	156	1.057778e+02	2.757464e+02	1.587269e+01	156	7.227494e-01	7.000000e-01	
1.597444e+01	157	9.981446e+01	2.795035e+02	1.597444e+01	157	7.368581e-01	7.000000e-01	
1.607618e+01	158	1.028669e+02	2.873857e+02	1.607618e+01	158	7.364094e-01	7.000000e-01	
1.617793e+01	159	9.175669e+01	2.950698e+02	1.617793e+01	159	7.627963e-01	7.000000e-01	
1.627968e+01	160	9.581257e+01	2.869036e+02	1.627968e+01	160	7.496511e-01	7.000000e-01	
1.638143e+01	161	9.543777e+01	2.450667e+02	1.638143e+01	161	7.197165e-01	7.000000e-01	
1.648318e+01	162	9.858922e+01	3.028474e+02	1.648318e+01	162	7.544090e-01	7.000000e-01	
1.658492e+01	163	9.464091e+01	2.859388e+02	1.658492e+01	163	7.513243e-01	7.000000e-01	
1.668667e+01	164	9.941575e+01	2.432646e+02	1.668667e+01	164	7.098878e-01	7.000000e-01	
1.678842e+01	165	9.980374e+01	2.802966e+02	1.678842e+01	165	7.374279e-01	7.000000e-01	
1.689017e+01	166	9.605182e+01	2.814010e+02	1.689017e+01	166	7.455263e-01	7.000000e-01	
1.699192e+01	167	1.321507e+02	3.402680e+02	1.699192e+01	167	7.202678e-01	7.000000e-01	
1.709366e+01	168	1.080297e+02	3.021464e+02	1.709366e+01	168	7.366260e-01	7.000000e-01	
1.719541e+01	169	1.167877e+02	3.352960e+02	1.719541e+01	169	7.416680e-01	7.000000e-01	
1.729716e+01	170	1.395453e+02	3.330020e+02	1.729716e+01	170	7.046956e-01	7.000000e-01	
1.739891e+01	171	1.295520e+02	3.667393e+02	1.739891e+01	171	7.389598e-01	7.000000e-01	
1.750066e+01	172	1.289532e+02	3.111807e+02	1.750066e+01	172	7.070137e-01	7.000000e-01	
1.760240e+01	173	1.304923e+02	3.439972e+02	1.760240e+01	173	7.249838e-01	7.000000e-01	
1.770415e+01	174	1.302808e+02	3.432934e+02	1.770415e+01	174	7.248989e-01	7.000000e-01	
1.780590e+01	175	1.319534e+02	3.124792e+02	1.780590e+01	175	7.030969e-01	7.000000e-01	
1.790765e+01	176	1.084520e+02	3.297480e+02	1.790765e+01	176	7.525057e-01	7.000000e-01	
1.800940e+01	177	1.394165e+02	3.516094e+02	1.800940e+01	177	7.160710e-01	7.000000e-01	
1.811114e+01	178	1.051761e+02	3.469939e+02	1.811114e+01	178	7.673970e-01	7.000000e-01	
1.821289e+01	179	1.377216e+02	3.242903e+02	1.821289e+01	179	7.019090e-01	7.000000e-01	
1.831464e+01	180	1.055657e+02	3.240445e+02	1.831464e+01	180	7.542756e-01	7.000000e-01	
1.841639e+01	181	1.146174e+02	3.260328e+02	1.841639e+01	181	7.398903e-01	7.000000e-01	
1.851814e+01	182	9.305659e+01	3.305408e+02	1.851814e+01	182	7.803183e-01	7.000000e-01	
1.861988e+01	183	8.141844e+01	3.449542e+02	1.861988e+01	183	8.090439e-01	7.000000e-01	
1.872163e+01	184	1.059567e+02	3.461019e+02	1.872163e+01	184	7.656129e-01	7.000000e-01	
1.882338e+01	185	9.865900e+01	3.166511e+02	1.882338e+01	185	7.624450e-01	7.000000e-01	
1.892513e+01	186	1.000515e+02	3.330869e+02	1.892513e+01	186	7.690080e-01	7.000000e-01	
1.902688e+01	187	1.054423e+02	3.278353e+02	1.902688e+01	187	7.566403e-01	7.000000e-01	
1.912862e+01	188	1.037941e+02	3.052433e+02	1.912862e+01	188	7.462479e-01	7.000000e-01	
1.923037e+01	189	1.001395e+02	2.937629e+02	1.923037e+01	189	7.457759e-01	7.000000e-01	
1.933212e+01	190	1.038200e+02	3.197964e+02	1.933212e+01	190	7.549198e-01	7.000000e-01	
1.943387e+01	191	1.059429e+02	3.328697e+02	1.943387e+01	191	7.585691e-01	7.000000e-01	
1.953562e+01	192	1.265420e+02	3.352483e+02	1.953562e+01	192	7.259752e-01	7.000000e-01	
1.963736e+01	193	1.012582e+02	3.179343e+02	1.963736e+01	193	7.584446e-01	7.000000e-01	
1.973911e+01	194	1.022003e+02	3.156911e+02	1.973911e+01	194	7.554381e-01	7.000000e-01	
1.984086e+01	195	1.444426e+02	3.536185e+02	1.984086e+01	195	7.099902e-01	7.000000e-01	
1.994261e+01	196	1.373658e+02	3.067751e+02	1.994261e+01	196	6.907157e-01	7.000000e-01	
2.004436e+01	197	1.176813e+02	3.240281e+02	2.004436e+01	197	7.335776e-01	7.000000e-01	
2.014610e+01	198	1.097805e+02	3.207182e+02	2.014610e+01	198	7.449923e-01	7.000000e-01	
2.024785e+01	199	1.298306e+02	3.057516e+02	2.024785e+01	199	7.019378e-01	7.000000e-01	
2.034960e+01	200	1.195092e+02	3.211871e+02	2.034960e+01	200	7.288173e-01	7.000000e-01	
2.045135e+01	201	1.125003e+02	3.326091e+02	2.045135e+01	201	7.472525e-01	7.000000e-01	
2.055310e+01	202	1.082113e+02	3.973093e+02	2.055310e+01	202	7.859409e-01	7.000000e-01	
2.065484e+01	203	1.095470e+02	3.567564e+02	2.065484e+01	203	7.650736e-01	7.000000e-01	
2.075659e+01	204	1.135494e+02	3.624614e+02	2.075659e+01	204	7.614563e-01	7.000000e-01	
2.085834e+01	205	1.080512e+02	3.231143e+02	2.085834e+01	205	7.493974e-01	7.000000e-01	
2.096009e+01	206	1.016312e+02	3.568781e+02	2.096009e+01	206	7.783443e-01	7.000000e-01	
2.106184e+01	207	1.187971e+02	3.442729e+02	2.106184e+01	207	7.434576e-01	7.000000e-01	
2.116358e+01	208	1.054372e+02	3.747392e+02	2.116358e+01	208	7.804199e-01	7.000000e-01	
2.126533e+01	209	1.044210e+02	3.600500e+02	2.126533e+01	209	7.751830e-01	7.000000e-01	
2.136708e+01	210	1.140512e+02	3.922544e+02	2.136708e+01	210	7.747384e-01	7.000000e-01	
2.146883e+01	211	9.606177e+01	3.591753e+02	2.146883e+01	211	7.889852e-01	7.000000e-01	
2.157058e+01	212	9.363570e+01	3.753909e+02	2.157058e+01	212	8.003616e-01	7.000000e-01	
2.167232e+01	213	1.164017e+02	3.232360e+02	2.167232e+01	213	7.352327e-01	7.000000e-01	
2.177407e+01	214	1.226363e+02	3.355919e+02	2.177407e+01	214	7.323685e-01	7.000000e-01	
2.187582e+01	215	1.042690e+02	2.970758e+02	2.187582e+01	215	7.402009e-01	7.000000e-01	
2.197757e+01	216	1.243252e+02	3.469600e+02	2.197757e+01	216	7.361997e-01	7.000000e-01	
2.207932e+01	217	9.441371e+01	3.100438e+02	2.207932e+01	217	7.665670e-01	7.000000e-01	
2.218106e+01	218	1.024869e+02	2.999833e+02	2.218106e+01	218	7.453553e-01	7.000000e-01	
2.228281e+01	219	1.072838e+02	3.162613e+02	2.228281e+01	219	7.467004e-01	7.000000e-01	
2.238456e+01	220	1.192544e+02	3.314827e+02	2.238456e+01	220	7.354236e-01	7.000000e-01	
2.248631e+01	221	1.085493e+02	3.271948e+02	2.248631e+01	221	7.508875e-01	7.000000e-01	
2.258806e+01	222	1.132824e+02	3.172043e+02	2.258806e+01	222	7.368504e-01	7.000000e-01	
2.268980e+01	223	1.054373e+02	3.087797e+02	2.268980e+01	223	7.454540e-01	7.000000e-01	
2.279155e+01	224	1.096950e+02	3.106936e+02	2.279155e+01	224	7.390629e-01	7.000000e-01	
2.289330e+01	225	1.048889e+02	3.004024e+02	2.289330e+01	225	7.412012e-01	7.000000e-01	
2.299505e+01	226	1.083459e+02	2.713808e+02	2.299505e+01	226	7.146740e-01	7.000000e-01	
2.309680e+01	227	1.090071e+02	3.053411e+02	2.309680e+01	227	7.369191e-01	7.000000e-01	
2.319854e+01	228	1.147039e+02	3.105614e+02	2.319854e+01	228	7.302768e-01	7.000000e-01	
2.330029e+01	229	1.282777e+02	2.949143e+02	2.330029e+01	229	6.968806e-01	7.000000e-01	
2.340204e+01	230	1.175338e+02	3.136349e+02	2.340204e+01	230	7.274065e-01	7.000000e-01	
2.350379e+01	231	1.223425e+02	3.007062e+02	2.350379e+01	231	7.108075e-01	7.000000e-01	
2.360554e+01	232	1.184772e+02	3.085086e+02	2.360554e+01	232	7.225266e-01	7.000000e-01	
2.370728e+01	233	1.190157e+02	2.964356e+02	2.370728e+01	233	7.135267e-01	7.000000e-01	
2.380903e+01	234	9.863541e+01	3.439375e+02	2.380903e+01	234	7.771318e-01	7.000000e-01	
2.391078e+01	235	1.072388e+02	3.254761e+02	2.391078e+01	235	7.521722e-01	7.000000e-01	
2.401253e+01	236	1.177870e+02	3.379274e+02	2.401253e+01	236	7.415333e-01	7.000000e-01	
2.411428e+01	237	6.205650e+01	3.131625e+02	2.411428e+01	237	8.346126e-01	7.000000e-01	
2.421602e+01	238	8.272154e+01	3.429415e+02	2.421602e+01	238	8.056643e-01	7.000000e-01	
2.431777e+01	239	1.150570e+02	3.288780e+02	2.431777e+01	239	7.408247e-01	7.000000e-01	
2.441952e+01	240	9.384945e+01	3.351562e+02	2.441952e+01	240	7.812396e-01	7.000000e-01	
2.452127e+01	241	1.072347e+02	3.206815e+02	2.452127e+01	241	7.494026e-01	7.000000e-01	
2.462302e+01	242	1.236566e+02	3.027921e+02	2.462302e+01	242	7.100317e-01	7.000000e-01	
2.472476e+01	243	1.158977e+02	2.980863e+02	2.472476e+01	243	7.200430e-01	7.000000e-01	
2.482651e+01	244	1.070245e+02	3.320638e+02	2.482651e+01	244	7.562575e-01	7.000000e-01	
2.492826e+01	245	9.533826e+01	3.345577e+02	2.492826e+01	245	7.782295e-01	7.000000e-01	
2.503001e+01	246	1.111594e+02	3.424827e+02	2.503001e+01	246	7.549623e-01	7.000000e-01	
2.513176e+01	247	1.109691e+02	3.207636e+02	2.513176e+01	247	7.429680e-01	7.000000e-01	
2.523350e+01	248	8.671067e+01	3.587810e+02	2.523350e+01	248	8.053596e-01	7.000000e-01	
2.533525e+01	249	1.234927e+02	3.446409e+02	2.533525e+01	249	7.362020e-01	7.000000e-01	
2.543700e+01	250	1.067474e+02	3.203209e+02	2.543700e+01	250	7.500461e-01	7.000000e-01	
2.553875e+01	251	9.680976e+01	3.214299e+02	2.553875e+01	251	7.685304e-01	7.000000e-01	
2.564050e+01	252	1.227656e+02	3.284221e+02	2.564050e+01	252	7.279057e-01	7.000000e-01	
2.574224e+01	253	1.549102e+02	3.023276e+02	2.574224e+01	253	6.612043e-01	7.000000e-01	
2.584399e+01	254	1.325505e+02	3.604510e+02	2.584399e+01	254	7.311357e-01	7.000000e-01	
2.594574e+01	255	9.426309e+01	3.589986e+02	2.594574e+01	255	7.920338e-01	7.000000e-01	
2.604749e+01	256	9.385453e+01	3.598285e+02	2.604749e+01	256	7.931275e-01	7.000000e-01	
2.614924e+01	257	1.206675e+02	3.442165e+02	2.614924e+01	257	7.404352e-01	7.000000e-01	
2.625098e+01	258	8.637532e+01	3.607548e+02	2.625098e+01	258	8.068229e-01	7.000000e-01	
2.635273e+01	259	9.831305e+01	3.462900e+02	2.635273e+01	259	7.788745e-01	7.000000e-01	
2.645448e+01	260	9.786479e+01	3.607570e+02	2.645448e+01	260	7.866111e-01	7.000000e-01	
2.655623e+01	261	9.635473e+01	3.593469e+02	2.655623e+01	261	7.885574e-01	7.000000e-01	
2.665798e+01	262	7.925610e+01	3.444370e+02	2.665798e+01	262	8.129398e-01	7.000000e-01	
2.675972e+01	263	9.565541e+01	3.454593e+02	2.675972e+01	263	7.831507e-01	7.000000e-01	
2.686147e+01	264	9.856569e+01	3.621996e+02	2.686147e+01	264	7.860826e-01	7.000000e-01	
2.696322e+01	265	1.212877e+02	3.875891e+02	2.696322e+01	265	7.616561e-01	7.000000e-01	
2.706497e+01	266	1.157862e+02	3.188117e+02	2.706497e+01	266	7.335786e-01	7.000000e-01	
2.716672e+01	267	1.071704e+02	3.663656e+02	2.716672e+01	267	7.736806e-01	7.000000e-01	
2.726846e+01	268	1.170798e+02	3.766583e+02	2.726846e+01	268	7.628706e-01	7.000000e-01	
2.737021e+01	269	1.104190e+02	3.770616e+02	2.737021e+01	269	7.734905e-01	7.000000e-01	
2.747196e+01	270	1.180979e+02	3.216347e+02	2.747196e+01	270	7.314325e-01	7.000000e-01	
2.757371e+01	271	9.827057e+01	3.580566e+02	2.757371e+01	271	7.846489e-01	7.000000e-01	
2.767546e+01	272	9.782256e+01	3.500264e+02	2.767546e+01	272	7.815724e-01	7.000000e-01	
2.777720e+01	273	1.094967e+02	3.630162e+02	2.777720e+01	273	7.682673e-01	7.000000e-01	
2.787895e+01	274	1.066282e+02	3.464596e+02	2.787895e+01	274	7.646633e-01	7.000000e-01	
2.798070e+01	275	1.139793e+02	3.568303e+02	2.798070e+01	275	7.579079e-01	7.000000e-01	
2.808245e+01	276	1.102236e+02	3.413788e+02	2.808245e+01	276	7.559278e-01	7.000000e-01	
2.818420e+01	277	1.057178e+02	3.462077e+02	2.818420e+01	277	7.660725e-01	7.000000e-01	
2.828594e+01	278	9.586996e+01	3.570361e+02	2.828594e+01	278	7.883226e-01	7.000000e-01	
2.838769e+01	279	7.887835e+01	3.443950e+02	2.838769e+01	279	8.136468e-01	7.000000e-01	
2.848944e+01	280	1.158087e+02	3.724323e+02	2.848944e+01	280	7.628042e-01	7.000000e-01	
2.859119e+01	281	1.057089e+02	3.660400e+02	2.859119e+01	281	7.759213e-01	7.000000e-01	
2.869294e+01	282	1.043397e+02	3.469585e+02	2.869294e+01	282	7.688010e-01	7.000000e-01	
2.879468e+01	283	1.247957e+02	3.608538e+02	2.879468e+01	283	7.430334e-01	7.000000e-01	
2.889643e+01	284	1.115728e+02	3.399966e+02	2.889643e+01	284	7.529221e-01	7.000000e-01	
2.899818e+01	285	1.078435e+02	3.386668e+02	2.899818e+01	285	7.584748e-01	7.000000e-01	
2.909993e+01	286	9.513168e+01	3.672816e+02	2.909993e+01	286	7.942713e-01	7.000000e-01	
2.920168e+01	287	1.060680e+02	3.734085e+02	2.920168e+01	287	7.787837e-01	7.000000e-01	
2.930342e+01	288	9.779659e+01	3.877128e+02	2.930342e+01	288	7.985691e-01	7.000000e-01	
2.940517e+01	289	9.266616e+01	3.553735e+02	2.940517e+01	289	7.931742e-01	7.000000e-01	
2.950692e+01	290	8.722605e+01	3.274747e+02	2.950692e+01	290	7.896651e-01	7.000000e-01	
2.960867e+01	291	1.026697e+02	3.448683e+02	2.960867e+01	291	7.705900e-01	7.000000e-01	
2.971042e+01	292	8.705416e+01	3.319190e+02	2.971042e+01	292	7.922202e-01	7.000000e-01	
2.981216e+01	293	8.293575e+01	2.988289e+02	2.981216e+01	293	7.827569e-01	7.000000e-01	
2.991391e+01	294	1.122816e+02	4.368180e+02	2.991391e+01	294	7.955169e-01	7.000000e-01	
3.001566e+01	295	1.128871e+02	4.788327e+02	3.001566e+01	295	8.092220e-01	7.000000e-01	
3.011741e+01	296	1.285026e+02	4.623201e+02	3.011741e+01	296	7.825023e-01	7.000000e-01	
3.021916e+01	297	1.158192e+02	4.289196e+02	3.021916e+01	297	7.873858e-01	7.000000e-01	
3.032090e+01	298	1.139773e+02	4.217207e+02	3.032090e+01	298	7.872359e-01	7.000000e-01	
3.042265e+01	299	9.633896e+01	4.442537e+02	3.042265e+01	299	8.217901e-01	7.000000e-01	
3.052440e+01	300	1.100868e+02	4.188963e+02	3.052440e+01	300	7.918898e-01	7.000000e-01	
3.062615e+01	301	1.047697e+02	4.155953e+02	3.062615e+01	301	7.986611e-01	7.000000e-01	
3.072790e+01	302	1.056685e+02	4.250124e+02	3.072790e+01	302	8.008813e-01	7.000000e-01	
3.082964e+01	303	1.282678e+02	4.093458e+02	3.082964e+01	303	7.614127e-01	7.000000e-01	
3.093139e+01	304	1.025442e+02	4.188861e+02	3.093139e+01	304	8.033405e-01	7.000000e-01	
3.103314e+01	305	9.760740e+01	4.151419e+02	3.103314e+01	305	8.096391e-01	7.000000e-01	
3.113489e+01	306	1.119103e+02	4.232588e+02	3.113489e+01	306	7.908880e-01	7.000000e-01	
3.123664e+01	307	1.007219e+02	4.282259e+02	3.123664e+01	307	8.095806e-01	7.000000e-01	
3.133838e+01	308	1.155169e+02	3.956337e+02	3.133838e+01	308	7.740061e-01	7.000000e-01	
3.144013e+01	309	1.091221e+02	4.208910e+02	3.144013e+01	309	7.941143e-01	7.000000e-01	
3.154188e+01	310	1.078486e+02	4.099296e+02	3.154188e+01	310	7.917089e-01	7.000000e-01	
3.164363e+01	311	1.024810e+02	4.098826e+02	3.164363e+01	311	7.999838e-01	7.000000e-01	
3.174538e+01	312	9.444550e+01	4.152946e+02	3.174538e+01	312	8.147183e-01	7.000000e-01	
3.184712e+01	313	9.971199e+01	4.714472e+02	3.184712e+01	313	8.254217e-01	7.000000e-01	
3.194887e+01	314	1.035573e+02	4.397794e+02	3.194887e+01	314	8.094049e-01	7.000000e-01	
3.205062e+01	315	9.346658e+01	4.248346e+02	3.205062e+01	315	8.196674e-01	7.000000e-01	
3.215237e+01	316	8.083790e+01	4.365391e+02	3.215237e+01	316	8.437544e-01	7.000000e-01	
3.225412e+01	317	9.438318e+01	4.222259e+02	3.225412e+01	317	8.173025e-01	7.000000e-01	
3.235586e+01	318	7.759834e+01	3.646501e+02	3.235586e+01	318	8.245368e-01	7.000000e-01	
3.245761e+01	319	8.092170e+01	4.559925e+02	3.245761e+01	319	8.492837e-01	7.000000e-01	
3.255936e+01	320	9.209952e+01	4.578219e+02	3.255936e+01	320	8.325224e-01	7.000000e-01	
3.266111e+01	321	9.972021e+01	3.463776e+02	3.266111e+01	321	7.764611e-01	7.000000e-01	
3.276286e+01	322	8.940625e+01	4.064358e+02	3.276286e+01	322	8.196880e-01	7.000000e-01	
3.286460e+01	323	1.102121e+02	3.447679e+02	3.286460e+01	323	7.577650e-01	7.000000e-01	
3.296635e+01	324	1.076609e+02	3.682491e+02	3.296635e+01	324	7.737789e-01	7.000000e-01	
3.306810e+01	325	1.125474e+02	3.718568e+02	3.306810e+01	325	7.676581e-01	7.000000e-01	
3.316985e+01	326	1.045866e+02	3.620855e+02	3.316985e+01	326	7.758885e-01	7.000000e-01	
3.327160e+01	327	9.727729e+01	3.414814e+02	3.327160e+01	327	7.782898e-01	7.000000e-01	
3.337334e+01	328	1.023883e+02	3.674450e+02	3.337334e+01	328	7.820753e-01	7.000000e-01	
3.347509e+01	329	9.720187e+01	3.514136e+02	3.347509e+01	329	7.833292e-01	7.000000e-01	
3.357684e+01	330	1.116525e+02	3.706720e+02	3.357684e+01	330	7.685117e-01	7.000000e-01	
3.367859e+01	331	1.251438e+02	3.924881e+02	3.367859e+01	331	7.582379e-01	7.000000e-01	
3.378034e+01	332	1.083751e+02	3.804034e+02	3.378034e+01	332	7.782736e-01	7.000000e-01	
3.388208e+01	333	8.394229e+01	3.692870e+02	3.388208e+01	333	8.147907e-01	7.000000e-01	
3.398383e+01	334	1.097895e+02	3.702251e+02	3.398383e+01	334	7.712788e-01	7.000000e-01	
3.408558e+01	335	1.282740e+02	3.760370e+02	3.408558e+01	335	7.456450e-01	7.000000e-01	
3.418733e+01	336	1.464566e+02	3.200872e+02	3.418733e+01	336	6.860818e-01	7.000000e-01	
3.428908e+01	337	1.088484e+02	3.294616e+02	3.428908e+01	337	7.516634e-01	7.000000e-01	
3.439082e+01	338	1.016999e+02	3.275947e+02	3.439082e+01	338	7.631000e-01	7.000000e-01	
3.449257e+01	339	1.482814e+02	3.296632e+02	3.449257e+01	339	6.897519e-01	7.000000e-01	
3.459432e+01	340	1.129547e+02	3.441846e+02	3.459432e+01	340	7.529097e-01	7.000000e-01	
3.469607e+01	341	1.097551e+02	3.252938e+02	3.469607e+01	341	7.477178e-01	7.000000e-01	
3.479782e+01	342	1.101190e+02	3.275659e+02	3.479782e+01	342	7.484058e-01	7.000000e-01	
3.489956e+01	343	1.109758e+02	3.642992e+02	3.489956e+01	343	7.665019e-01	7.000000e-01	
3.500131e+01	344	1.075301e+02	3.210799e+02	3.500131e+01	344	7.491190e-01	7.000000e-01	
3.510306e+01	345	1.111250e+02	3.042206e+02	3.510306e+01	345	7.324517e-01	7.000000e-01	
3.520481e+01	346	1.098326e+02	3.086778e+02	3.520481e+01	346	7.375630e-01	7.000000e-01	
3.530656e+01	347	1.086194e+02	3.320863e+02	3.530656e+01	347	7.535330e-01	7.000000e-01	
3.540830e+01	348	1.087172e+02	3.204062e+02	3.540830e+01	348	7.466528e-01	7.000000e-01	
3.551005e+01	349	1.121869e+02	2.660784e+02	3.551005e+01	349	7.034174e-01	7.000000e-01	
3.561180e+01	350	9.588940e+01	3.192204e+02	3.561180e+01	350	7.690023e-01	7.000000e-01	
3.571355e+01	351	1.018573e+02	3.284943e+02	3.571355e+01	351	7.633161e-01	7.000000e-01	
3.581530e+01	352	1.046835e+02	3.130152e+02	3.581530e+01	352	7.493804e-01	7.000000e-01	
3.591704e+01	353	1.128863e+02	3.142119e+02	3.591704e+01	353	7.356901e-01	7.000000e-01	
3.601879e+01	354	8.328533e+01	3.232730e+02	3.601879e+01	354	7.951454e-01	7.000000e-01	
3.612054e+01	355	9.927562e+01	3.588425e+02	3.612054e+01	355	7.832969e-01	7.000000e-01	
3.622229e+01	356	1.016002e+02	3.274544e+02	3.622229e+01	356	7.631998e-01	7.000000e-01	
3.632404e+01	357	1.052533e+02	3.168204e+02	3.632404e+01	357	7.506281e-01	7.000000e-01	
3.642578e+01	358	1.041744e+02	3.537405e+02	3.642578e+01	358	7.725027e-01	7.000000e-01	
3.652753e+01	359	9.322859e+01	3.229602e+02	3.652753e+01	359	7.759945e-01	7.000000e-01	
3.662928e+01	360	1.019909e+02	3.466622e+02	3.662928e+01	360	7.726731e-01	7.000000e-01	
3.673103e+01	361	9.268913e+01	3.518756e+02	3.673103e+01	361	7.915059e-01	7.000000e-01	
3.683278e+01	362	1.025870e+02	3.399870e+02	3.683278e+01	362	7.682037e-01	7.000000e-01	
3.693452e+01	363	9.740725e+01	3.562878e+02	3.693452e+01	363	7.853024e-01	7.000000e-01	
3.703627e+01	364	1.195415e+02	3.775344e+02	3.703627e+01	364	7.595106e-01	7.000000e-01	
3.713802e+01	365	1.171793e+02	3.866976e+02	3.713802e+01	365	7.674446e-01	7.000000e-01	
3.723977e+01	366	1.180777e+02	3.841181e+02	3.723977e+01	366	7.648772e-01	7.000000e-01	
3.734152e+01	367	1.183098e+02	3.960680e+02	3.734152e+01	367	7.699944e-01	7.000000e-01	
3.744326e+01	368	1.133236e+02	3.573964e+02	3.744326e+01	368	7.592548e-01	7.000000e-01	
3.754501e+01	369	1.083037e+02	3.565516e+02	3.754501e+01	369	7.670163e-01	7.000000e-01	
3.764676e+01	370	1.221041e+02	3.890575e+02	3.764676e+01	370	7.611243e-01	7.000000e-01	
3.774851e+01	371	8.682539e+01	3.653856e+02	3.774851e+01	371	8.079981e-01	7.000000e-01	
3.785026e+01	372	1.085452e+02	3.409143e+02	3.785026e+01	372	7.584984e-01	7.000000e-01	
3.795200e+01	373	8.945301e+01	3.302168e+02	3.795200e+01	373	7.868491e-01	7.000000e-01	
3.805375e+01	374	1.194970e+02	3.720124e+02	3.805375e+01	374	7.568775e-01	7.000000e-01	
3.815550e+01	375	1.221393e+02	3.347462e+02	3.815550e+01	375	7.326698e-01	7.000000e-01	
3.825725e+01	376	8.307943e+01	3.540579e+02	3.825725e+01	376	8.099466e-01	7.000000e-01	
3.835900e+01	377	1.112274e+02	3.292224e+02	3.835900e+01	377	7.474686e-01	7.000000e-01	
3.846074e+01	378	1.046966e+02	3.375040e+02	3.846074e+01	378	7.632373e-01	7.000000e-01	
3.856249e+01	379	1.054463e+02	3.393416e+02	3.856249e+01	379	7.629290e-01	7.000000e-01	
3.866424e+01	380	1.079516e+02	3.399833e+02	3.866424e+01	380	7.590016e-01	7.000000e-01	
3.876599e+01	381	9.493264e+01	3.215289e+02	3.876599e+01	381	7.720494e-01	7.000000e-01	
3.886774e+01	382	1.198850e+02	3.176450e+02	3.886774e+01	382	7.259959e-01	7.000000e-01	
3.896948e+01	383	9.438454e+01	3.145018e+02	3.896948e+01	383	7.691668e-01	7.000000e-01	
3.907123e+01	384	9.868886e+01	3.186074e+02	3.907123e+01	384	7.635041e-01	7.000000e-01	
3.917298e+01	385	8.843295e+01	3.513918e+02	3.917298e+01	385	7.989359e-01	7.000000e-01	
3.927473e+01	386	9.712258e+01	3.105377e+02	3.927473e+01	386	7.617561e-01	7.000000e-01	
3.937648e+01	387	9.390418e+01	3.360473e+02	3.937648e+01	387	7.815935e-01	7.000000e-01	
3.947822e+01	388	9.907087e+01	3.008169e+02	3.947822e+01	388	7.522533e-01	7.000000e-01	
3.957997e+01	389	9.727756e+01	2.959144e+02	3.957997e+01	389	7.525952e-01	7.000000e-01	
3.968172e+01	390	9.589909e+01	3.203966e+02	3.968172e+01	390	7.696371e-01	7.000000e-01	
3.978347e+01	391	8.787464e+01	2.991898e+02	3.978347e+01	391	7.729715e-01	7.000000e-01	
3.988522e+01	392	9.653591e+01	3.173493e+02	3.988522e+01	392	7.667568e-01	7.000000e-01	
3.998696e+01	393	9.525655e+01	2.742447e+02	3.998696e+01	393	7.422024e-01	7.000000e-01	
4.008871e+01	394	9.749140e+01	3.165783e+02	4.008871e+01	394	7.645532e-01	7.000000e-01	
4.019046e+01	395	9.696107e+01	2.940913e+02	4.019046e+01	395	7.520509e-01	7.000000e-01	
4.029221e+01	396	9.505508e+01	3.379705e+02	4.029221e+01	396	7.804862e-01	7.000000e-01	
4.039396e+01	397	1.032455e+02	3.311926e+02	4.039396e+01	397	7.623470e-01	7.000000e-01	
4.049570e+01	398	1.040188e+02	3.048847e+02	4.049570e+01	398	7.456153e-01	7.000000e-01	
4.059745e+01	399	1.023698e+02	3.194064e+02	4.059745e+01	399	7.572888e-01	7.000000e-01	
4.069920e+01	400	9.623547e+01	3.241982e+02	4.069920e+01	400	7.711043e-01	7.000000e-01	
4.080095e+01	401	9.863273e+01	3.284836e+02	4.080095e+01	401	7.690729e-01	7.000000e-01	
4.090270e+01	402	9.623695e+01	3.316902e+02	4.090270e+01	402	7.751090e-01	7.000000e-01	
4.100444e+01	403	9.497535e+01	3.011920e+02	4.100444e+01	403	7.602646e-01	7.000000e-01	
4.110619e+01	404	9.588872e+01	3.215196e+02	4.110619e+01	404	7.702760e-01	7.000000e-01	
4.120794e+01	405	9.436428e+01	3.344847e+02	4.120794e+01	405	7.799592e-01	7.000000e-01	
4.130969e+01	406	1.005009e+02	3.435437e+02	4.130969e+01	406	7.736694e-01	7.000000e-01	
4.141144e+01	407	9.586920e+01	3.203798e+02	4.141144e+01	407	7.696831e-01	7.000000e-01	
4.151318e+01	408	1.141810e+02	3.056213e+02	4.151318e+01	408	7.280124e-01	7.000000e-01	
4.161493e+01	409	1.149746e+02	3.506890e+02	4.161493e+01	409	7.530952e-01	7.000000e-01	
4.171668e+01	410	6.321053e+01	3.569758e+02	4.171668e+01	410	8.495655e-01	7.000000e-01	
4.181843e+01	411	1.133405e+02	3.257683e+02	4.181843e+01	411	7.418852e-01	7.000000e-01	
4.192018e+01	412	9.361118e+01	3.230590e+02	4.192018e+01	412	7.753351e-01	7.000000e-01	
4.202192e+01	413	1.101129e+02	3.295041e+02	4.202192e+01	413	7.495254e-01	7.000000e-01	
4.212367e+01	414	1.127402e+02	3.035991e+02	4.212367e+01	414	7.292108e-01	7.000000e-01	
4.222542e+01	415	1.119232e+02	3.134043e+02	4.222542e+01	415	7.368541e-01	7.000000e-01	
4.232717e+01	416	1.133488e+02	3.381105e+02	4.232717e+01	416	7.489280e-01	7.000000e-01	
4.242892e+01	417	1.193636e+02	2.879773e+02	4.242892e+01	417	7.069688e-01	7.000000e-01	
4.253066e+01	418	1.138049e+02	2.907375e+02	4.253066e+01	418	7.186824e-01	7.000000e-01	
4.263241e+01	419	1.084507e+02	3.037006e+02	4.263241e+01	419	7.368668e-01	7.000000e-01	
4.273416e+01	420	9.564840e+01	2.960936e+02	4.273416e+01	420	7.558383e-01	7.000000e-01	
4.283591e+01	421	1.039758e+02	3.130182e+02	4.283591e+01	421	7.506540e-01	7.000000e-01	
4.293766e+01	422	1.114150e+02	2.897223e+02	4.293766e+01	422	7.222522e-01	7.000000e-01	
4.303940e+01	423	1.114743e+02	3.101589e+02	4.303940e+01	423	7.356131e-01	7.000000e-01	
4.314115e+01	424	8.979907e+01	2.917190e+02	4.314115e+01	424	7.646270e-01	7.000000e-01	
4.324290e+01	425	8.135263e+01	2.667068e+02	4.324290e+01	425	7.662680e-01	7.000000e-01	
4.334465e+01	426	9.217997e+01	2.812427e+02	4.334465e+01	426	7.531484e-01	7.000000e-01	
4.344640e+01	427	9.330284e+01	2.934370e+02	4.344640e+01	427	7.587452e-01	7.000000e-01	
4.354814e+01	428	1.164035e+02	3.346472e+02	4.354814e+01	428	7.419281e-01	7.000000e-01	
4.364989e+01	429	1.146782e+02	3.473014e+02	4.364989e+01	429	7.517678e-01	7.000000e-01	
4.375164e+01	430	1.177499e+02	3.295540e+02	4.375164e+01	430	7.367564e-01	7.000000e-01	
4.385339e+01	431	1.268266e+02	3.592980e+02	4.385339e+01	431	7.391068e-01	7.000000e-01	
4.395514e+01	432	1.375120e+02	3.743488e+02	4.395514e+01	432	7.313488e-01	7.000000e-01	
4.405688e+01	433	1.308065e+02	3.572980e+02	4.405688e+01	433	7.320113e-01	7.000000e-01	
4.415863e+01	434	1.089309e+02	3.074119e+02	4.415863e+01	434	7.383625e-01	7.000000e-01	
4.426038e+01	435	9.763832e+01	3.284987e+02	4.426038e+01	435	7.708758e-01	7.000000e-01	
4.436213e+01	436	1.165840e+02	3.093603e+02	4.436213e+01	436	7.262929e-01	7.000000e-01	
4.446388e+01	437	1.089030e+02	3.126438e+02	4.446388e+01	437	7.416586e-01	7.000000e-01	
4.456562e+01	438	9.210523e+01	3.160457e+02	4.456562e+01	438	7.743354e-01	7.000000e-01	
4.466737e+01	439	1.186080e+02	3.180976e+02	4.466737e+01	439	7.284028e-01	7.000000e-01	
4.476912e+01	440	1.026822e+02	3.170452e+02	4.476912e+01	440	7.553598e-01	7.000000e-01	
4.487087e+01	441	1.157189e+02	3.228287e+02	4.487087e+01	441	7.361315e-01	7.000000e-01	
4.497262e+01	442	1.264368e+02	3.040682e+02	4.497262e+01	442	7.063059e-01	7.000000e-01	
4.507436e+01	443	1.204470e+02	3.077525e+02	4.507436e+01	443	7.187129e-01	7.000000e-01	
4.517611e+01	444	1.149008e+02	3.038960e+02	4.517611e+01	444	7.256407e-01	7.000000e-01	
4.527786e+01	445	1.050935e+02	3.238677e+02	4.527786e+01	445	7.550046e-01	7.000000e-01	
4.537961e+01	446	1.110374e+02	3.136544e+02	4.537961e+01	446	7.385459e-01	7.000000e-01	
4.548136e+01	447	1.044642e+02	3.133363e+02	4.548136e+01	447	7.499663e-01	7.000000e-01	
4.558310e+01	448	1.151598e+02	3.226285e+02	4.558310e+01	448	7.369509e-01	7.000000e-01	
4.568485e+01	449	1.033044e+02	2.819548e+02	4.568485e+01	449	7.318574e-01	7.000000e-01	
4.578660e+01	450	7.152749e+01	3.329792e+02	4.578660e+01	450	8.231735e-01	7.000000e-01	
4.588835e+01	451	1.144445e+02	2.873756e+02	4.588835e+01	451	7.151847e-01	7.000000e-01	
4.599010e+01	452	9.721579e+01	3.131206e+02	4.599010e+01	452	7.630827e-01	7.000000e-01	
4.609184e+01	453	8.951700e+01	2.913335e+02	4.609184e+01	453	7.649550e-01	7.000000e-01	
4.619359e+01	454	1.078797e+02	2.936983e+02	4.619359e+01	454	7.313605e-01	7.000000e-01	
4.629534e+01	455	1.136481e+02	3.023818e+02	4.629534e+01	455	7.268271e-01	7.000000e-01	
4.639709e+01	456	1.083809e+02	2.978169e+02	4.639709e+01	456	7.331820e-01	7.000000e-01	
4.649884e+01	457	1.099993e+02	2.997444e+02	4.649884e+01	457	7.315412e-01	7.000000e-01	
4.660058e+01	458	9.736340e+01	3.027984e+02	4.660058e+01	458	7.566899e-01	7.000000e-01	
4.670233e+01	459	1.002194e+02	2.977753e+02	4.670233e+01	459	7.481891e-01	7.000000e-01	
4.680408e+01	460	1.122023e+02	2.938215e+02	4.680408e+01	460	7.236559e-01	7.000000e-01	
4.690583e+01	461	1.017138e+02	3.279068e+02	4.690583e+01	461	7.632474e-01	7.000000e-01	
4.700758e+01	462	9.952857e+01	3.285160e+02	4.700758e+01	462	7.674808e-01	7.000000e-01	
4.710932e+01	463	1.093824e+02	3.031707e+02	4.710932e+01	463	7.348647e-01	7.000000e-01	
4.721107e+01	464	9.809408e+01	3.316889e+02	4.721107e+01	464	7.717590e-01	7.000000e-01	
4.731282e+01	465	1.007816e+02	3.067444e+02	4.731282e+01	465	7.526990e-01	7.000000e-01	
4.741457e+01	466	9.921252e+01	3.161988e+02	4.741457e+01	466	7.611704e-01	7.000000e-01	
4.751632e+01	467	9.874091e+01	3.283843e+02	4.751632e+01	467	7.688244e-01	7.000000e-01	
4.761806e+01	468	1.130049e+02	3.040347e+02	4.761806e+01	468	7.290308e-01	7.000000e-01	
4.771981e+01	469	1.115925e+02	3.236368e+02	4.771981e+01	469	7.436007e-01	7.000000e-01	
4.782156e+01	470	1.223965e+02	3.100165e+02	4.782156e+01	470	7.169454e-01	7.000000e-01	
4.792331e+01	471	1.333016e+02	3.265366e+02	4.792331e+01	471	7.101119e-01	7.000000e-01	
4.802506e+01	472	1.204340e+02	3.056956e+02	4.802506e+01	472	7.173771e-01	7.000000e-01	
4.812680e+01	473	1.186779e+02	3.147053e+02	4.812680e+01	473	7.261594e-01	7.000000e-01	
4.822855e+01	474	1.193202e+02	3.198111e+02	4.822855e+01	474	7.282813e-01	7.000000e-01	
4.833030e+01	475	1.167980e+02	3.134974e+02	4.833030e+01	475	7.285632e-01	7.000000e-01	
4.843205e+01	476	1.167050e+02	3.154057e+02	4.843205e+01	476	7.299187e-01	7.000000e-01	
4.853380e+01	477	1.025893e+02	2.981435e+02	4.853380e+01	477	7.439957e-01	7.000000e-01	
4.863554e+01	478	1.169223e+02	2.926932e+02	4.863554e+01	478	7.145560e-01	7.000000e-01	
4.873729e+01	479	1.150931e+02	3.049599e+02	4.873729e+01	479	7.260034e-01	7.000000e-01	
4.883904e+01	480	1.178814e+02	3.234765e+02	4.883904e+01	480	7.329120e-01	7.000000e-01	
4.894079e+01	481	1.238216e+02	3.174927e+02	4.894079e+01	481	7.194254e-01	7.000000e-01	
4.904254e+01	482	1.264411e+02	2.884315e+02	4.904254e+01	482	6.952291e-01	7.000000e-01	
4.914428e+01	483	1.187804e+02	2.918044e+02	4.914428e+01	483	7.107043e-01	7.000000e-01	
4.924603e+01	484	1.210772e+02	2.811042e+02	4.924603e+01	484	6.989488e-01	7.000000e-01	
4.934778e+01	485	1.031284e+02	3.569570e+02	4.934778e+01	485	7.758494e-01	7.000000e-01	
4.944953e+01	486	1.073196e+02	3.019394e+02	4.944953e+01	486	7.377709e-01	7.000000e-01	
4.955128e+01	487	9.942456e+01	3.458980e+02	4.955128e+01	487	7.767359e-01	7.000000e-01	
4.965302e+01	488	1.135501e+02	3.252080e+02	4.965302e+01	488	7.412011e-01	7.000000e-01	
4.975477e+01	489	1.274114e+02	3.618612e+02	4.975477e+01	489	7.395902e-01	7.000000e-01	
4.985652e+01	490	1.007951e+02	3.282041e+02	4.985652e+01	490	7.650459e-01	7.000000e-01	
4.995827e+01	491	8.636953e+01	3.152947e+02	4.995827e+01	491	7.849708e-01	7.000000e-01	
5.006002e+01	492	1.097590e+02	3.705370e+02	5.006002e+01	492	7.714763e-01	7.000000e-01	
5.016176e+01	493	1.057898e+02	3.482996e+02	5.016176e+01	493	7.670287e-01	7.000000e-01	
5.026351e+01	494	1.269096e+02	3.964887e+02	5.026351e+01	494	7.575277e-01	7.000000e-01	
5.036526e+01	495	1.032959e+02	3.646929e+02	5.036526e+01	495	7.792770e-01	7.000000e-01	
5.046701e+01	496	1.305162e+02	4.085531e+02	5.046701e+01	496	7.578860e-01	7.000000e-01	
5.056876e+01	497	1.154921e+02	3.599932e+02	5.056876e+01	497	7.571069e-01	7.000000e-01	
5.067050e+01	498	1.010057e+02	3.370791e+02	5.067050e+01	498	7.694380e-01	7.000000e-01	
5.077225e+01	499	1.406308e+02	3.964372e+02	5.077225e+01	499	7.381508e-01	7.000000e-01	
5.087400e+01	500	1.250421e+02	4.007902e+02	5.087400e+01	500	7.622016e-01	7.000000e-01	
5.097575e+01	501	1.211285e+02	3.912411e+02	5.097575e+01	501	7.635916e-01	7.000000e-01	
5.107750e+01	502	1.326849e+02	4.216957e+02	5.107750e+01	502	7.606610e-01	7.000000e-01	
5.117924e+01	503	1.160890e+02	3.848921e+02	5.117924e+01	503	7.682767e-01	7.000000e-01	
5.128099e+01	504	1.075361e+02	4.106342e+02	5.128099e+01	504	7.924696e-01	7.000000e-01	
5.138274e+01	505	1.245990e+02	3.763058e+02	5.138274e+01	505	7.512521e-01	7.000000e-01	
5.148449e+01	506	1.229108e+02	3.891613e+02	5.148449e+01	506	7.599736e-01	7.000000e-01	
5.158624e+01	507	1.311541e+02	4.045229e+02	5.158624e+01	507	7.551620e-01	7.000000e-01	
5.168798e+01	508	8.843299e+01	4.582716e+02	5.168798e+01	508	8.382436e-01	7.000000e-01	
5.178973e+01	509	1.015871e+02	4.161276e+02	5.178973e+01	509	8.037778e-01	7.000000e-01	
5.189148e+01	510	1.065005e+02	3.852628e+02	5.189148e+01	510	7.834314e-01	7.000000e-01	
5.199323e+01	511	9.837751e+01	4.042212e+02	5.199323e+01	511	8.042623e-01	7.000000e-01	
5.209498e+01	512	1.050773e+02	4.235797e+02	5.209498e+01	512	8.012373e-01	7.000000e-01	
5.219672e+01	513	1.218860e+02	3.615180e+02	5.219672e+01	513	7.478589e-01	7.000000e-01	
5.229847e+01	514	1.122900e+02	3.664607e+02	5.229847e+01	514	7.654520e-01	7.000000e-01	
5.240022e+01	515	1.037450e+02	3.476696e+02	5.240022e+01	515	7.701780e-01	7.000000e-01	
5.250197e+01	516	1.063060e+02	4.061882e+02	5.250197e+01	516	7.925713e-01	7.000000e-01	
5.260372e+01	517	1.068818e+02	3.458992e+02	5.260372e+01	517	7.639437e-01	7.000000e-01	
5.270546e+01	518	1.084812e+02	3.250524e+02	5.270546e+01	518	7.497744e-01	7.000000e-01	
5.280721e+01	519	1.113310e+02	3.768938e+02	5.280721e+01	519	7.719677e-01	7.000000e-01	
5.290896e+01	520	1.071307e+02	3.422359e+02	5.290896e+01	520	7.615962e-01	7.000000e-01	
5.301071e+01	521	1.191638e+02	3.563354e+02	5.301071e+01	521	7.493922e-01	7.000000e-01	
5.311246e+01	522	1.298996e+02	3.756126e+02	5.311246e+01	522	7.430337e-01	7.000000e-01	
5.321420e+01	523	1.207515e+02	3.355886e+02	5.321420e+01	523	7.353914e-01	7.000000e-01	
5.331595e+01	524	1.024458e+02	3.531509e+02	5.331595e+01	524	7.751393e-01	7.000000e-01	
5.341770e+01	525	1.122825e+02	3.489620e+02	5.341770e+01	525	7.565662e-01	7.000000e-01	
5.351945e+01	526	1.206910e+02	3.376272e+02	5.351945e+01	526	7.366655e-01	7.000000e-01	
5.362120e+01	527	1.234503e+02	3.479346e+02	5.362120e+01	527	7.381115e-01	7.000000e-01	
5.372294e+01	528	1.137300e+02	3.293564e+02	5.372294e+01	528	7.433232e-01	7.000000e-01	
5.382469e+01	529	1.188557e+02	3.342448e+02	5.382469e+01	529	7.376836e-01	7.000000e-01	
5.392644e+01	530	1.244309e+02	3.693691e+02	5.392644e+01	530	7.480136e-01	7.000000e-01	
5.402819e+01	531	1.177153e+02	3.776760e+02	5.402819e+01	531	7.623792e-01	7.000000e-01	
5.412994e+01	532	1.159175e+02	3.553283e+02	5.412994e+01	532	7.540190e-01	7.000000e-01	
5.423168e+01	533	1.210118e+02	3.527506e+02	5.423168e+01	533	7.445728e-01	7.000000e-01	
5.433343e+01	534	1.127637e+02	3.390846e+02	5.433343e+01	534	7.504390e-01	7.000000e-01	
5.443518e+01	535	1.170426e+02	3.428523e+02	5.443518e+01	535	7.455014e-01	7.000000e-01	
5.453693e+01	536	1.175888e+02	3.603054e+02	5.453693e+01	536	7.539439e-01	7.000000e-01	
5.463868e+01	537	1.024409e+02	3.340630e+02	5.463868e+01	537	7.653150e-01	7.000000e-01	
5.474042e+01	538	9.928108e+01	3.038425e+02	5.474042e+01	538	7.537205e-01	7.000000e-01	
5.484217e+01	539	1.170904e+02	3.601812e+02	5.484217e+01	539	7.546672e-01	7.000000e-01	
5.494392e+01	540	1.253034e+02	3.597853e+02	5.494392e+01	540	7.416897e-01	7.000000e-01	
5.504567e+01	541	1.195733e+02	3.426922e+02	5.504567e+01	541	7.413320e-01	7.000000e-01	
5.514742e+01	542	1.112946e+02	3.454941e+02	5.514742e+01	542	7.563543e-01	7.000000e-01	
5.524916e+01	543	1.125864e+02	3.483654e+02	5.524916e+01	543	7.557523e-01	7.000000e-01	
5.535091e+01	544	9.813276e+01	3.820457e+02	5.535091e+01	544	7.956327e-01	7.000000e-01	
5.545266e+01	545	1.148820e+02	3.565761e+02	5.545266e+01	545	7.563262e-01	7.000000e-01	
5.555441e+01	546	1.175613e+02	3.924019e+02	5.555441e+01	546	7.694710e-01	7.000000e-01	
5.565616e+01	547	1.070448e+02	3.013042e+02	5.565616e+01	547	7.378595e-01	7.000000e-01	
5.575790e+01	548	1.085817e+02	3.570795e+02	5.575790e+01	548	7.668225e-01	7.000000e-01	
5.585965e+01	549	9.795027e+01	3.363447e+02	5.585965e+01	549	7.744614e-01	7.000000e-01	
5.596140e+01	550	1.072034e+02	3.343044e+02	5.596140e+01	550	7.571880e-01	7.000000e-01	
5.606315e+01	551	9.909693e+01	3.665235e+02	5.606315e+01	551	7.871723e-01	7.000000e-01	
5.616490e+01	552	1.034205e+02	3.517378e+02	5.616490e+01	552	7.727812e-01	7.000000e-01	
5.626664e+01	553	9.995992e+01	3.377491e+02	5.626664e+01	553	7.716293e-01	7.000000e-01	
5.636839e+01	554	1.014798e+02	3.590870e+02	5.636839e+01	554	7.796632e-01	7.000000e-01	
5.647014e+01	555	1.067846e+02	3.659438e+02	5.647014e+01	555	7.741100e-01	7.000000e-01	
5.657189e+01	556	1.010106e+02	3.553637e+02	5.657189e+01	556	7.786672e-01	7.000000e-01	
5.667364e+01	557	8.152922e+01	3.687286e+02	5.667364e+01	557	8.189277e-01	7.000000e-01	
5.677538e+01	558	1.135042e+02	3.478815e+02	5.677538e+01	558	7.539928e-01	7.000000e-01	
5.687713e+01	559	1.016175e+02	3.339397e+02	5.687713e+01	559	7.666954e-01	7.000000e-01	
5.697888e+01	560	1.002582e+02	3.376606e+02	5.697888e+01	560	7.710576e-01	7.000000e-01	
5.708063e+01	561	9.115237e+01	3.521666e+02	5.708063e+01	561	7.943865e-01	7.000000e-01	
5.718238e+01	562	8.309922e+01	3.311810e+02	5.718238e+01	562	7.994130e-01	7.000000e-01	
5.728412e+01	563	1.150749e+02	3.483381e+02	5.728412e+01	563	7.516796e-01	7.000000e-01	
5.738587e+01	564	9.336338e+01	3.371779e+02	5.738587e+01	564	7.831488e-01	7.000000e-01	
5.748762e+01	565	9.737861e+01	3.495661e+02	5.748762e+01	565	7.821238e-01	7.000000e-01	
5.758937e+01	566	9.487070e+01	3.338145e+02	5.758937e+01	566	7.786938e-01	7.000000e-01	
5.769112e+01	567	1.004017e+02	3.369432e+02	5.769112e+01	567	7.704290e-01	7.000000e-01	
5.779286e+01	568	8.691006e+01	3.355409e+02	5.779286e+01	568	7.942718e-01	7.000000e-01	
5.789461e+01	569	9.410821e+01	3.332818e+02	5.789461e+01	569	7.798072e-01	7.000000e-01	
5.799636e+01	570	8.793418e+01	3.295840e+02	5.799636e+01	570	7.893884e-01	7.000000e-01	
5.809811e+01	571	9.428450e+01	3.284013e+02	5.809811e+01	571	7.769395e-01	7.000000e-01	
5.819986e+01	572	8.340116e+01	3.386313e+02	5.819986e+01	572	8.023821e-01	7.000000e-01	
5.830160e+01	573	1.177804e+02	3.015994e+02	5.830160e+01	573	7.191558e-01	7.000000e-01	
5.840335e+01	574	1.015322e+02	3.179887e+02	5.840335e+01	574	7.579806e-01	7.000000e-01	
5.850510e+01	575	9.540922e+01	3.301131e+02	5.850510e+01	575	7.757833e-01	7.000000e-01	
5.860685e+01	576	1.115056e+02	3.081767e+02	5.860685e+01	576	7.343095e-01	7.000000e-01	
5.870860e+01	577	1.056584e+02	3.183344e+02	5.870860e+01	577	7.508014e-01	7.000000e-01	
5.881034e+01	578	1.250865e+02	2.902023e+02	5.881034e+01	578	6.987964e-01	7.000000e-01	
5.891209e+01	579	1.129753e+02	3.156601e+02	5.891209e+01	579	7.364303e-01	7.000000e-01	
5.901384e+01	580	9.929968e+01	3.433788e+02	5.901384e+01	580	7.756844e-01	7.000000e-01	
5.911559e+01	581	9.753384e+01	3.583608e+02	5.911559e+01	581	7.860606e-01	7.000000e-01	
5.921734e+01	582	1.007041e+02	3.575181e+02	5.921734e+01	582	7.802287e-01	7.000000e-01	
5.931908e+01	583	1.003630e+02	3.631534e+02	5.931908e+01	583	7.834748e-01	7.000000e-01	
5.942083e+01	584	9.555325e+01	3.392931e+02	5.942083e+01	584	7.802597e-01	7.000000e-01	
5.952258e+01	585	9.670411e+01	3.595873e+02	5.952258e+01	585	7.880650e-01	7.000000e-01	
5.962433e+01	586	1.002663e+02	3.376966e+02	5.962433e+01	586	7.710621e-01	7.000000e-01	
5.972608e+01	587	9.219195e+01	3.682507e+02	5.972608e+01	587	7.997754e-01	7.000000e-01	
5.982782e+01	588	1.045998e+02	3.542092e+02	5.982782e+01	588	7.720189e-01	7.000000e-01	
5.992957e+01	589	9.852615e+01	3.645186e+02	5.992957e+01	589	7.872211e-01	7.000000e-01	
6.003132e+01	590	9.803061e+01	3.652845e+02	6.003132e+01	590	7.884148e-01	7.000000e-01	
6.013307e+01	591	9.706662e+01	3.632157e+02	6.013307e+01	591	7.891150e-01	7.000000e-01	
6.023482e+01	592	9.494455e+01	3.655509e+02	6.023482e+01	592	7.938209e-01	7.000000e-01	
6.033656e+01	593	1.049440e+02	3.460078e+02	6.033656e+01	593	7.672833e-01	7.000000e-01	
6.043831e+01	594	9.487713e+01	3.523335e+02	6.043831e+01	594	7.878469e-01	7.000000e-01	
6.054006e+01	595	1.026535e+02	3.109977e+02	6.054006e+01	595	7.518356e-01	7.000000e-01	
6.064181e+01	596	1.042268e+02	3.235711e+02	6.064181e+01	596	7.563644e-01	7.000000e-01	
6.074356e+01	597	1.030055e+02	3.351878e+02	6.074356e+01	597	7.649314e-01	7.000000e-01	
6.084530e+01	598	1.097099e+02	3.168421e+02	6.084530e+01	598	7.427983e-01	7.000000e-01	
6.094705e+01	599	1.038573e+02	3.573928e+02	6.094705e+01	599	7.748352e-01	7.000000e-01	
6.104880e+01	600	9.632879e+01	3.108434e+02	6.104880e+01	600	7.634200e-01	7.000000e-01	
6.115055e+01	601	1.111773e+02	3.260020e+02	6.115055e+01	601	7.456940e-01	7.000000e-01	
6.125230e+01	602	1.252383e+02	3.053014e+02	6.125230e+01	602	7.091132e-01	7.000000e-01	
6.135404e+01	603	9.308213e+01	2.971079e+02	6.135404e+01	603	7.614441e-01	7.000000e-01	
6.145579e+01	604	1.110639e+02	3.619976e+02	6.145579e+01	604	7.652231e-01	7.000000e-01	
6.155754e+01	605	1.093586e+02	3.020467e+02	6.155754e+01	605	7.341828e-01	7.000000e-01	
6.165929e+01	606	1.001822e+02	3.496498e+02	6.165929e+01	606	7.772897e-01	7.000000e-01	
6.176104e+01	607	1.068024e+02	3.230390e+02	6.176104e+01	607	7.515307e-01	7.000000e-01	
6.186278e+01	608	1.002084e+02	3.505986e+02	6.186278e+01	608	7.777133e-01	7.000000e-01	
6.196453e+01	609	1.079935e+02	3.385970e+02	6.196453e+01	609	7.581823e-01	7.000000e-01	
6.206628e+01	610	8.151764e+01	3.295453e+02	6.206628e+01	610	8.016906e-01	7.000000e-01	
6.216803e+01	611	1.026763e+02	3.218549e+02	6.216803e+01	611	7.581419e-01	7.000000e-01	
6.226978e+01	612	1.027927e+02	3.641188e+02	6.226978e+01	612	7.798454e-01	7.000000e-01	
6.237152e+01	613	1.113927e+02	3.196412e+02	6.237152e+01	613	7.415686e-01	7.000000e-01	
6.247327e+01	614	9.757887e+01	3.462343e+02	6.247327e+01	614	7.801353e-01	7.000000e-01	
6.257502e+01	615	9.805238e+01	3.174087e+02	6.257502e+01	615	7.639914e-01	7.000000e-01	
6.267677e+01	616	9.288018e+01	3.410276e+02	6.267677e+01	616	7.859449e-01	7.000000e-01	
6.277852e+01	617	9.378719e+01	3.128493e+02	6.277852e+01	617	7.693586e-01	7.000000e-01	
6.288026e+01	618	1.038410e+02	3.224322e+02	6.288026e+01	618	7.563980e-01	7.000000e-01	
6.298201e+01	619	1.083262e+02	3.736983e+02	6.298201e+01	619	7.752683e-01	7.000000e-01	
6.308376e+01	620	1.100242e+02	3.141023e+02	6.308376e+01	620	7.405864e-01	7.000000e-01	
6.318551e+01	621	1.033144e+02	3.097139e+02	6.318551e+01	621	7.498612e-01	7.000000e-01	
6.328726e+01	622	9.611983e+01	3.360230e+02	6.328726e+01	622	7.775739e-01	7.000000e-01	
6.338900e+01	623	1.022718e+02	3.708865e+02	6.338900e+01	623	7.838529e-01	7.000000e-01	
6.349075e+01	624	9.093365e+01	3.667067e+02	6.349075e+01	624	8.012989e-01	7.000000e-01	
6.359250e+01	625	1.096266e+02	3.852134e+02	6.359250e+01	625	7.784605e-01	7.000000e-01	
6.369425e+01	626	1.217594e+02	3.665513e+02	6.369425e+01	626	7.506518e-01	7.000000e-01	
6.379600e+01	627	1.222830e+02	3.703518e+02	6.379600e+01	627	7.517776e-01	7.000000e-01	
6.389774e+01	628	1.479823e+02	3.889397e+02	6.389774e+01	628	7.243877e-01	7.000000e-01	
6.399949e+01	629	1.319292e+02	3.884091e+02	6.399949e+01	629	7.464550e-01	7.000000e-01	
6.410124e+01	630	1.197949e+02	3.813522e+02	6.410124e+01	630	7.609586e-01	7.000000e-01	
6.420299e+01	631	1.471747e+02	2.892975e+02	6.420299e+01	631	6.628085e-01	7.000000e-01	
6.430474e+01	632	4.337851e+02	1.503337e+01	6.430474e+01	632	3.349544e-02	0	
6.440648e+01	633	4.413091e+02	2.248839e+01	6.440648e+01	633	4.848752e-02	0	
6.450823e+01	634	4.416747e+02	2.593077e+01	6.450823e+01	634	5.545438e-02	0	
6.460998e+01	635	4.255920e+02	4.783392e+00	6.460998e+01	635	1.111446e-02	0	
6.471173e+01	636	4.465449e+02	2.660208e+01	6.471173e+01	636	5.622371e-02	0	
6.481348e+01	637	4.439750e+02	3.591034e+01	6.481348e+01	637	7.483108e-02	0	
6.491522e+01	638	4.399079e+02	2.713008e+01	6.491522e+01	638	5.808967e-02	0	
6.501697e+01	639	4.415612e+02	3.394277e+01	6.501697e+01	639	7.138273e-02	0	
6.511872e+01	640	4.413916e+02	2.731317e+01	6.511872e+01	640	5.827372e-02	0	
6.522047e+01	641	4.407031e+02	3.015010e+01	6.522047e+01	641	6.403291e-02	0	
6.532222e+01	642	4.349006e+02	3.057392e+01	6.532222e+01	642	6.568334e-02	0	
6.542396e+01	643	4.521071e+02	2.683828e+01	6.542396e+01	643	5.603620e-02	0	
6.552571e+01	644	4.453850e+02	4.715981e+01	6.552571e+01	644	9.574725e-02	0	
6.562746e+01	645	4.423851e+02	3.550922e+01	6.562746e+01	645	7.430350e-02	0	
6.572921e+01	646	4.527852e+02	4.419057e+01	6.572921e+01	646	8.891896e-02	0	
6.583096e+01	647	5.211934e+02	1.825252e+01	6.583096e+01	647	3.383568e-02	0	
6.593270e+01	648	5.077885e+02	1.199898e+01	6.593270e+01	648	2.308440e-02	0	
6.603445e+01	649	4.936605e+02	1.948793e+01	6.603445e+01	649	3.797718e-02	0	
6.613620e+01	650	4.870197e+02	1.483424e+01	6.613620e+01	650	2.955888e-02	0	
6.623795e+01	651	5.054781e+02	2.885236e+01	6.623795e+01	651	5.399722e-02	0	
6.633970e+01	652	4.737301e+02	1.343405e+01	6.633970e+01	652	2.757602e-02	0	
6.644144e+01	653	5.026803e+02	2.230879e+01	6.644144e+01	653	4.249382e-02	0	
6.654319e+01	654	4.863139e+02	8.981114e-01	6.654319e+01	654	1.843369e-03	0	
6.664494e+01	655	4.989087e+02	7.515880e-01	6.664494e+01	655	1.504198e-03	0	
6.674669e+01	656	4.909024e+02	1.966290e+01	6.674669e+01	656	3.851202e-02	0	
6.684844e+01	657	4.838814e+02	8.196297e+00	6.684844e+01	657	1.665651e-02	0	
6.695018e+01	658	4.850786e+02	1.417318e+01	6.695018e+01	658	2.838884e-02	0	
6.705193e+01	659	4.746435e+02	7.810766e+00	6.705193e+01	659	1.618965e-02	0	
6.715368e+01	660	4.866797e+02	9.688068e+00	6.715368e+01	660	1.951792e-02	0	
6.725543e+01	661	4.883871e+02	6.302562e+00	6.725543e+01	661	1.274044e-02	0	
6.735718e+01	662	4.509003e+02	6.970245e+00	6.735718e+01	662	1.522318e-02	0	
6.745892e+01	663	4.546525e+02	1.636773e+00	6.745892e+01	663	3.587139e-03	0	
6.756067e+01	664	4.676430e+02	1.595401e+01	6.756067e+01	664	3.299030e-02	0	
6.766242e+01	665	4.674448e+02	1.053664e+01	6.766242e+01	665	2.204404e-02	0	
6.776417e+01	666	4.829411e+02	8.881415e+00	6.776417e+01	666	1.805817e-02	0	
6.786592e+01	667	4.862220e+02	1.411004e+01	6.786592e+01	667	2.820135e-02	0	
6.796766e+01	668	4.745834e+02	7.750392e+00	6.796766e+01	668	1.606852e-02	0	
6.806941e+01	669	4.538023e+02	8.662474e+00	6.806941e+01	669	1.873110e-02	0	
6.817116e+01	670	4.264460e+02	3.998811e+00	6.817116e+01	670	9.289951e-03	0	
6.827291e+01	671	4.797756e+02	1.807712e+01	6.827291e+01	671	3.631018e-02	0	
6.837466e+01	672	4.732952e+02	1.914814e+01	6.837466e+01	672	3.888395e-02	0	
6.847640e+01	673	4.617670e+02	9.526170e+00	6.847640e+01	673	2.021283e-02	0	
6.857815e+01	674	4.633819e+02	2.681629e+01	6.857815e+01	674	5.470500e-02	0	
6.867990e+01	675	5.031708e+02	1.334889e+01	6.867990e+01	675	2.584391e-02	0	
6.878165e+01	676	5.212121e+02	1.667910e+01	6.878165e+01	676	3.100832e-02	0	
6.888340e+01	677	4.389384e+02	2.356433e+01	6.888340e+01	677	5.094960e-02	0	
6.898514e+01	678	4.477102e+02	2.819104e+01	6.898514e+01	678	5.923716e-02	0	
6.908689e+01	679	4.057427e+02	1.879725e+01	6.908689e+01	679	4.427675e-02	0	
6.918864e+01	680	4.389899e+02	3.056589e+01	6.918864e+01	680	6.509533e-02	0	
6.929039e+01	681	4.522595e+02	1.837486e+01	6.929039e+01	681	3.904275e-02	0	
6.939214e+01	682	4.587490e+02	1.768511e+01	6.939214e+01	682	3.711974e-02	0	
6.949388e+01	683	4.333344e+02	2.966381e+01	6.949388e+01	683	6.406895e-02	0	
6.959563e+01	684	4.470153e+02	2.583317e+01	6.959563e+01	684	5.463308e-02	0	
6.969738e+01	685	4.337143e+02	2.842547e+01	6.969738e+01	685	6.150838e-02	0	
6.979913e+01	686	4.086280e+02	2.468306e+01	6.979913e+01	686	5.696384e-02	0	
6.990088e+01	687	4.943574e+02	2.631790e+01	6.990088e+01	687	5.054570e-02	0	
7.000262e+01	688	4.388752e+02	3.069755e+01	7.000262e+01	688	6.537336e-02	0	
7.010437e+01	689	4.568065e+02	1.606953e+01	7.010437e+01	689	3.398254e-02	0	
7.020612e+01	690	4.717987e+02	3.872621e+01	7.020612e+01	690	7.585567e-02	0	
7.030787e+01	691	5.326638e+02	2.031636e+01	7.030787e+01	691	3.673976e-02	0	
7.040962e+01	692	4.411411e+02	1.841607e+01	7.040962e+01	692	4.007351e-02	0	
7.051136e+01	693	4.824782e+02	1.681313e+01	7.051136e+01	693	3.367399e-02	0	
7.061311e+01	694	4.960297e+02	2.982546e+01	7.061311e+01	694	5.671801e-02	0	
7.071486e+01	695	4.419985e+02	1.899598e+01	7.071486e+01	695	4.120652e-02	0	
7.081661e+01	696	4.656156e+02	2.209117e+01	7.081661e+01	696	4.529601e-02	0	
7.091836e+01	697	4.702019e+02	2.571740e+01	7.091836e+01	697	5.185803e-02	0	
7.102010e+01	698	4.534428e+02	1.023432e+01	7.102010e+01	698	2.207208e-02	0	
7.112185e+01	699	4.682130e+02	3.606511e+01	7.112185e+01	699	7.151829e-02	0	
7.122360e+01	700	4.619544e+02	1.524833e+01	7.122360e+01	700	3.195357e-02	0	
7.132535e+01	701	4.683591e+02	2.841251e+01	7.132535e+01	701	5.719431e-02	0	
7.142710e+01	702	4.617265e+02	2.135808e+01	7.142710e+01	702	4.421189e-02	0	
7.152884e+01	703	4.503870e+02	2.087935e+01	7.152884e+01	703	4.430478e-02	0	
7.163059e+01	704	4.721348e+02	1.766320e+01	7.163059e+01	704	3.606221e-02	0	
7.173234e+01	705	4.694861e+02	2.904576e+01	7.173234e+01	705	5.826260e-02	0	
7.183409e+01	706	4.689594e+02	2.338428e+01	7.183409e+01	706	4.749585e-02	0	
7.193584e+01	707	4.475323e+02	3.234483e+01	7.193584e+01	707	6.740232e-02	0	
7.203758e+01	708	4.710579e+02	3.415363e+01	7.203758e+01	708	6.760263e-02	0	
7.213933e+01	709	4.541368e+02	2.412373e+01	7.213933e+01	709	5.044056e-02	0	
7.224108e+01	710	4.605233e+02	3.405772e+01	7.224108e+01	710	6.886176e-02	0	
7.234283e+01	711	4.696840e+02	3.287013e+01	7.234283e+01	711	6.540615e-02	0	
7.244458e+01	712	4.691426e+02	2.839346e+01	7.244458e+01	712	5.706814e-02	0	
7.254632e+01	713	4.372549e+02	3.335004e+01	7.254632e+01	713	7.086632e-02	0	
7.264807e+01	714	4.583360e+02	2.537392e+01	7.264807e+01	714	5.245689e-02	0	
7.274982e+01	715	4.597797e+02	4.225704e+01	7.274982e+01	715	8.417121e-02	0	
7.285157e+01	716	5.027302e+02	2.861473e+01	7.285157e+01	716	5.385340e-02	0	
7.295332e+01	717	4.611200e+02	3.499047e+01	7.295332e+01	717	7.052959e-02	0	
7.305506e+01	718	5.110592e+02	3.395669e+01	7.305506e+01	718	6.230404e-02	0	
7.315681e+01	719	5.184677e+02	3.252762e+01	7.315681e+01	719	5.903429e-02	0	
7.325856e+01	720	4.909461e+02	4.198706e+01	7.325856e+01	720	7.878485e-02	0	
7.336031e+01	721	4.820327e+02	2.510347e+01	7.336031e+01	721	4.950045e-02	0	
7.346206e+01	722	4.740046e+02	4.298411e+01	7.346206e+01	722	8.314323e-02	0	
7.356380e+01	723	4.920628e+02	2.792893e+01	7.356380e+01	723	5.371033e-02	0	
7.366555e+01	724	4.991684e+02	3.779545e+01	7.366555e+01	724	7.038733e-02	0	
7.376730e+01	725	3.840111e+02	1.254100e+02	7.376730e+01	725	2.461814e-01	0	
7.386905e+01	726	3.261619e+02	1.946626e+02	7.386905e+01	726	3.737585e-01	0	
7.397080e+01	727	3.913083e+02	6.385987e+01	7.397080e+01	727	1.402995e-01	0	
7.407254e+01	728	4.511333e+02	5.414315e+01	7.407254e+01	728	1.071555e-01	0	
7.417429e+01	729	4.783806e+02	4.952642e+01	7.417429e+01	729	9.381656e-02	0	
7.427604e+01	730	4.756900e+02	7.541490e+01	7.427604e+01	730	1.368431e-01	0	
7.437779e+01	731	8.812008e+01	3.325083e+02	7.437779e+01	731	7.905037e-01	7.000000e-01	
7.447954e+01	732	8.374930e+01	3.288473e+02	7.447954e+01	732	7.970189e-01	7.000000e-01	
7.458128e+01	733	9.870013e+01	3.695856e+02	7.458128e+01	733	7.892310e-01	7.000000e-01	
7.468303e+01	734	8.640051e+01	3.251670e+02	7.468303e+01	734	7.900697e-01	7.000000e-01	
7.478478e+01	735	8.417093e+01	3.429835e+02	7.478478e+01	735	8.029496e-01	7.000000e-01	
7.488653e+01	736	9.362616e+01	3.409266e+02	7.488653e+01	736	7.845459e-01	7.000000e-01	
7.498828e+01	737	9.335460e+01	3.467460e+02	7.498828e+01	737	7.878790e-01	7.000000e-01	
7.509002e+01	738	9.145059e+01	3.449027e+02	7.509002e+01	738	7.904208e-01	7.000000e-01	
7.519177e+01	739	8.717505e+01	3.398074e+02	7.519177e+01	739	7.958346e-01	7.000000e-01	
7.529352e+01	740	8.827817e+01	3.452717e+02	7.529352e+01	740	7.963829e-01	7.000000e-01	
7.539527e+01	741	8.748209e+01	3.278345e+02	7.539527e+01	741	7.893605e-01	7.000000e-01	
7.549702e+01	742	8.332799e+01	3.303181e+02	7.549702e+01	742	7.985525e-01	7.000000e-01	
7.559876e+01	743	8.798858e+01	3.618205e+02	7.559876e+01	743	8.043868e-01	7.000000e-01	
7.570051e+01	744	9.432305e+01	3.444914e+02	7.570051e+01	744	7.850503e-01	7.000000e-01	
7.580226e+01	745	9.981427e+01	3.945188e+02	7.580226e+01	745	7.980830e-01	7.000000e-01	
7.590401e+01	746	9.736001e+01	3.558059e+02	7.590401e+01	746	7.851559e-01	7.000000e-01	
7.600576e+01	747	8.628484e+01	3.817653e+02	7.600576e+01	747	8.156504e-01	7.000000e-01	
7.610750e+01	748	7.992119e+01	3.982302e+02	7.610750e+01	748	8.328538e-01	7.000000e-01	
7.620925e+01	749	8.833542e+01	4.416391e+02	7.620925e+01	749	8.333214e-01	7.000000e-01	
7.631100e+01	750	9.274941e+01	3.272000e+02	7.631100e+01	750	7.791415e-01	7.000000e-01	
7.641275e+01	751	1.040387e+02	3.261513e+02	7.641275e+01	751	7.581564e-01	7.000000e-01	
7.651450e+01	752	1.065516e+02	3.320982e+02	7.651450e+01	752	7.570919e-01	7.000000e-01	
7.661624e+01	753	1.072293e+02	3.297221e+02	7.661624e+01	753	7.545967e-01	7.000000e-01	
7.671799e+01	754	9.139131e+01	3.141390e+02	7.671799e+01	754	7.746375e-01	7.000000e-01	
7.681974e+01	755	1.063911e+02	3.191020e+02	7.681974e+01	755	7.499581e-01	7.000000e-01	
7.692149e+01	756	1.038928e+02	3.256690e+02	7.692149e+01	756	7.581424e-01	7.000000e-01	
7.702324e+01	757	1.007796e+02	3.235641e+02	7.702324e+01	757	7.625048e-01	7.000000e-01	
7.712498e+01	758	1.048621e+02	3.271358e+02	7.712498e+01	758	7.572625e-01	7.000000e-01	
