time at 532nm	frame at 532nm	I_1 at 532nm(counts)	I_2 at 532nm(counts)	time at 532nm	frame at 532nm	FRET_1>2	discr.FRET_1>2	
1.017480e-01	1	5.353653e+02	2.639601e+01	1.017480e-01	1	4.698795e-02	0	
2.034960e-01	2	5.353653e+02	2.639601e+01	2.034960e-01	2	4.698795e-02	0	
3.052440e-01	3	5.288682e+02	2.977942e+01	3.052440e-01	3	5.330627e-02	0	
4.069920e-01	4	4.265799e+02	2.215806e+01	4.069920e-01	4	4.937862e-02	0	
5.087400e-01	5	5.297920e+02	2.258665e+01	5.087400e-01	5	4.088980e-02	0	
6.104880e-01	6	5.074471e+02	4.492615e+01	6.104880e-01	6	8.133296e-02	0	
7.122360e-01	7	5.540551e+02	3.047295e+01	7.122360e-01	7	5.213257e-02	0	
8.139840e-01	8	5.542929e+02	4.887670e+01	8.139840e-01	8	8.103310e-02	0	
9.157320e-01	9	5.180615e+02	2.557182e+01	9.157320e-01	9	4.703873e-02	0	
1.017480e+00	10	5.479069e+02	2.608031e+01	1.017480e+00	10	4.543709e-02	0	
1.119228e+00	11	4.411355e+02	5.258067e+01	1.119228e+00	11	1.064998e-01	0	
1.220976e+00	12	5.552807e+02	5.772075e+01	1.220976e+00	12	9.416087e-02	0	
1.322724e+00	13	5.462792e+02	6.427463e+01	1.322724e+00	13	1.052727e-01	0	
1.424472e+00	14	4.412193e+02	5.255438e+01	1.424472e+00	14	1.064341e-01	0	
1.526220e+00	15	5.163316e+02	5.361568e+01	1.526220e+00	15	9.407130e-02	0	
1.627968e+00	16	4.965971e+02	4.949048e+01	1.627968e+00	16	9.062737e-02	0	
1.729716e+00	17	5.407244e+02	6.412577e+01	1.729716e+00	17	1.060193e-01	0	
1.831464e+00	18	5.984489e+02	7.725670e+01	1.831464e+00	18	1.143349e-01	0	
1.933212e+00	19	4.781573e+02	6.743862e+01	1.933212e+00	19	1.236054e-01	0	
2.034960e+00	20	5.456260e+02	6.144580e+01	2.034960e+00	20	1.012167e-01	0	
2.136708e+00	21	5.089735e+02	5.006265e+01	2.136708e+00	21	8.955172e-02	0	
2.238456e+00	22	5.146718e+02	4.706699e+01	2.238456e+00	22	8.378804e-02	0	
2.340204e+00	23	5.178764e+02	5.462583e+01	2.340204e+00	23	9.541593e-02	0	
2.441952e+00	24	5.325487e+02	5.171947e+01	2.441952e+00	24	8.852009e-02	0	
2.543700e+00	25	4.679750e+02	5.582827e+01	2.543700e+00	25	1.065825e-01	0	
2.645448e+00	26	5.200163e+02	5.860438e+01	2.645448e+00	26	1.012829e-01	0	
2.747196e+00	27	5.699313e+02	3.168117e+01	2.747196e+00	27	5.266043e-02	0	
2.848944e+00	28	4.849546e+02	4.788502e+01	2.848944e+00	28	8.986760e-02	0	
2.950692e+00	29	4.825645e+02	6.439826e+01	2.950692e+00	29	1.177379e-01	0	
3.052440e+00	30	6.164268e+02	7.940392e+01	3.052440e+00	30	1.141138e-01	0	
3.154188e+00	31	5.709774e+02	9.299655e+01	3.154188e+00	31	1.400605e-01	0	
3.255936e+00	32	5.049939e+02	6.074795e+01	3.255936e+00	32	1.073775e-01	0	
3.357684e+00	33	5.216744e+02	5.579233e+01	3.357684e+00	33	9.661566e-02	0	
3.459432e+00	34	5.097183e+02	6.585033e+01	3.459432e+00	34	1.144092e-01	0	
3.561180e+00	35	4.759226e+02	2.013511e+01	3.561180e+00	35	4.059026e-02	0	
3.662928e+00	36	4.565971e+02	2.384524e+01	3.662928e+00	36	4.963185e-02	0	
3.764676e+00	37	4.789309e+02	3.263724e+01	3.764676e+00	37	6.379842e-02	0	
3.866424e+00	38	5.149655e+02	6.150667e+00	3.866424e+00	38	1.180287e-02	0	
3.968172e+00	39	5.015705e+02	5.441295e+01	3.968172e+00	39	9.786793e-02	0	
4.069920e+00	40	5.473981e+02	3.659028e+01	4.069920e+00	40	6.265584e-02	0	
4.171668e+00	41	4.498409e+02	2.288584e+01	4.171668e+00	41	4.841241e-02	0	
4.273416e+00	42	4.912589e+02	3.707952e+01	4.273416e+00	42	7.018138e-02	0	
4.375164e+00	43	5.410379e+02	3.860500e+01	4.375164e+00	43	6.660135e-02	0	
4.476912e+00	44	5.409307e+02	1.821203e+01	4.476912e+00	44	3.257134e-02	0	
4.578660e+00	45	5.374397e+02	3.619972e+01	4.578660e+00	45	6.310536e-02	0	
4.680408e+00	46	5.210329e+02	4.676589e+01	4.680408e+00	46	8.236349e-02	0	
4.782156e+00	47	5.436771e+02	3.954510e+01	4.782156e+00	47	6.780452e-02	0	
4.883904e+00	48	5.210309e+02	4.157241e+01	4.883904e+00	48	7.389294e-02	0	
4.985652e+00	49	5.316348e+02	3.772322e+01	4.985652e+00	49	6.625571e-02	0	
5.087400e+00	50	5.414583e+02	5.361861e+01	5.087400e+00	50	9.010366e-02	0	
5.189148e+00	51	5.214367e+02	5.249241e+01	5.189148e+00	51	9.146149e-02	0	
5.290896e+00	52	4.879378e+02	6.760912e+01	5.290896e+00	52	1.216983e-01	0	
5.392644e+00	53	5.250713e+02	4.385194e+01	5.392644e+00	53	7.707883e-02	0	
5.494392e+00	54	5.217173e+02	7.022804e+01	5.494392e+00	54	1.186394e-01	0	
5.596140e+00	55	4.347296e+02	7.411868e+01	5.596140e+00	55	1.456597e-01	0	
5.697888e+00	56	5.663017e+02	1.590330e+01	5.697888e+00	56	2.731564e-02	0	
5.799636e+00	57	5.405614e+02	3.053879e+01	5.799636e+00	57	5.347361e-02	0	
5.901384e+00	58	5.346396e+02	2.885045e+01	5.901384e+00	58	5.119957e-02	0	
6.003132e+00	59	5.339054e+02	5.017970e+01	6.003132e+00	59	8.591162e-02	0	
6.104880e+00	60	5.245273e+02	4.704773e+01	6.104880e+00	60	8.231243e-02	0	
6.206628e+00	61	5.912279e+02	3.031301e+01	6.206628e+00	61	4.877074e-02	0	
6.308376e+00	62	5.176405e+02	3.701567e+01	6.308376e+00	62	6.673624e-02	0	
6.410124e+00	63	5.348497e+02	3.232983e+01	6.410124e+00	63	5.700105e-02	0	
6.511872e+00	64	5.431300e+02	2.849811e+01	6.511872e+00	64	4.985428e-02	0	
6.613620e+00	65	5.251838e+02	1.920222e+01	6.613620e+00	65	3.527317e-02	0	
6.715368e+00	66	5.569528e+02	3.080717e+01	6.715368e+00	66	5.241454e-02	0	
6.817116e+00	67	5.299297e+02	3.149362e+01	6.817116e+00	67	5.609603e-02	0	
6.918864e+00	68	5.194903e+02	2.134661e+01	6.918864e+00	68	3.946959e-02	0	
7.020612e+00	69	5.049683e+02	2.348983e+01	7.020612e+00	69	4.444975e-02	0	
7.122360e+00	70	5.654948e+02	1.920754e+01	7.122360e+00	70	3.285012e-02	0	
7.224108e+00	71	5.157677e+02	1.058874e+01	7.224108e+00	71	2.011705e-02	0	
7.325856e+00	72	5.088066e+02	1.220827e+01	7.325856e+00	72	2.343171e-02	0	
7.427604e+00	73	5.133509e+02	2.040430e+01	7.427604e+00	73	3.822782e-02	0	
7.529352e+00	74	4.824601e+02	1.371970e+01	7.529352e+00	74	2.765066e-02	0	
7.631100e+00	75	5.298112e+02	1.557065e+01	7.631100e+00	75	2.855000e-02	0	
7.732848e+00	76	5.063824e+02	9.461870e+00	7.732848e+00	76	1.834249e-02	0	
7.834596e+00	77	5.001528e+02	1.315615e+01	7.834596e+00	77	2.563008e-02	0	
7.936344e+00	78	4.931550e+02	2.184613e+01	7.936344e+00	78	4.241958e-02	0	
8.038092e+00	79	4.931667e+02	1.934332e+01	8.038092e+00	79	3.774233e-02	0	
8.139840e+00	80	4.779437e+02	1.569267e+01	8.139840e+00	80	3.178994e-02	0	
8.241588e+00	81	4.957029e+02	2.756206e+01	8.241588e+00	81	5.267324e-02	0	
8.343336e+00	82	5.112459e+02	2.624822e+01	8.343336e+00	82	4.883443e-02	0	
8.445084e+00	83	4.592505e+02	3.512703e+01	8.445084e+00	83	7.105305e-02	0	
8.546832e+00	84	4.843003e+02	2.289668e+01	8.546832e+00	84	4.514357e-02	0	
8.648580e+00	85	4.890061e+02	3.411690e+01	8.648580e+00	85	6.521774e-02	0	
8.750328e+00	86	4.875934e+02	2.706467e+01	8.750328e+00	86	5.258767e-02	0	
8.852076e+00	87	4.954159e+02	2.710176e+01	8.852076e+00	87	5.186764e-02	0	
8.953824e+00	88	4.717077e+02	6.423787e+01	8.953824e+00	88	1.198589e-01	0	
9.055572e+00	89	4.753299e+02	6.981214e+01	9.055572e+00	89	1.280623e-01	0	
9.157320e+00	90	5.000895e+02	6.733452e+01	9.157320e+00	90	1.186670e-01	0	
9.259068e+00	91	4.562660e+02	5.393758e+01	9.259068e+00	91	1.057178e-01	0	
9.360816e+00	92	4.955836e+02	5.776221e+01	9.360816e+00	92	1.043872e-01	0	
9.462564e+00	93	4.896128e+02	5.852292e+01	9.462564e+00	93	1.067672e-01	0	
9.564312e+00	94	4.942349e+02	1.470005e+01	9.564312e+00	94	2.888395e-02	0	
9.666060e+00	95	5.025022e+02	1.638371e+01	9.666060e+00	95	3.157478e-02	0	
9.767808e+00	96	4.626030e+02	5.913358e+01	9.767808e+00	96	1.133399e-01	0	
9.869556e+00	97	5.358013e+02	2.143641e+01	9.869556e+00	97	3.846906e-02	0	
9.971304e+00	98	4.653175e+02	-5.641308e+00	9.971304e+00	98	-1.227235e-02	0	
1.007305e+01	99	5.972551e+02	4.677981e-01	1.007305e+01	99	7.826337e-04	0	
1.017480e+01	100	5.016621e+02	1.153472e+01	1.017480e+01	100	2.247621e-02	0	
1.027655e+01	101	5.441215e+02	1.741476e+01	1.027655e+01	101	3.101271e-02	0	
1.037830e+01	102	5.467597e+02	2.200880e+01	1.037830e+01	102	3.869553e-02	0	
1.048004e+01	103	5.473877e+02	1.176557e+01	1.048004e+01	103	2.104176e-02	0	
1.058179e+01	104	5.592540e+02	5.077730e+00	1.058179e+01	104	8.997775e-03	0	
1.068354e+01	105	5.394472e+02	1.962732e+01	1.068354e+01	105	3.510680e-02	0	
1.078529e+01	106	5.510293e+02	4.247840e+01	1.078529e+01	106	7.157178e-02	0	
1.088704e+01	107	5.036663e+02	1.767851e+01	1.088704e+01	107	3.390944e-02	0	
1.098878e+01	108	5.570842e+02	1.307237e+01	1.098878e+01	108	2.292768e-02	0	
1.109053e+01	109	5.093723e+02	3.218905e+01	1.109053e+01	109	5.943749e-02	0	
1.119228e+01	110	5.305525e+02	3.608388e+01	1.119228e+01	110	6.368084e-02	0	
1.129403e+01	111	5.128420e+02	2.153602e+01	1.129403e+01	111	4.030110e-02	0	
1.139578e+01	112	5.187606e+02	3.844292e+01	1.139578e+01	112	6.899260e-02	0	
1.149752e+01	113	5.101554e+02	3.847789e+01	1.149752e+01	113	7.013408e-02	0	
1.159927e+01	114	5.356942e+02	3.668331e+01	1.159927e+01	114	6.408936e-02	0	
1.170102e+01	115	5.434895e+02	3.375010e+01	1.170102e+01	115	5.846810e-02	0	
1.180277e+01	116	5.076181e+02	3.875109e+01	1.180277e+01	116	7.092473e-02	0	
1.190452e+01	117	5.100388e+02	2.597828e+01	1.190452e+01	117	4.846540e-02	0	
1.200626e+01	118	5.443911e+02	3.462897e+01	1.200626e+01	118	5.980617e-02	0	
1.210801e+01	119	5.391560e+02	3.989611e+01	1.210801e+01	119	6.889900e-02	0	
1.220976e+01	120	5.111985e+02	3.913884e+01	1.220976e+01	120	7.111791e-02	0	
1.231151e+01	121	5.409122e+02	3.581023e+01	1.231151e+01	121	6.209266e-02	0	
1.241326e+01	122	5.145732e+02	6.685631e+01	1.241326e+01	122	1.149861e-01	0	
1.251500e+01	123	5.167129e+02	4.479628e+01	1.251500e+01	123	7.977836e-02	0	
1.261675e+01	124	5.447817e+02	3.158878e+01	1.261675e+01	124	5.480638e-02	0	
1.271850e+01	125	5.440267e+02	3.716128e+01	1.271850e+01	125	6.394021e-02	0	
1.282025e+01	126	5.300245e+02	3.902302e+01	1.282025e+01	126	6.857603e-02	0	
1.292200e+01	127	4.956345e+02	8.017502e+01	1.292200e+01	127	1.392388e-01	0	
1.302374e+01	128	5.108085e+02	1.077365e+02	1.302374e+01	128	1.741773e-01	0	
1.312549e+01	129	4.818329e+02	7.830132e+01	1.312549e+01	129	1.397903e-01	0	
1.322724e+01	130	5.158333e+02	1.024534e+02	1.322724e+01	130	1.657053e-01	0	
1.332899e+01	131	4.930551e+02	1.864913e+01	1.332899e+01	131	3.644514e-02	0	
1.343074e+01	132	4.996715e+02	2.039886e+01	1.343074e+01	132	3.922327e-02	0	
1.353248e+01	133	5.295187e+02	2.338296e+01	1.353248e+01	133	4.229135e-02	0	
1.363423e+01	134	4.467654e+02	2.364422e+01	1.363423e+01	134	5.026305e-02	0	
1.373598e+01	135	4.824373e+02	1.963873e+01	1.373598e+01	135	3.911505e-02	0	
1.383773e+01	136	5.573264e+02	3.035416e+01	1.383773e+01	136	5.165078e-02	0	
1.393948e+01	137	4.902842e+02	1.771200e+01	1.393948e+01	137	3.486640e-02	0	
1.404122e+01	138	5.016045e+02	3.056611e+01	1.404122e+01	138	5.743667e-02	0	
1.414297e+01	139	5.873177e+02	3.698758e+01	1.414297e+01	139	5.924598e-02	0	
1.424472e+01	140	5.707410e+02	2.880973e+01	1.424472e+01	140	4.805220e-02	0	
1.434647e+01	141	5.363181e+02	2.368912e+01	1.434647e+01	141	4.230145e-02	0	
1.444822e+01	142	5.792518e+02	2.099129e+01	1.444822e+01	142	3.497131e-02	0	
1.454996e+01	143	5.741852e+02	4.276712e+01	1.454996e+01	143	6.931998e-02	0	
1.465171e+01	144	5.640133e+02	2.893263e+01	1.465171e+01	144	4.879472e-02	0	
1.475346e+01	145	6.085364e+02	2.899577e+01	1.475346e+01	145	4.548127e-02	0	
1.485521e+01	146	5.495858e+02	4.391187e+01	1.485521e+01	146	7.398828e-02	0	
1.495696e+01	147	4.552797e+02	2.515224e+01	1.495696e+01	147	5.235339e-02	0	
1.505870e+01	148	5.874503e+02	3.787007e+01	1.505870e+01	148	6.056107e-02	0	
1.516045e+01	149	5.961954e+02	3.884370e+01	1.516045e+01	149	6.116741e-02	0	
1.526220e+01	150	5.297719e+02	4.003709e+01	1.526220e+01	150	7.026405e-02	0	
1.536395e+01	151	5.701073e+02	2.294298e+01	1.536395e+01	151	3.868640e-02	0	
1.546570e+01	152	5.582881e+02	4.634371e+01	1.546570e+01	152	7.664782e-02	0	
1.556744e+01	153	5.872393e+02	4.390416e+01	1.556744e+01	153	6.956289e-02	0	
1.566919e+01	154	5.256011e+02	2.523414e+01	1.566919e+01	154	4.581069e-02	0	
1.577094e+01	155	6.342213e+02	3.813783e+01	1.577094e+01	155	5.672241e-02	0	
1.587269e+01	156	4.997816e+02	2.130517e+01	1.587269e+01	156	4.088603e-02	0	
1.597444e+01	157	5.070669e+02	-2.079145e-01	1.597444e+01	157	-4.102019e-04	0	
1.607618e+01	158	5.454205e+02	8.160988e+00	1.607618e+01	158	1.474216e-02	0	
1.617793e+01	159	5.256355e+02	1.903324e+01	1.617793e+01	159	3.494462e-02	0	
1.627968e+01	160	5.035361e+02	2.456312e+01	1.627968e+01	160	4.651232e-02	0	
1.638143e+01	161	5.516054e+02	1.537427e+01	1.638143e+01	161	2.711609e-02	0	
1.648318e+01	162	4.930379e+02	1.789200e+01	1.648318e+01	162	3.501850e-02	0	
1.658492e+01	163	4.946707e+02	1.395982e+01	1.658492e+01	163	2.744590e-02	0	
1.668667e+01	164	5.050618e+02	2.624920e+01	1.668667e+01	164	4.940459e-02	0	
1.678842e+01	165	4.929950e+02	1.790799e+01	1.678842e+01	165	3.505164e-02	0	
1.689017e+01	166	5.079599e+02	-8.222261e+00	1.689017e+01	166	-1.645316e-02	0	
1.699192e+01	167	5.251442e+02	3.382638e+00	1.699192e+01	167	6.400125e-03	0	
1.709366e+01	168	5.363853e+02	2.642853e+01	1.709366e+01	168	4.695785e-02	0	
1.719541e+01	169	5.046583e+02	1.656403e+01	1.719541e+01	169	3.177920e-02	0	
1.729716e+01	170	4.962095e+02	3.617265e+00	1.729716e+01	170	7.237037e-03	0	
1.739891e+01	171	5.416117e+02	5.966993e+01	1.739891e+01	171	9.923791e-02	0	
1.750066e+01	172	5.245211e+02	5.495179e+01	1.750066e+01	172	9.483065e-02	0	
1.760240e+01	173	5.273761e+02	1.318125e+01	1.760240e+01	173	2.438455e-02	0	
1.770415e+01	174	5.383985e+02	3.481767e+01	1.770415e+01	174	6.074091e-02	0	
1.780590e+01	175	5.300743e+02	7.405086e+01	1.780590e+01	175	1.225754e-01	0	
1.790765e+01	176	5.385262e+02	1.038305e+02	1.790765e+01	176	1.616399e-01	0	
1.800940e+01	177	5.408485e+02	7.026819e+01	1.800940e+01	177	1.149833e-01	0	
1.811114e+01	178	5.402793e+02	6.569662e+01	1.811114e+01	178	1.084146e-01	0	
1.821289e+01	179	5.008444e+02	3.032335e+01	1.821289e+01	179	5.708809e-02	0	
1.831464e+01	180	4.849104e+02	1.259689e+01	1.831464e+01	180	2.532001e-02	0	
1.841639e+01	181	5.342779e+02	6.226594e+01	1.841639e+01	181	1.043778e-01	0	
1.851814e+01	182	4.922392e+02	3.691054e+01	1.851814e+01	182	6.975443e-02	0	
1.861988e+01	183	5.164377e+02	2.456279e+01	1.861988e+01	183	4.540253e-02	0	
1.872163e+01	184	5.060960e+02	3.542486e+01	1.872163e+01	184	6.541735e-02	0	
1.882338e+01	185	4.482113e+02	1.052791e+01	1.882338e+01	185	2.294966e-02	0	
1.892513e+01	186	5.172957e+02	4.734667e+01	1.892513e+01	186	8.385249e-02	0	
1.902688e+01	187	4.943563e+02	2.201293e+01	1.902688e+01	187	4.263021e-02	0	
1.912862e+01	188	5.322980e+02	3.901581e+01	1.912862e+01	188	6.829138e-02	0	
1.923037e+01	189	4.928179e+02	3.702597e+01	1.923037e+01	189	6.988091e-02	0	
1.933212e+01	190	5.167443e+02	5.786894e+01	1.933212e+01	190	1.007094e-01	0	
1.943387e+01	191	5.124256e+02	3.453139e+01	1.943387e+01	191	6.313365e-02	0	
1.953562e+01	192	5.085980e+02	2.586888e+01	1.953562e+01	192	4.840128e-02	0	
1.963736e+01	193	5.285578e+02	3.656478e+01	1.963736e+01	193	6.470239e-02	0	
1.973911e+01	194	5.137124e+02	2.293376e+01	1.973911e+01	194	4.273535e-02	0	
1.984086e+01	195	5.125064e+02	2.369868e+01	1.984086e+01	195	4.419704e-02	0	
1.994261e+01	196	5.191980e+02	2.262043e+01	1.994261e+01	196	4.174910e-02	0	
2.004436e+01	197	5.197176e+02	3.069972e+01	2.004436e+01	197	5.577535e-02	0	
2.014610e+01	198	5.345777e+02	2.166121e+01	2.014610e+01	198	3.894228e-02	0	
2.024785e+01	199	5.235193e+02	2.224143e+01	2.024785e+01	199	4.075308e-02	0	
2.034960e+01	200	5.116220e+02	3.361133e+01	2.034960e+01	200	6.164577e-02	0	
2.045135e+01	201	5.322283e+02	4.341713e+01	2.045135e+01	201	7.542339e-02	0	
2.055310e+01	202	5.227666e+02	3.066624e+01	2.055310e+01	202	5.541095e-02	0	
2.065484e+01	203	5.305009e+02	2.470218e+01	2.065484e+01	203	4.449215e-02	0	
2.075659e+01	204	5.069593e+02	3.034004e+01	2.075659e+01	204	5.646767e-02	0	
2.085834e+01	205	5.074441e+02	3.445953e+01	2.085834e+01	205	6.358978e-02	0	
2.096009e+01	206	5.283953e+02	2.484974e+01	2.096009e+01	206	4.491634e-02	0	
2.106184e+01	207	5.343327e+02	2.656139e+01	2.106184e+01	207	4.735545e-02	0	
2.116358e+01	208	5.298219e+02	2.390793e+01	2.116358e+01	208	4.317616e-02	0	
2.126533e+01	209	5.160822e+02	2.125739e+01	2.126533e+01	209	3.956044e-02	0	
2.136708e+01	210	5.020189e+02	3.123712e+01	2.136708e+01	210	5.857809e-02	0	
2.146883e+01	211	5.253180e+02	3.165127e+01	2.146883e+01	211	5.682768e-02	0	
2.157058e+01	212	5.206854e+02	1.258056e+01	2.157058e+01	212	2.359153e-02	0	
2.167232e+01	213	5.157739e+02	2.461054e+01	2.167232e+01	213	4.554265e-02	0	
2.177407e+01	214	5.153992e+02	1.594930e+01	2.177407e+01	214	3.001665e-02	0	
2.187582e+01	215	5.176978e+02	2.851719e+01	2.187582e+01	215	5.220873e-02	0	
2.197757e+01	216	5.138550e+02	1.702572e+01	2.197757e+01	216	3.207071e-02	0	
2.207932e+01	217	5.208481e+02	1.552871e+01	2.207932e+01	217	2.895112e-02	0	
2.218106e+01	218	5.695584e+02	1.668837e+00	2.218106e+01	218	2.921494e-03	0	
2.228281e+01	219	5.208290e+02	5.116646e+01	2.228281e+01	219	8.945256e-02	0	
2.238456e+01	220	5.155640e+02	2.403070e+01	2.238456e+01	220	4.453472e-02	0	
2.248631e+01	221	5.226604e+02	3.738167e+00	2.248631e+01	221	7.101400e-03	0	
2.258806e+01	222	5.251068e+02	2.332601e+01	2.258806e+01	222	4.253212e-02	0	
2.268980e+01	223	5.209940e+02	2.368886e+01	2.268980e+01	223	4.349111e-02	0	
2.279155e+01	224	5.242370e+02	2.293956e+01	2.279155e+01	224	4.192351e-02	0	
2.289330e+01	225	5.106276e+02	3.548343e+01	2.289330e+01	225	6.497475e-02	0	
2.299505e+01	226	5.372025e+02	2.355704e+01	2.299505e+01	226	4.200916e-02	0	
2.309680e+01	227	5.164302e+02	3.731935e+01	2.309680e+01	227	6.739391e-02	0	
2.319854e+01	228	5.951292e+02	2.353237e+01	2.319854e+01	228	3.803755e-02	0	
2.330029e+01	229	5.643511e+02	3.339197e+01	2.330029e+01	229	5.586342e-02	0	
2.340204e+01	230	5.228105e+02	1.794071e+01	2.340204e+01	230	3.317738e-02	0	
2.350379e+01	231	5.848891e+02	2.451966e+01	2.350379e+01	231	4.023516e-02	0	
2.360554e+01	232	5.402617e+02	3.000185e+01	2.360554e+01	232	5.261050e-02	0	
2.370728e+01	233	5.221326e+02	3.137666e+01	2.370728e+01	233	5.668678e-02	0	
2.380903e+01	234	6.342428e+02	-1.185223e+01	2.380903e+01	234	-1.904307e-02	0	
2.391078e+01	235	6.077702e+02	4.793423e-01	2.391078e+01	235	7.880685e-04	0	
2.401253e+01	236	5.082808e+02	3.607564e+01	2.401253e+01	236	6.627209e-02	0	
2.411428e+01	237	5.108482e+02	3.605273e+01	2.411428e+01	237	6.592187e-02	0	
2.421602e+01	238	4.861330e+02	1.350535e+01	2.421602e+01	238	2.703025e-02	0	
2.431777e+01	239	5.474113e+02	2.942531e+01	2.431777e+01	239	5.101152e-02	0	
2.441952e+01	240	5.496560e+02	2.033952e+01	2.441952e+01	240	3.568365e-02	0	
2.452127e+01	241	5.337097e+02	2.823991e+01	2.452127e+01	241	5.025346e-02	0	
2.462302e+01	242	4.888091e+02	4.785765e+01	2.462302e+01	242	8.917573e-02	0	
2.472476e+01	243	4.925243e+02	4.296903e+01	2.472476e+01	243	8.024195e-02	0	
2.482651e+01	244	5.343726e+02	2.933797e+01	2.482651e+01	244	5.204439e-02	0	
2.492826e+01	245	5.682416e+02	1.780139e+01	2.492826e+01	245	3.037557e-02	0	
2.503001e+01	246	5.571717e+02	3.288635e+01	2.503001e+01	246	5.573409e-02	0	
2.513176e+01	247	5.115299e+02	4.884302e+01	2.513176e+01	247	8.716164e-02	0	
2.523350e+01	248	5.093725e+02	3.727126e+01	2.523350e+01	248	6.818199e-02	0	
2.533525e+01	249	5.005498e+02	3.691162e+01	2.533525e+01	249	6.867771e-02	0	
2.543700e+01	250	5.049829e+02	3.426892e+01	2.543700e+01	250	6.354901e-02	0	
2.553875e+01	251	5.191146e+02	4.254042e+01	2.553875e+01	251	7.574119e-02	0	
2.564050e+01	252	5.121522e+02	3.178790e+01	2.564050e+01	252	5.844007e-02	0	
2.574224e+01	253	5.245275e+02	3.591142e+01	2.574224e+01	253	6.407731e-02	0	
2.584399e+01	254	5.272347e+02	2.242848e+01	2.584399e+01	254	4.080404e-02	0	
2.594574e+01	255	5.017764e+02	3.058568e+01	2.594574e+01	255	5.745278e-02	0	
2.604749e+01	256	5.204065e+02	4.703699e+01	2.604749e+01	256	8.289282e-02	0	
2.614924e+01	257	5.056030e+02	3.517413e+01	2.614924e+01	257	6.504367e-02	0	
2.625098e+01	258	5.114171e+02	3.362623e+01	2.625098e+01	258	6.169460e-02	0	
2.635273e+01	259	5.035458e+02	6.820641e+01	2.635273e+01	259	1.192937e-01	0	
2.645448e+01	260	5.329601e+02	5.406884e+01	2.645448e+01	260	9.210592e-02	0	
2.655623e+01	261	5.049861e+02	3.756854e+01	2.655623e+01	261	6.924379e-02	0	
2.665798e+01	262	5.303881e+02	5.119376e+01	2.665798e+01	262	8.802503e-02	0	
2.675972e+01	263	5.097445e+02	4.156994e+01	2.675972e+01	263	7.540151e-02	0	
2.686147e+01	264	4.849018e+02	4.849104e+01	2.686147e+01	264	9.091056e-02	0	
2.696322e+01	265	5.213854e+02	4.793111e+01	2.696322e+01	265	8.419062e-02	0	
2.706497e+01	266	5.384260e+02	7.466664e+01	2.706497e+01	266	1.217869e-01	0	
2.716672e+01	267	5.039095e+02	3.914652e+01	2.716672e+01	267	7.208560e-02	0	
2.726846e+01	268	5.115597e+02	4.288015e+01	2.726846e+01	268	7.733959e-02	0	
2.737021e+01	269	4.966544e+02	3.189654e+01	2.737021e+01	269	6.034714e-02	0	
2.747196e+01	270	5.340053e+02	4.430059e+01	2.747196e+01	270	7.660408e-02	0	
2.757371e+01	271	5.059337e+02	4.014478e+01	2.757371e+01	271	7.351467e-02	0	
2.767546e+01	272	4.646074e+02	2.649075e+01	2.767546e+01	272	5.394186e-02	0	
2.777720e+01	273	4.701233e+02	3.702093e+01	2.777720e+01	273	7.299882e-02	0	
2.787895e+01	274	5.192816e+02	5.201562e+01	2.787895e+01	274	9.104826e-02	0	
2.798070e+01	275	4.591065e+02	3.802942e+01	2.798070e+01	275	7.649703e-02	0	
2.808245e+01	276	4.553310e+02	4.375919e+01	2.808245e+01	276	8.767792e-02	0	
2.818420e+01	277	4.956677e+02	3.753301e+01	2.818420e+01	277	7.039190e-02	0	
2.828594e+01	278	4.645376e+02	4.206156e+01	2.828594e+01	278	8.302730e-02	0	
2.838769e+01	279	4.821548e+02	3.116795e+01	2.838769e+01	279	6.071804e-02	0	
2.848944e+01	280	4.759639e+02	5.440870e+01	2.848944e+01	280	1.025858e-01	0	
2.859119e+01	281	5.091715e+02	4.791264e+01	2.859119e+01	281	8.600611e-02	0	
2.869294e+01	282	5.592876e+02	7.982032e+01	2.869294e+01	282	1.248933e-01	0	
2.879468e+01	283	5.495649e+02	8.867965e+01	2.879468e+01	283	1.389431e-01	0	
2.889643e+01	284	4.761978e+02	4.945225e+01	2.889643e+01	284	9.407828e-02	0	
2.899818e+01	285	5.316244e+02	8.859792e+01	2.899818e+01	285	1.428486e-01	0	
2.909993e+01	286	5.178450e+02	8.384152e+01	2.909993e+01	286	1.393442e-01	0	
2.920168e+01	287	5.149908e+02	6.126877e+01	2.920168e+01	287	1.063215e-01	0	
2.930342e+01	288	5.672925e+02	6.315287e+01	2.930342e+01	288	1.001718e-01	0	
2.940517e+01	289	5.420076e+02	6.133360e+01	2.940517e+01	289	1.016566e-01	0	
2.950692e+01	290	5.575751e+02	7.640287e+01	2.950692e+01	290	1.205134e-01	0	
2.960867e+01	291	5.616170e+02	1.934137e+01	2.960867e+01	291	3.329218e-02	0	
2.971042e+01	292	5.515671e+02	3.716289e+01	2.971042e+01	292	6.312383e-02	0	
2.981216e+01	293	5.533387e+02	2.245711e+01	2.981216e+01	293	3.900186e-02	0	
2.991391e+01	294	5.602444e+02	2.830850e+01	2.991391e+01	294	4.809848e-02	0	
3.001566e+01	295	5.463261e+02	5.251439e+01	3.001566e+01	295	8.769345e-02	0	
3.011741e+01	296	5.167894e+02	1.444131e+02	3.011741e+01	296	2.184098e-01	0	
3.021916e+01	297	5.597095e+02	1.056264e+02	3.021916e+01	297	1.587565e-01	0	
3.032090e+01	298	5.156839e+02	4.462234e+01	3.032090e+01	298	7.963920e-02	0	
3.042265e+01	299	5.214795e+02	3.016686e+01	3.042265e+01	299	5.468514e-02	0	
3.052440e+01	300	5.275264e+02	4.231368e+01	3.052440e+01	300	7.425536e-02	0	
3.062615e+01	301	5.382659e+02	5.428009e+01	3.062615e+01	301	9.160486e-02	0	
3.072790e+01	302	5.234546e+02	5.079475e+01	3.072790e+01	302	8.845417e-02	0	
3.082964e+01	303	5.184114e+02	3.810847e+01	3.082964e+01	303	6.847639e-02	0	
3.093139e+01	304	5.411052e+02	6.809387e+01	3.093139e+01	304	1.117761e-01	0	
3.103314e+01	305	5.164633e+02	3.435285e+01	3.103314e+01	305	6.236718e-02	0	
3.113489e+01	306	5.635423e+02	8.241395e+01	3.113489e+01	306	1.275844e-01	0	
3.123664e+01	307	5.272353e+02	7.378838e+01	3.123664e+01	307	1.227712e-01	0	
3.133838e+01	308	5.570518e+02	8.483685e+01	3.133838e+01	308	1.321675e-01	0	
3.144013e+01	309	5.661809e+02	8.567888e+01	3.144013e+01	309	1.314376e-01	0	
3.154188e+01	310	5.430245e+02	8.919924e+01	3.154188e+01	310	1.410881e-01	0	
3.164363e+01	311	5.334398e+02	5.766816e+01	3.164363e+01	311	9.755944e-02	0	
3.174538e+01	312	5.375071e+02	4.099605e+01	3.174538e+01	312	7.086573e-02	0	
3.184712e+01	313	5.341972e+02	4.071327e+01	3.184712e+01	313	7.081671e-02	0	
3.194887e+01	314	5.746861e+02	4.242953e+01	3.194887e+01	314	6.875459e-02	0	
3.205062e+01	315	5.204597e+02	3.125843e+01	3.205062e+01	315	5.665652e-02	0	
3.215237e+01	316	5.136570e+02	3.115585e+01	3.215237e+01	316	5.718633e-02	0	
3.225412e+01	317	5.123231e+02	2.081199e+01	3.225412e+01	317	3.903699e-02	0	
3.235586e+01	318	5.346932e+02	2.631536e+01	3.235586e+01	318	4.690723e-02	0	
3.245761e+01	319	4.941147e+02	2.393987e+01	3.245761e+01	319	4.621110e-02	0	
3.255936e+01	320	5.045031e+02	2.008836e+01	3.255936e+01	320	3.829334e-02	0	
3.266111e+01	321	5.214859e+02	1.858421e+01	3.266111e+01	321	3.441074e-02	0	
3.276286e+01	322	4.938964e+02	2.394924e+01	3.276286e+01	322	4.624784e-02	0	
3.286460e+01	323	4.725559e+02	2.938162e+01	3.286460e+01	323	5.853641e-02	0	
3.296635e+01	324	5.230409e+02	2.693502e+01	3.296635e+01	324	4.897491e-02	0	
3.306810e+01	325	5.584723e+02	2.374074e+00	3.306810e+01	325	4.233020e-03	0	
3.316985e+01	326	4.952438e+02	-1.236280e+01	3.316985e+01	326	-2.560217e-02	0	
3.327160e+01	327	2.203405e+02	1.825091e+02	3.327160e+01	327	4.530453e-01	0	
3.337334e+01	328	1.172822e+02	2.816874e+02	3.337334e+01	328	7.060373e-01	7.000000e-01	
3.347509e+01	329	9.240369e+01	3.277220e+02	3.347509e+01	329	7.800570e-01	7.000000e-01	
3.357684e+01	330	8.016162e+01	3.335415e+02	3.357684e+01	330	8.062339e-01	7.000000e-01	
3.367859e+01	331	8.139699e+01	3.305839e+02	3.367859e+01	331	8.024253e-01	7.000000e-01	
3.378034e+01	332	9.484673e+01	3.306064e+02	3.378034e+01	332	7.770689e-01	7.000000e-01	
3.388208e+01	333	7.968952e+01	2.967067e+02	3.388208e+01	333	7.882829e-01	7.000000e-01	
3.398383e+01	334	9.661952e+01	3.076521e+02	3.398383e+01	334	7.610035e-01	7.000000e-01	
3.408558e+01	335	9.248004e+01	3.162940e+02	3.408558e+01	335	7.737624e-01	7.000000e-01	
3.418733e+01	336	8.771019e+01	3.107448e+02	3.418733e+01	336	7.798743e-01	7.000000e-01	
3.428908e+01	337	8.975323e+01	3.264900e+02	3.428908e+01	337	7.843731e-01	7.000000e-01	
3.439082e+01	338	9.237895e+01	3.242185e+02	3.439082e+01	338	7.782537e-01	7.000000e-01	
3.449257e+01	339	9.483745e+01	3.071119e+02	3.449257e+01	339	7.640562e-01	7.000000e-01	
3.459432e+01	340	1.174047e+02	3.453583e+02	3.459432e+01	340	7.462963e-01	7.000000e-01	
3.469607e+01	341	9.154054e+01	3.857131e+02	3.469607e+01	341	8.081931e-01	7.000000e-01	
3.479782e+01	342	1.391812e+02	3.571348e+02	3.479782e+01	342	7.195714e-01	7.000000e-01	
3.489956e+01	343	9.832170e+01	3.562637e+02	3.489956e+01	343	7.837113e-01	7.000000e-01	
3.500131e+01	344	1.012678e+02	3.654351e+02	3.500131e+01	344	7.830144e-01	7.000000e-01	
3.510306e+01	345	9.598924e+01	3.689210e+02	3.510306e+01	345	7.935317e-01	7.000000e-01	
3.520481e+01	346	8.891195e+01	3.266010e+02	3.520481e+01	346	7.860188e-01	7.000000e-01	
3.530656e+01	347	2.320886e+02	2.148962e+02	3.530656e+01	347	4.807685e-01	0	
3.540830e+01	348	5.340279e+02	9.152631e+00	3.540830e+01	348	1.685007e-02	0	
3.551005e+01	349	5.345868e+02	2.409421e+01	3.551005e+01	349	4.312695e-02	0	
3.561180e+01	350	5.250813e+02	6.619943e+00	3.561180e+01	350	1.245049e-02	0	
3.571355e+01	351	5.220989e+02	1.176400e+01	3.571355e+01	351	2.203562e-02	0	
3.581530e+01	352	4.619105e+02	5.590786e+01	3.581530e+01	352	1.079681e-01	0	
3.591704e+01	353	5.220552e+02	1.603148e+01	3.591704e+01	353	2.979349e-02	0	
3.601879e+01	354	4.706087e+02	-6.721439e+00	3.601879e+01	354	-1.448938e-02	0	
3.612054e+01	355	5.671607e+02	-1.577315e+01	3.612054e+01	355	-2.860629e-02	0	
3.622229e+01	356	5.402836e+02	-1.541546e+01	3.622229e+01	356	-2.937016e-02	0	
3.632404e+01	357	4.853622e+02	-2.535267e+01	3.632404e+01	357	-5.511336e-02	0	
3.642578e+01	358	5.193091e+02	-8.690501e+00	3.642578e+01	358	-1.701955e-02	0	
3.652753e+01	359	4.721173e+02	9.458766e+00	3.652753e+01	359	1.964127e-02	0	
3.662928e+01	360	4.750928e+02	-3.778971e+00	3.662928e+01	360	-8.017951e-03	0	
3.673103e+01	361	4.304868e+02	4.865404e+00	3.673103e+01	361	1.117579e-02	0	
3.683278e+01	362	4.706320e+02	9.181991e-01	3.683278e+01	362	1.947193e-03	0	
3.693452e+01	363	5.084794e+02	3.622048e+01	3.693452e+01	363	6.649621e-02	0	
3.703627e+01	364	5.077908e+02	8.184604e+01	3.703627e+01	364	1.388075e-01	0	
3.713802e+01	365	5.144311e+02	7.130489e+01	3.713802e+01	365	1.217355e-01	0	
3.723977e+01	366	5.149544e+02	3.744983e+01	3.723977e+01	366	6.779425e-02	0	
3.734152e+01	367	5.146683e+02	1.598832e+01	3.734152e+01	367	3.012931e-02	0	
3.744326e+01	368	5.655408e+02	7.802050e+00	3.744326e+01	368	1.360800e-02	0	
3.754501e+01	369	5.285429e+02	4.376494e+01	3.754501e+01	369	7.647098e-02	0	
3.764676e+01	370	5.174381e+02	3.439459e+01	3.764676e+01	370	6.232793e-02	0	
3.774851e+01	371	5.014838e+02	7.455200e+01	3.774851e+01	371	1.294225e-01	0	
3.785026e+01	372	5.338195e+02	5.922068e+01	3.785026e+01	372	9.985947e-02	0	
3.795200e+01	373	5.490181e+02	3.327997e+01	3.795200e+01	373	5.715281e-02	0	
3.805375e+01	374	5.121562e+02	6.025495e+01	3.805375e+01	374	1.052652e-01	0	
3.815550e+01	375	5.195111e+02	6.327177e+01	3.815550e+01	375	1.085683e-01	0	
3.825725e+01	376	4.982494e+02	3.189461e+01	3.825725e+01	376	6.016216e-02	0	
3.835900e+01	377	5.332261e+02	1.895927e+01	3.835900e+01	377	3.433497e-02	0	
3.846074e+01	378	5.309830e+02	1.886957e+01	3.846074e+01	378	3.431751e-02	0	
3.856249e+01	379	4.902958e+02	6.029600e+01	3.856249e+01	379	1.095113e-01	0	
3.866424e+01	380	5.141802e+02	3.885555e+01	3.866424e+01	380	7.025866e-02	0	
3.876599e+01	381	4.881479e+02	9.328145e+01	3.876599e+01	381	1.604347e-01	0	
3.886774e+01	382	4.953215e+02	8.228236e+01	3.886774e+01	382	1.424547e-01	0	
3.896948e+01	383	4.695976e+02	1.017586e+02	3.896948e+01	383	1.781001e-01	0	
3.907123e+01	384	4.788709e+02	7.665284e+01	3.907123e+01	384	1.379830e-01	0	
3.917298e+01	385	4.922204e+02	7.301390e+01	3.917298e+01	385	1.291746e-01	0	
3.927473e+01	386	4.900770e+02	6.053025e+01	3.927473e+01	386	1.099336e-01	0	
3.937648e+01	387	4.737932e+02	5.793403e+01	3.937648e+01	387	1.089544e-01	0	
3.947822e+01	388	4.828850e+02	7.965395e+01	3.947822e+01	388	1.415972e-01	0	
3.957997e+01	389	4.711862e+02	5.371000e+01	3.957997e+01	389	1.023250e-01	0	
3.968172e+01	390	5.782935e+02	4.102861e+01	3.968172e+01	390	6.624761e-02	0	
3.978347e+01	391	4.946278e+02	8.253174e+01	3.978347e+01	391	1.429964e-01	0	
3.988522e+01	392	4.915491e+02	5.873884e+01	3.988522e+01	392	1.067420e-01	0	
3.998696e+01	393	5.213855e+02	3.421067e+01	3.998696e+01	393	6.157470e-02	0	
4.008871e+01	394	5.139445e+02	4.481960e+01	4.008871e+01	394	8.021203e-02	0	
4.019046e+01	395	4.917460e+02	7.387813e+01	4.019046e+01	395	1.306135e-01	0	
4.029221e+01	396	4.989208e+02	4.668517e+01	4.029221e+01	396	8.556572e-02	0	
4.039396e+01	397	4.984655e+02	5.984424e+01	4.039396e+01	397	1.071882e-01	0	
4.049570e+01	398	5.042824e+02	7.075660e+01	4.049570e+01	398	1.230466e-01	0	
4.059745e+01	399	4.953458e+02	8.982408e+01	4.059745e+01	399	1.535009e-01	0	
4.069920e+01	400	4.957844e+02	6.920858e+01	4.069920e+01	400	1.224946e-01	0	
4.080095e+01	401	5.102279e+02	7.843165e+01	4.080095e+01	401	1.332377e-01	0	
4.090270e+01	402	4.853637e+02	6.326105e+01	4.090270e+01	402	1.153084e-01	0	
4.100444e+01	403	5.249912e+02	4.416646e+01	4.100444e+01	403	7.759969e-02	0	
4.110619e+01	404	4.927110e+02	6.283766e+01	4.110619e+01	404	1.131092e-01	0	
4.120794e+01	405	5.331477e+02	4.134604e+01	4.120794e+01	405	7.196952e-02	0	
4.130969e+01	406	5.397878e+02	5.596550e+01	4.130969e+01	406	9.394073e-02	0	
4.141144e+01	407	5.165351e+02	3.220810e+01	4.141144e+01	407	5.869430e-02	0	
4.151318e+01	408	5.641855e+02	4.733067e+01	4.151318e+01	408	7.739889e-02	0	
4.161493e+01	409	5.298424e+02	2.038981e+01	4.161493e+01	409	3.705674e-02	0	
4.171668e+01	410	5.161323e+02	2.361010e+01	4.171668e+01	410	4.374327e-02	0	
4.181843e+01	411	5.162795e+02	2.549192e+01	4.181843e+01	411	4.705291e-02	0	
4.192018e+01	412	5.466470e+02	1.668103e+01	4.192018e+01	412	2.961157e-02	0	
4.202192e+01	413	5.083658e+02	2.220250e+01	4.202192e+01	413	4.184664e-02	0	
4.212367e+01	414	5.516183e+02	3.595940e+01	4.212367e+01	414	6.119940e-02	0	
4.222542e+01	415	5.201986e+02	1.775238e+01	4.222542e+01	415	3.300000e-02	0	
4.232717e+01	416	4.767309e+02	-4.787999e+00	4.232717e+01	416	-1.014529e-02	0	
4.242892e+01	417	5.422415e+02	3.136285e+01	4.242892e+01	417	5.467680e-02	0	
4.253066e+01	418	5.315186e+02	2.257030e+01	4.253066e+01	418	4.073408e-02	0	
4.263241e+01	419	5.307231e+02	9.219156e+00	4.263241e+01	419	1.707434e-02	0	
4.273416e+01	420	5.072875e+02	2.869470e+01	4.273416e+01	420	5.353667e-02	0	
4.283591e+01	421	5.505078e+02	8.746449e+01	4.283591e+01	421	1.370976e-01	0	
4.293766e+01	422	5.262137e+02	2.193451e+01	4.293766e+01	422	4.001566e-02	0	
4.303940e+01	423	5.600251e+02	4.957536e+00	4.303940e+01	423	8.774670e-03	0	
4.314115e+01	424	5.472789e+02	4.282387e+01	4.314115e+01	424	7.257019e-02	0	
4.324290e+01	425	5.419528e+02	6.467234e+00	4.324290e+01	425	1.179248e-02	0	
4.334465e+01	426	5.328885e+02	1.174989e+01	4.334465e+01	426	2.157375e-02	0	
4.344640e+01	427	5.757092e+02	-3.324842e+00	4.344640e+01	427	-5.808758e-03	0	
4.354814e+01	428	5.654003e+02	1.807172e+01	4.354814e+01	428	3.097273e-02	0	
4.364989e+01	429	5.580504e+02	1.224683e+01	4.364989e+01	429	2.147447e-02	0	
4.375164e+01	430	5.360564e+02	2.309088e+01	4.375164e+01	430	4.129660e-02	0	
4.385339e+01	431	5.496597e+02	3.092540e+00	4.385339e+01	431	5.594803e-03	0	
4.395514e+01	432	5.523152e+02	-3.567884e-01	4.395514e+01	432	-6.464045e-04	0	
4.405688e+01	433	5.135151e+02	8.795541e+00	4.405688e+01	433	1.683967e-02	0	
4.415863e+01	434	5.378648e+02	3.505185e+01	4.415863e+01	434	6.118141e-02	0	
4.426038e+01	435	5.286795e+02	9.225382e+00	4.426038e+01	435	1.715058e-02	0	
4.436213e+01	436	5.332237e+02	7.572030e+00	4.436213e+01	436	1.400165e-02	0	
4.446388e+01	437	4.847457e+02	-2.197299e+00	4.446388e+01	437	-4.553531e-03	0	
4.456562e+01	438	5.137853e+02	1.102620e+01	4.456562e+01	438	2.100983e-02	0	
4.466737e+01	439	5.624297e+02	1.838685e+01	4.466737e+01	439	3.165690e-02	0	
4.476912e+01	440	5.105023e+02	8.208497e+00	4.476912e+01	440	1.582480e-02	0	
4.487087e+01	441	5.227126e+02	4.970246e+00	4.487087e+01	441	9.419002e-03	0	
4.497262e+01	442	5.057636e+02	4.875714e+00	4.497262e+01	442	9.548254e-03	0	
4.507436e+01	443	4.910312e+02	8.806688e+00	4.507436e+01	443	1.761909e-02	0	
4.517611e+01	444	5.168938e+02	-1.800134e+00	4.517611e+01	444	-3.494770e-03	0	
4.527786e+01	445	5.178741e+02	-4.946832e+00	4.527786e+01	445	-9.644315e-03	0	
4.537961e+01	446	5.265967e+02	2.888026e+01	4.537961e+01	446	5.199182e-02	0	
4.548136e+01	447	5.162387e+02	-1.607924e+00	4.548136e+01	447	-3.124423e-03	0	
4.558310e+01	448	5.281212e+02	1.058724e+01	4.558310e+01	448	1.965301e-02	0	
4.568485e+01	449	5.328348e+02	7.174507e+00	4.568485e+01	449	1.328590e-02	0	
4.578660e+01	450	5.182829e+02	8.511984e+00	4.578660e+01	450	1.615806e-02	0	
4.588835e+01	451	5.220989e+02	6.440127e-01	4.588835e+01	451	1.231987e-03	0	
4.599010e+01	452	5.299394e+02	-6.818333e+00	4.599010e+01	452	-1.303395e-02	0	
4.609184e+01	453	5.031724e+02	3.481469e+00	4.609184e+01	453	6.871494e-03	0	
4.619359e+01	454	5.121938e+02	3.883916e+01	4.619359e+01	454	7.048428e-02	0	
4.629534e+01	455	5.266245e+02	2.373351e+01	4.629534e+01	455	4.312377e-02	0	
4.639709e+01	456	5.035337e+02	3.855831e+01	4.639709e+01	456	7.112872e-02	0	
4.649884e+01	457	5.413834e+02	4.144607e+01	4.649884e+01	457	7.111183e-02	0	
4.660058e+01	458	5.389985e+02	4.382916e+01	4.660058e+01	458	7.520089e-02	0	
4.670233e+01	459	5.322405e+02	2.683213e+01	4.670233e+01	459	4.799400e-02	0	
4.680408e+01	460	6.057801e+02	3.767154e+01	4.680408e+01	460	5.854603e-02	0	
4.690583e+01	461	5.549792e+02	3.522336e+01	4.690583e+01	461	5.968012e-02	0	
4.700758e+01	462	5.230189e+02	3.841777e+01	4.700758e+01	462	6.842761e-02	0	
4.710932e+01	463	6.304606e+02	4.281939e+01	4.710932e+01	463	6.359819e-02	0	
4.721107e+01	464	5.341187e+02	5.025757e+01	4.721107e+01	464	8.600207e-02	0	
4.731282e+01	465	5.501276e+02	4.362874e+01	4.731282e+01	465	7.347920e-02	0	
4.741457e+01	466	5.529690e+02	3.233158e+01	4.741457e+01	466	5.523928e-02	0	
4.751632e+01	467	5.302389e+02	4.901125e+01	4.751632e+01	467	8.461154e-02	0	
4.761806e+01	468	5.499897e+02	4.120073e+01	4.761806e+01	468	6.969113e-02	0	
4.771981e+01	469	5.699740e+02	4.575983e+01	4.771981e+01	469	7.431755e-02	0	
4.782156e+01	470	5.196718e+02	5.040771e+01	4.782156e+01	470	8.842224e-02	0	
4.792331e+01	471	5.053730e+02	4.541973e+01	4.792331e+01	471	8.246247e-02	0	
4.802506e+01	472	5.008540e+02	2.551936e+01	4.802506e+01	472	4.848148e-02	0	
4.812680e+01	473	5.325204e+02	5.218818e+01	4.812680e+01	473	8.925503e-02	0	
4.822855e+01	474	4.919155e+02	3.472156e+01	4.822855e+01	474	6.593072e-02	0	
4.833030e+01	475	5.135391e+02	5.776389e+01	4.833030e+01	475	1.011090e-01	0	
4.843205e+01	476	4.849974e+02	5.313538e+01	4.843205e+01	476	9.874028e-02	0	
4.853380e+01	477	4.227663e+02	5.502648e+01	4.853380e+01	477	1.151681e-01	0	
4.863554e+01	478	5.115708e+02	1.054748e+01	4.863554e+01	478	2.020132e-02	0	
4.873729e+01	479	5.262261e+02	1.651346e+01	4.873729e+01	479	3.042612e-02	0	
4.883904e+01	480	4.991471e+02	3.693907e+01	4.883904e+01	480	6.890510e-02	0	
4.894079e+01	481	4.908042e+02	3.194197e+01	4.894079e+01	481	6.110417e-02	0	
4.904254e+01	482	5.113173e+02	2.469687e+01	4.904254e+01	482	4.607503e-02	0	
4.914428e+01	483	5.302800e+02	1.600236e+01	4.914428e+01	483	2.929320e-02	0	
4.924603e+01	484	5.046732e+02	3.777465e+01	4.924603e+01	484	6.963739e-02	0	
4.934778e+01	485	5.337342e+02	9.367301e+00	4.934778e+01	485	1.724779e-02	0	
4.944953e+01	486	5.173937e+02	2.873941e+01	4.944953e+01	486	5.262345e-02	0	
4.955128e+01	487	5.188069e+02	4.688367e+01	4.955128e+01	487	8.287865e-02	0	
4.965302e+01	488	5.219518e+02	3.181640e+01	4.965302e+01	488	5.745436e-02	0	
4.975477e+01	489	4.992722e+02	5.101730e+01	4.975477e+01	489	9.270993e-02	0	
4.985652e+01	490	5.359332e+02	4.428117e+01	4.985652e+01	490	7.631864e-02	0	
4.995827e+01	491	4.990700e+02	4.415424e+01	4.995827e+01	491	8.128179e-02	0	
5.006002e+01	492	5.075470e+02	4.865345e+01	5.006002e+01	492	8.747467e-02	0	
5.016176e+01	493	5.115721e+02	2.403904e+01	5.016176e+01	493	4.488152e-02	0	
5.026351e+01	494	5.313057e+02	1.720521e+01	5.026351e+01	494	3.136712e-02	0	
5.036526e+01	495	5.175396e+02	2.793748e+01	5.036526e+01	495	5.121660e-02	0	
5.046701e+01	496	5.230025e+02	1.623821e+01	5.046701e+01	496	3.011310e-02	0	
5.056876e+01	497	5.285739e+02	1.204857e+01	5.056876e+01	497	2.228648e-02	0	
5.067050e+01	498	5.177898e+02	4.372275e+01	5.067050e+01	498	7.786602e-02	0	
5.077225e+01	499	5.241639e+02	5.490851e+01	5.077225e+01	499	9.482149e-02	0	
5.087400e+01	500	5.064323e+02	4.594423e+01	5.087400e+01	500	8.317557e-02	0	
5.097575e+01	501	4.952870e+02	4.997722e+01	5.097575e+01	501	9.165689e-02	0	
5.107750e+01	502	4.988823e+02	5.080922e+01	5.107750e+01	502	9.243224e-02	0	
5.117924e+01	503	5.010010e+02	2.544203e+01	5.117924e+01	503	4.832817e-02	0	
5.128099e+01	504	5.543959e+02	8.849408e+01	5.128099e+01	504	1.376504e-01	0	
5.138274e+01	505	5.251935e+02	4.331332e+01	5.138274e+01	505	7.618786e-02	0	
5.148449e+01	506	4.925669e+02	3.202762e+01	5.148449e+01	506	6.105214e-02	0	
5.158624e+01	507	4.863077e+02	1.706696e+01	5.158624e+01	507	3.390508e-02	0	
5.168798e+01	508	5.968719e+02	1.973510e+01	5.168798e+01	508	3.200596e-02	0	
5.178973e+01	509	5.171682e+02	3.374997e+01	5.178973e+01	509	6.126131e-02	0	
5.189148e+01	510	5.202535e+02	3.309290e+01	5.189148e+01	510	5.980503e-02	0	
5.199323e+01	511	4.807509e+02	1.918818e+01	5.199323e+01	511	3.838104e-02	0	
5.209498e+01	512	5.227534e+02	3.729343e+01	5.209498e+01	512	6.658984e-02	0	
5.219672e+01	513	4.542020e+02	4.244200e+01	5.219672e+01	513	8.545759e-02	0	
5.229847e+01	514	5.335829e+02	3.677366e+01	5.229847e+01	514	6.447486e-02	0	
5.240022e+01	515	4.686464e+02	4.243421e+01	5.240022e+01	515	8.302841e-02	0	
5.250197e+01	516	5.309852e+02	2.979004e+01	5.250197e+01	516	5.312296e-02	0	
5.260372e+01	517	5.073508e+02	3.853282e+01	5.260372e+01	517	7.058798e-02	0	
5.270546e+01	518	5.049261e+02	4.349478e+01	5.270546e+01	518	7.930912e-02	0	
5.280721e+01	519	5.250030e+02	3.958545e+01	5.280721e+01	519	7.011381e-02	0	
5.290896e+01	520	5.103413e+02	3.155437e+01	5.290896e+01	520	5.822960e-02	0	
5.301071e+01	521	5.317432e+02	3.590197e+01	5.301071e+01	521	6.324720e-02	0	
5.311246e+01	522	4.725622e+02	3.177852e+01	5.311246e+01	522	6.301002e-02	0	
5.321420e+01	523	4.895792e+02	2.216351e+01	5.321420e+01	523	4.330987e-02	0	
5.331595e+01	524	5.013487e+02	2.893247e+01	5.331595e+01	524	5.456062e-02	0	
5.341770e+01	525	5.291506e+02	3.164003e+01	5.341770e+01	525	5.642040e-02	0	
5.351945e+01	526	5.039361e+02	3.164832e+01	5.351945e+01	526	5.909119e-02	0	
5.362120e+01	527	5.013100e+02	3.047282e+01	5.362120e+01	527	5.730313e-02	0	
5.372294e+01	528	5.274566e+02	1.645910e+01	5.372294e+01	528	3.026039e-02	0	
5.382469e+01	529	5.345877e+02	2.433193e+01	5.382469e+01	529	4.353386e-02	0	
5.392644e+01	530	4.787582e+02	2.027328e+01	5.392644e+01	530	4.062525e-02	0	
5.402819e+01	531	5.234717e+02	1.653265e+01	5.402819e+01	531	3.061577e-02	0	
5.412994e+01	532	5.201757e+02	1.872189e+01	5.412994e+01	532	3.474109e-02	0	
5.423168e+01	533	5.333646e+02	1.906375e+01	5.423168e+01	533	3.450900e-02	0	
5.433343e+01	534	5.546660e+02	8.425136e+01	5.433343e+01	534	1.318658e-01	0	
5.443518e+01	535	5.487499e+02	8.529362e+01	5.443518e+01	535	1.345233e-01	0	
5.453693e+01	536	5.237279e+02	8.562891e+01	5.453693e+01	536	1.405234e-01	0	
5.463868e+01	537	5.263796e+02	4.291805e+01	5.463868e+01	537	7.538772e-02	0	
5.474042e+01	538	5.937437e+02	8.217516e+01	5.474042e+01	538	1.215755e-01	0	
5.484217e+01	539	5.414878e+02	9.346995e+01	5.484217e+01	539	1.472066e-01	0	
5.494392e+01	540	5.124405e+02	9.102474e+01	5.494392e+01	540	1.508368e-01	0	
5.504567e+01	541	4.981809e+02	1.006172e+02	5.504567e+01	541	1.680319e-01	0	
5.514742e+01	542	4.978472e+02	1.057799e+02	5.514742e+01	542	1.752405e-01	0	
5.524916e+01	543	5.032543e+02	9.924528e+01	5.524916e+01	543	1.647226e-01	0	
5.535091e+01	544	5.392603e+02	9.325641e+01	5.535091e+01	544	1.474371e-01	0	
5.545266e+01	545	4.943319e+02	8.775224e+01	5.545266e+01	545	1.507552e-01	0	
5.555441e+01	546	5.326084e+02	1.029263e+02	5.555441e+01	546	1.619523e-01	0	
5.565616e+01	547	4.760467e+02	5.264681e+01	5.565616e+01	547	9.957907e-02	0	
5.575790e+01	548	5.003876e+02	9.257928e+01	5.575790e+01	548	1.561289e-01	0	
5.585965e+01	549	5.125399e+02	9.806896e+01	5.585965e+01	549	1.606085e-01	0	
5.596140e+01	550	5.003596e+02	9.968229e+01	5.596140e+01	550	1.661256e-01	0	
5.606315e+01	551	5.054441e+02	3.593794e+01	5.606315e+01	551	6.638185e-02	0	
5.616490e+01	552	4.983973e+02	7.141293e+01	5.616490e+01	552	1.253276e-01	0	
5.626664e+01	553	5.150665e+02	5.201292e+01	5.626664e+01	553	9.172070e-02	0	
5.636839e+01	554	4.718836e+02	5.721472e+01	5.636839e+01	554	1.081363e-01	0	
5.647014e+01	555	4.789788e+02	5.688071e+01	5.647014e+01	555	1.061486e-01	0	
5.657189e+01	556	5.214687e+02	4.381488e+01	5.657189e+01	556	7.750956e-02	0	
5.667364e+01	557	5.342940e+02	4.368585e+01	5.667364e+01	557	7.558369e-02	0	
5.677538e+01	558	5.599051e+02	5.985054e+01	5.677538e+01	558	9.657119e-02	0	
5.687713e+01	559	5.355862e+02	4.475206e+01	5.687713e+01	559	7.711375e-02	0	
5.697888e+01	560	4.783948e+02	4.964143e+01	5.697888e+01	560	9.401141e-02	0	
5.708063e+01	561	4.734601e+02	4.485662e+01	5.708063e+01	561	8.654288e-02	0	
5.718238e+01	562	4.182459e+02	5.951537e+01	5.718238e+01	562	1.245714e-01	0	
5.728412e+01	563	5.353549e+02	3.950687e+01	5.728412e+01	563	6.872412e-02	0	
5.738587e+01	564	5.326584e+02	4.918694e+01	5.738587e+01	564	8.453611e-02	0	
5.748762e+01	565	4.130199e+02	6.139439e+01	5.748762e+01	565	1.294109e-01	0	
5.758937e+01	566	5.100061e+02	3.828059e+01	5.758937e+01	566	6.981857e-02	0	
5.769112e+01	567	4.537312e+02	4.822827e+01	5.769112e+01	567	9.608001e-02	0	
5.779286e+01	568	5.240640e+02	4.511549e+01	5.779286e+01	568	7.926408e-02	0	
5.789461e+01	569	5.101149e+02	3.758800e+01	5.789461e+01	569	6.862845e-02	0	
5.799636e+01	570	4.889485e+02	4.460458e+01	5.799636e+01	570	8.359914e-02	0	
5.809811e+01	571	5.333549e+02	2.590975e+01	5.809811e+01	571	4.632825e-02	0	
5.819986e+01	572	4.988339e+02	4.115177e+01	5.819986e+01	572	7.620900e-02	0	
5.830160e+01	573	5.352600e+02	3.695854e+01	5.830160e+01	573	6.458816e-02	0	
5.840335e+01	574	5.861436e+02	-1.145635e+01	5.840335e+01	574	-1.993493e-02	0	
5.850510e+01	575	5.727711e+02	1.795665e+01	5.850510e+01	575	3.039751e-02	0	
5.860685e+01	576	5.603729e+02	-9.714661e+00	5.860685e+01	576	-1.764191e-02	0	
5.870860e+01	577	5.288138e+02	4.552796e+01	5.870860e+01	577	7.926981e-02	0	
5.881034e+01	578	5.155513e+02	4.994063e+01	5.881034e+01	578	8.831360e-02	0	
5.891209e+01	579	5.241238e+02	8.342013e+01	5.891209e+01	579	1.373072e-01	0	
5.901384e+01	580	5.269244e+02	6.239129e+01	5.901384e+01	580	1.058707e-01	0	
5.911559e+01	581	5.328971e+02	2.997231e+01	5.911559e+01	581	5.324914e-02	0	
5.921734e+01	582	5.475530e+02	3.312195e+01	5.921734e+01	582	5.704043e-02	0	
5.931908e+01	583	5.478813e+02	4.466297e+01	5.931908e+01	583	7.537491e-02	0	
5.942083e+01	584	5.272047e+02	4.710762e+01	5.942083e+01	584	8.202439e-02	0	
5.952258e+01	585	5.851518e+02	1.115721e+02	5.952258e+01	585	1.601382e-01	0	
5.962433e+01	586	5.438036e+02	8.774597e+01	5.962433e+01	586	1.389376e-01	0	
5.972608e+01	587	5.488581e+02	9.451530e+01	5.972608e+01	587	1.469058e-01	0	
5.982782e+01	588	5.976268e+02	1.156170e+02	5.982782e+01	588	1.621003e-01	0	
5.992957e+01	589	5.721479e+02	1.240164e+02	5.992957e+01	589	1.781424e-01	0	
6.003132e+01	590	5.403780e+02	1.148482e+02	6.003132e+01	590	1.752802e-01	0	
6.013307e+01	591	5.659217e+02	9.726793e+01	6.013307e+01	591	1.466668e-01	0	
6.023482e+01	592	4.761903e+02	6.029158e+01	6.023482e+01	592	1.123833e-01	0	
6.033656e+01	593	4.892060e+02	6.871140e+01	6.033656e+01	593	1.231569e-01	0	
6.043831e+01	594	4.796300e+02	5.862185e+01	6.043831e+01	594	1.089116e-01	0	
6.054006e+01	595	4.946644e+02	2.641876e+01	6.054006e+01	595	5.069970e-02	0	
6.064181e+01	596	4.376404e+02	4.096933e+01	6.064181e+01	596	8.560070e-02	0	
6.074356e+01	597	5.141199e+02	6.507559e+01	6.074356e+01	597	1.123551e-01	0	
6.084530e+01	598	4.866027e+02	3.662494e+01	6.084530e+01	598	6.999810e-02	0	
6.094705e+01	599	5.070920e+02	4.769318e+01	6.094705e+01	599	8.596693e-02	0	
6.104880e+01	600	5.192595e+02	4.612259e+01	6.104880e+01	600	8.157773e-02	0	
6.115055e+01	601	4.796012e+02	5.452272e+01	6.115055e+01	601	1.020788e-01	0	
6.125230e+01	602	4.671362e+02	4.195920e+01	6.125230e+01	602	8.241913e-02	0	
6.135404e+01	603	4.926175e+02	3.983211e+01	6.135404e+01	603	7.480916e-02	0	
6.145579e+01	604	5.287269e+02	6.510199e+01	6.145579e+01	604	1.096309e-01	0	
6.155754e+01	605	5.066731e+02	5.185316e+01	6.155754e+01	605	9.283925e-02	0	
6.165929e+01	606	4.987629e+02	7.040977e+01	6.165929e+01	606	1.237055e-01	0	
6.176104e+01	607	5.462095e+02	9.858583e+01	6.176104e+01	607	1.528948e-01	0	
6.186278e+01	608	5.134718e+02	7.542559e+01	6.186278e+01	608	1.280793e-01	0	
6.196453e+01	609	5.080498e+02	8.045569e+01	6.196453e+01	609	1.367119e-01	0	
6.206628e+01	610	5.070117e+02	7.896140e+01	6.206628e+01	610	1.347526e-01	0	
6.216803e+01	611	5.257228e+02	6.647368e+01	6.216803e+01	611	1.122494e-01	0	
6.226978e+01	612	5.468939e+02	5.885099e+01	6.226978e+01	612	9.715474e-02	0	
6.237152e+01	613	5.392804e+02	6.546896e+01	6.237152e+01	613	1.082580e-01	0	
6.247327e+01	614	5.063446e+02	7.478380e+01	6.247327e+01	614	1.286872e-01	0	
6.257502e+01	615	5.298230e+02	5.650149e+01	6.257502e+01	615	9.636556e-02	0	
6.267677e+01	616	5.522842e+02	6.992849e+01	6.267677e+01	616	1.123868e-01	0	
6.277852e+01	617	5.212791e+02	7.552429e+01	6.277852e+01	617	1.265480e-01	0	
6.288026e+01	618	5.489594e+02	7.922468e+01	6.288026e+01	618	1.261170e-01	0	
6.298201e+01	619	5.413329e+02	6.796080e+01	6.298201e+01	619	1.115403e-01	0	
6.308376e+01	620	5.228097e+02	6.701510e+01	6.308376e+01	620	1.136187e-01	0	
6.318551e+01	621	4.750464e+02	1.204999e+02	6.318551e+01	621	2.023351e-01	0	
6.328726e+01	622	5.473358e+02	9.661401e+01	6.328726e+01	622	1.500334e-01	0	
6.338900e+01	623	5.213906e+02	9.061467e+01	6.338900e+01	623	1.480619e-01	0	
6.349075e+01	624	5.938099e+02	8.496627e+01	6.349075e+01	624	1.251757e-01	0	
6.359250e+01	625	5.617086e+02	6.708955e+01	6.359250e+01	625	1.066949e-01	0	
6.369425e+01	626	4.930671e+02	7.734365e+01	6.369425e+01	626	1.355929e-01	0	
6.379600e+01	627	5.241319e+02	7.563111e+01	6.379600e+01	627	1.261017e-01	0	
6.389774e+01	628	5.431333e+02	9.531928e+01	6.389774e+01	628	1.492974e-01	0	
6.399949e+01	629	4.930662e+02	7.734333e+01	6.399949e+01	629	1.355926e-01	0	
6.410124e+01	630	5.229800e+02	9.917285e+01	6.410124e+01	630	1.594027e-01	0	
6.420299e+01	631	5.226187e+02	4.025703e+01	6.420299e+01	631	7.152028e-02	0	
6.430474e+01	632	5.147201e+02	3.279541e+01	6.430474e+01	632	5.989860e-02	0	
6.440648e+01	633	5.128883e+02	4.423823e+01	6.440648e+01	633	7.940428e-02	0	
6.450823e+01	634	5.213861e+02	4.476900e+01	6.450823e+01	634	7.907550e-02	0	
6.460998e+01	635	5.341225e+02	3.515923e+01	6.460998e+01	635	6.176069e-02	0	
6.471173e+01	636	5.578220e+02	3.022463e+01	6.471173e+01	636	5.139836e-02	0	
6.481348e+01	637	5.300648e+02	4.661465e+01	6.481348e+01	637	8.083286e-02	0	
6.491522e+01	638	4.598069e+02	5.841955e+01	6.491522e+01	638	1.127298e-01	0	
6.501697e+01	639	4.942098e+02	1.950703e+01	6.501697e+01	639	3.797234e-02	0	
6.511872e+01	640	5.066693e+02	2.585000e+01	6.511872e+01	640	4.854284e-02	0	
6.522047e+01	641	5.130173e+02	2.176851e+01	6.522047e+01	641	4.070510e-02	0	
6.532222e+01	642	4.924246e+02	3.186713e+01	6.532222e+01	642	6.078129e-02	0	
6.542396e+01	643	4.889395e+02	1.122510e+01	6.542396e+01	643	2.244281e-02	0	
6.552571e+01	644	5.161588e+02	3.027312e+01	6.552571e+01	644	5.540145e-02	0	
6.562746e+01	645	5.230506e+02	3.034888e+00	6.562746e+01	645	5.768811e-03	0	
6.572921e+01	646	5.039587e+02	3.393992e+01	6.572921e+01	646	6.309724e-02	0	
6.583096e+01	647	5.617956e+02	5.127040e+00	6.583096e+01	647	9.043632e-03	0	
6.593270e+01	648	4.774775e+02	1.549185e+01	6.593270e+01	648	3.142558e-02	0	
6.603445e+01	649	4.952629e+02	3.348073e+01	6.603445e+01	649	6.332129e-02	0	
6.613620e+01	650	4.983965e+02	1.944712e+01	6.613620e+01	650	3.755404e-02	0	
6.623795e+01	651	5.132984e+02	3.619467e+01	6.623795e+01	651	6.586920e-02	0	
6.633970e+01	652	5.139006e+02	3.463796e+01	6.633970e+01	652	6.314590e-02	0	
6.644144e+01	653	4.918895e+02	2.006398e+01	6.644144e+01	653	3.919102e-02	0	
6.654319e+01	654	5.256565e+02	1.426470e+01	6.654319e+01	654	2.641997e-02	0	
6.664494e+01	655	4.865586e+02	1.361848e+01	6.664494e+01	655	2.722732e-02	0	
6.674669e+01	656	4.978691e+02	4.565238e+00	6.674669e+01	656	9.086238e-03	0	
6.684844e+01	657	5.259959e+02	1.955365e+01	6.684844e+01	657	3.584212e-02	0	
6.695018e+01	658	5.083347e+02	1.199442e+01	6.695018e+01	658	2.305160e-02	0	
6.705193e+01	659	4.604669e+02	3.539598e+01	6.705193e+01	659	7.138260e-02	0	
6.715368e+01	660	4.898076e+02	2.033174e+01	6.715368e+01	660	3.985527e-02	0	
6.725543e+01	661	5.308015e+02	1.803467e+01	6.725543e+01	661	3.285984e-02	0	
6.735718e+01	662	4.931015e+02	1.835852e+01	6.735718e+01	662	3.589434e-02	0	
6.745892e+01	663	5.319628e+02	2.490890e+01	6.745892e+01	663	4.473005e-02	0	
6.756067e+01	664	4.991681e+02	7.227246e+00	6.756067e+01	664	1.427194e-02	0	
6.766242e+01	665	5.531249e+02	3.554713e+01	6.766242e+01	665	6.038529e-02	0	
6.776417e+01	666	5.104171e+02	3.092708e+01	6.776417e+01	666	5.713016e-02	0	
6.786592e+01	667	5.176850e+02	1.410270e+01	6.786592e+01	667	2.651942e-02	0	
6.796766e+01	668	5.035334e+02	3.078310e+01	6.796766e+01	668	5.761211e-02	0	
6.806941e+01	669	5.459032e+02	4.659933e+01	6.806941e+01	669	7.864832e-02	0	
6.817116e+01	670	5.511714e+02	3.470773e+01	6.817116e+01	670	5.924043e-02	0	
6.827291e+01	671	5.226987e+02	2.532696e+01	6.827291e+01	671	4.621492e-02	0	
6.837466e+01	672	4.895213e+02	2.653082e+01	6.837466e+01	672	5.141112e-02	0	
6.847640e+01	673	5.103628e+02	3.349360e+01	6.847640e+01	673	6.158537e-02	0	
6.857815e+01	674	5.110273e+02	3.237758e+01	6.857815e+01	674	5.958279e-02	0	
6.867990e+01	675	4.829760e+02	2.551813e+01	6.867990e+01	675	5.018373e-02	0	
6.878165e+01	676	5.082337e+02	4.072027e+01	6.878165e+01	676	7.417793e-02	0	
6.888340e+01	677	4.803636e+02	4.661881e+01	6.888340e+01	677	8.846369e-02	0	
6.898514e+01	678	5.010596e+02	4.590786e+01	6.898514e+01	678	8.393161e-02	0	
6.908689e+01	679	5.006620e+02	3.470200e+01	6.908689e+01	679	6.481945e-02	0	
6.918864e+01	680	4.925431e+02	5.809755e+01	6.918864e+01	680	1.055090e-01	0	
6.929039e+01	681	4.943991e+02	3.344775e+01	6.929039e+01	681	6.336639e-02	0	
6.939214e+01	682	4.910346e+02	3.290804e+01	6.939214e+01	682	6.280848e-02	0	
6.949388e+01	683	5.234942e+02	2.718865e+01	6.949388e+01	683	4.937261e-02	0	
6.959563e+01	684	5.028161e+02	4.421327e+01	6.959563e+01	684	8.082431e-02	0	
6.969738e+01	685	5.105283e+02	5.276658e+01	6.969738e+01	685	9.367488e-02	0	
6.979913e+01	686	5.158618e+02	1.035730e+00	6.979913e+01	686	2.003743e-03	0	
6.990088e+01	687	4.652530e+02	3.582401e+01	6.990088e+01	687	7.149402e-02	0	
7.000262e+01	688	4.976163e+02	4.339154e+01	7.000262e+01	688	8.020501e-02	0	
7.010437e+01	689	5.276302e+02	4.103114e+01	7.010437e+01	689	7.215391e-02	0	
7.020612e+01	690	4.876942e+02	4.063067e+01	7.020612e+01	690	7.690471e-02	0	
7.030787e+01	691	4.972296e+02	3.632947e+01	7.030787e+01	691	6.808894e-02	0	
7.040962e+01	692	5.053450e+02	5.695193e+01	7.040962e+01	692	1.012844e-01	0	
7.051136e+01	693	5.441301e+02	6.719607e+01	7.051136e+01	693	1.099185e-01	0	
7.061311e+01	694	5.282581e+02	3.752284e+01	7.061311e+01	694	6.632044e-02	0	
7.071486e+01	695	5.380978e+02	2.744322e+01	7.071486e+01	695	4.852560e-02	0	
7.081661e+01	696	5.011000e+02	6.826863e+01	7.081661e+01	696	1.199023e-01	0	
7.091836e+01	697	5.269931e+02	2.523740e+01	7.091836e+01	697	4.570084e-02	0	
7.102010e+01	698	5.531770e+02	2.339061e+01	7.102010e+01	698	4.056872e-02	0	
7.112185e+01	699	5.514678e+02	1.618460e+01	7.112185e+01	699	2.851146e-02	0	
7.122360e+01	700	4.911642e+02	2.423705e+01	7.122360e+01	700	4.702559e-02	0	
7.132535e+01	701	5.397955e+02	5.361556e+00	7.132535e+01	701	9.834883e-03	0	
7.142710e+01	702	5.396964e+02	3.145693e+01	7.142710e+01	702	5.507616e-02	0	
7.152884e+01	703	5.874528e+02	1.525654e+01	7.152884e+01	703	2.531326e-02	0	
7.163059e+01	704	5.353918e+02	2.133104e+01	7.163059e+01	704	3.831537e-02	0	
7.173234e+01	705	5.505278e+02	2.116561e+01	7.173234e+01	705	3.702266e-02	0	
7.183409e+01	706	5.352955e+02	7.476733e+01	7.183409e+01	706	1.225568e-01	0	
7.193584e+01	707	4.888626e+02	9.173365e+01	7.193584e+01	707	1.579990e-01	0	
7.203758e+01	708	5.454236e+02	6.637981e+01	7.203758e+01	708	1.084986e-01	0	
7.213933e+01	709	5.408047e+02	6.249681e+01	7.213933e+01	709	1.035913e-01	0	
7.224108e+01	710	4.886357e+02	9.168273e+01	7.224108e+01	710	1.579869e-01	0	
7.234283e+01	711	5.715310e+02	5.893094e+01	7.234283e+01	711	9.347264e-02	0	
7.244458e+01	712	5.418209e+02	6.737655e+01	7.244458e+01	712	1.105989e-01	0	
7.254632e+01	713	5.514113e+02	5.085078e+01	7.254632e+01	713	8.443298e-02	0	
7.264807e+01	714	4.598062e+02	2.248794e+01	7.264807e+01	714	4.662702e-02	0	
7.274982e+01	715	4.959595e+02	4.115917e+01	7.274982e+01	715	7.662956e-02	0	
7.285157e+01	716	5.282692e+02	2.954145e+01	7.285157e+01	716	5.295964e-02	0	
7.295332e+01	717	4.977689e+02	6.637194e+01	7.295332e+01	717	1.176514e-01	0	
7.305506e+01	718	5.304228e+02	5.330328e+01	7.305506e+01	718	9.131557e-02	0	
7.315681e+01	719	4.852196e+02	5.481659e+01	7.315681e+01	719	1.015054e-01	0	
7.325856e+01	720	5.198764e+02	5.453285e+01	7.325856e+01	720	9.493728e-02	0	
7.336031e+01	721	5.134724e+02	5.730394e+01	7.336031e+01	721	1.003965e-01	0	
7.346206e+01	722	5.477630e+02	6.828054e+01	7.346206e+01	722	1.108372e-01	0	
7.356380e+01	723	5.241065e+02	5.904205e+01	7.356380e+01	723	1.012470e-01	0	
7.366555e+01	724	5.197170e+02	5.230325e+01	7.366555e+01	724	9.143601e-02	0	
7.376730e+01	725	5.332301e+02	4.331093e+01	7.376730e+01	725	7.512203e-02	0	
7.386905e+01	726	5.238571e+02	1.108073e+01	7.386905e+01	726	2.071405e-02	0	
7.397080e+01	727	4.986786e+02	1.921061e+01	7.397080e+01	727	3.709405e-02	0	
7.407254e+01	728	5.165253e+02	1.160376e+01	7.407254e+01	728	2.197145e-02	0	
7.417429e+01	729	5.535475e+02	6.508409e+00	7.417429e+01	729	1.162100e-02	0	
7.427604e+01	730	5.195055e+02	3.573960e+01	7.427604e+01	730	6.436725e-02	0	
7.437779e+01	731	5.354381e+02	3.655119e+01	7.437779e+01	731	6.390188e-02	0	
7.447954e+01	732	5.116641e+02	2.004594e+01	7.447954e+01	732	3.770089e-02	0	
7.458128e+01	733	4.979656e+02	2.435352e+01	7.458128e+01	733	4.662575e-02	0	
7.468303e+01	734	4.880442e+02	1.566600e+01	7.468303e+01	734	3.110122e-02	0	
7.478478e+01	735	5.267848e+02	4.580221e+01	7.478478e+01	735	7.999170e-02	0	
7.488653e+01	736	4.869925e+02	1.675609e+01	7.488653e+01	736	3.326280e-02	0	
7.498828e+01	737	5.270156e+02	8.890590e+00	7.498828e+01	737	1.658983e-02	0	
7.509002e+01	738	4.873756e+02	6.027528e+00	7.509002e+01	738	1.221623e-02	0	
7.519177e+01	739	4.951061e+02	2.020065e+01	7.519177e+01	739	3.920121e-02	0	
7.529352e+01	740	5.171975e+02	3.322724e+01	7.529352e+01	740	6.036655e-02	0	
7.539527e+01	741	4.889825e+02	7.192200e+00	7.539527e+01	741	1.449530e-02	0	
7.549702e+01	742	5.157098e+02	3.255253e+01	7.549702e+01	742	5.937400e-02	0	
7.559876e+01	743	5.226944e+02	2.305594e+01	7.559876e+01	743	4.224631e-02	0	
7.570051e+01	744	5.163247e+02	3.013714e+01	7.570051e+01	744	5.514958e-02	0	
7.580226e+01	745	5.046960e+02	3.829712e+01	7.580226e+01	745	7.052966e-02	0	
7.590401e+01	746	5.607428e+02	2.255183e+01	7.590401e+01	746	3.866285e-02	0	
7.600576e+01	747	4.990766e+02	4.847995e+01	7.600576e+01	747	8.853871e-02	0	
7.610750e+01	748	5.308015e+02	4.137467e+01	7.610750e+01	748	7.231107e-02	0	
7.620925e+01	749	5.203322e+02	4.169798e+01	7.620925e+01	749	7.419171e-02	0	
7.631100e+01	750	4.986461e+02	4.816431e+01	7.631100e+01	750	8.808228e-02	0	
7.641275e+01	751	5.564324e+02	5.527770e+01	7.641275e+01	751	9.036584e-02	0	
7.651450e+01	752	5.233115e+02	6.160467e+01	7.651450e+01	752	1.053222e-01	0	
7.661624e+01	753	4.910812e+02	5.199848e+01	7.661624e+01	753	9.574742e-02	0	
7.671799e+01	754	5.305813e+02	4.384495e+01	7.671799e+01	754	7.632825e-02	0	
7.681974e+01	755	5.523438e+02	5.974516e+01	7.681974e+01	755	9.760862e-02	0	
7.692149e+01	756	5.462741e+02	5.737494e+01	7.692149e+01	756	9.504685e-02	0	
7.702324e+01	757	5.350668e+02	4.047822e+01	7.702324e+01	757	7.033024e-02	0	
7.712498e+01	758	5.332818e+02	2.986214e+01	7.712498e+01	758	5.302754e-02	0	
7.722673e+01	759	5.101873e+02	1.398604e+01	7.722673e+01	759	2.668209e-02	0	
7.732848e+01	760	5.187306e+02	4.982175e+01	7.732848e+01	760	8.762913e-02	0	
7.743023e+01	761	5.463165e+02	5.737967e+01	7.743023e+01	761	9.504727e-02	0	
7.753198e+01	762	5.218172e+02	5.823809e+01	7.753198e+01	762	1.004009e-01	0	
7.763372e+01	763	5.805386e+02	4.914540e+01	7.763372e+01	763	7.804772e-02	0	
7.773547e+01	764	5.108890e+02	6.396286e+01	7.773547e+01	764	1.112684e-01	0	
7.783722e+01	765	5.525995e+02	5.272085e+01	7.783722e+01	765	8.709578e-02	0	
7.793897e+01	766	5.065372e+02	6.425042e+01	7.793897e+01	766	1.125645e-01	0	
7.804072e+01	767	5.585502e+02	4.817917e+01	7.804072e+01	767	7.940801e-02	0	
7.814246e+01	768	5.272069e+02	6.124365e+01	7.814246e+01	768	1.040761e-01	0	
7.824421e+01	769	5.153397e+02	5.586809e+01	7.824421e+01	769	9.780695e-02	0	
7.834596e+01	770	5.243003e+02	5.571776e+01	7.834596e+01	770	9.606211e-02	0	
7.844771e+01	771	5.380727e+02	4.104717e+01	7.844771e+01	771	7.087854e-02	0	
7.854946e+01	772	5.196319e+02	5.892986e+01	7.854946e+01	772	1.018558e-01	0	
7.865120e+01	773	5.527482e+02	5.872135e+01	7.865120e+01	773	9.603315e-02	0	
7.875295e+01	774	5.368132e+02	1.485973e+01	7.875295e+01	774	2.693576e-02	0	
7.885470e+01	775	5.290300e+02	4.602567e+01	7.885470e+01	775	8.003689e-02	0	
7.895645e+01	776	5.311666e+02	4.416767e+01	7.895645e+01	776	7.676871e-02	0	
7.905820e+01	777	5.320215e+02	5.486266e+01	7.905820e+01	777	9.348124e-02	0	
7.915994e+01	778	5.366952e+02	5.625207e+01	7.915994e+01	778	9.486859e-02	0	
7.926169e+01	779	5.357414e+02	4.497150e+01	7.926169e+01	779	7.744188e-02	0	
7.936344e+01	780	5.369107e+02	3.345671e+01	7.936344e+01	780	5.865817e-02	0	
7.946519e+01	781	4.983772e+02	4.952762e+01	7.946519e+01	781	9.039457e-02	0	
7.956694e+01	782	5.504682e+02	5.016767e+01	7.956694e+01	782	8.352427e-02	0	
7.966868e+01	783	5.537277e+02	4.055975e+01	7.966868e+01	783	6.824938e-02	0	
7.977043e+01	784	5.053390e+02	1.406370e+01	7.977043e+01	784	2.707668e-02	0	
7.987218e+01	785	5.305565e+02	4.286377e+01	7.987218e+01	785	7.475105e-02	0	
7.997393e+01	786	5.715701e+02	7.297529e+01	7.997393e+01	786	1.132198e-01	0	
8.007568e+01	787	5.140190e+02	5.246238e+01	8.007568e+01	787	9.261095e-02	0	
8.017742e+01	788	5.745286e+02	9.161382e+01	8.017742e+01	788	1.375289e-01	0	
8.027917e+01	789	5.571077e+02	6.897250e+01	8.027917e+01	789	1.101656e-01	0	
8.038092e+01	790	6.256373e+02	5.809313e+01	8.038092e+01	790	8.496496e-02	0	
8.048267e+01	791	5.741313e+02	8.882753e+01	8.048267e+01	791	1.339865e-01	0	
8.058442e+01	792	5.259659e+02	1.073985e+02	8.058442e+01	792	1.695683e-01	0	
8.068616e+01	793	4.904625e+02	5.016667e+01	8.068616e+01	793	9.279312e-02	0	
8.078791e+01	794	5.069471e+02	5.674743e+01	8.078791e+01	794	1.006705e-01	0	
8.088966e+01	795	5.077609e+02	6.034200e+01	8.088966e+01	795	1.062167e-01	0	
8.099141e+01	796	5.346053e+02	5.048702e+01	8.099141e+01	796	8.628898e-02	0	
8.109316e+01	797	4.988172e+02	4.223783e+01	8.109316e+01	797	7.806568e-02	0	
8.119490e+01	798	5.141898e+02	3.249436e+01	8.119490e+01	798	5.943900e-02	0	
8.129665e+01	799	5.054101e+02	3.160719e+01	8.129665e+01	799	5.885693e-02	0	
8.139840e+01	800	4.997718e+02	9.018396e+01	8.139840e+01	800	1.528656e-01	0	
8.150015e+01	801	5.156377e+02	3.319958e+01	8.150015e+01	801	6.049075e-02	0	
8.160190e+01	802	5.323074e+02	3.227751e+01	8.160190e+01	802	5.717034e-02	0	
8.170364e+01	803	5.131573e+02	4.235023e+01	8.170364e+01	803	7.623700e-02	0	
8.180539e+01	804	4.927936e+02	4.165331e+01	8.180539e+01	804	7.793723e-02	0	
8.190714e+01	805	5.599272e+02	3.231357e+01	8.190714e+01	805	5.456154e-02	0	
8.200889e+01	806	5.530516e+02	3.013845e+01	8.200889e+01	806	5.167861e-02	0	
8.211064e+01	807	5.272221e+02	2.960513e+01	8.211064e+01	807	5.316753e-02	0	
8.221238e+01	808	5.439588e+02	2.967522e+01	8.221238e+01	808	5.173197e-02	0	
8.231413e+01	809	4.501595e+02	5.007341e+01	8.231413e+01	809	1.001002e-01	0	
8.241588e+01	810	5.144537e+02	3.930314e+01	8.241588e+01	810	7.097545e-02	0	
8.251763e+01	811	4.390930e+02	4.935918e+01	8.251763e+01	811	1.010522e-01	0	
8.261938e+01	812	5.117195e+02	4.265433e+01	8.261938e+01	812	7.694146e-02	0	
8.272112e+01	813	4.848232e+02	5.497833e+01	8.272112e+01	813	1.018492e-01	0	
8.282287e+01	814	4.877741e+02	6.032425e+01	8.282287e+01	814	1.100610e-01	0	
8.292462e+01	815	4.934507e+02	7.697901e+01	8.292462e+01	815	1.349492e-01	0	
8.302637e+01	816	4.884949e+02	4.526679e+01	8.302637e+01	816	8.480712e-02	0	
8.312812e+01	817	4.877441e+02	7.345972e+01	8.312812e+01	817	1.308967e-01	0	
8.322986e+01	818	4.808681e+02	7.677945e+01	8.322986e+01	818	1.376845e-01	0	
8.333161e+01	819	5.091837e+02	9.040210e+01	8.333161e+01	819	1.507743e-01	0	
8.343336e+01	820	4.835141e+02	6.785379e+01	8.343336e+01	820	1.230645e-01	0	
8.353511e+01	821	4.762138e+02	5.502592e+01	8.353511e+01	821	1.035802e-01	0	
8.363686e+01	822	4.761126e+02	5.999911e+01	8.363686e+01	822	1.119153e-01	0	
8.373860e+01	823	5.047478e+02	7.661874e+01	8.373860e+01	823	1.317908e-01	0	
8.384035e+01	824	4.986741e+02	8.070904e+01	8.384035e+01	824	1.393017e-01	0	
8.394210e+01	825	5.227052e+02	7.424433e+01	8.394210e+01	825	1.243729e-01	0	
8.404385e+01	826	4.977529e+02	9.247145e+01	8.404385e+01	826	1.566717e-01	0	
8.414560e+01	827	4.986302e+02	9.325931e+01	8.414560e+01	827	1.575620e-01	0	
8.424734e+01	828	5.123530e+02	7.816530e+01	8.424734e+01	828	1.323673e-01	0	
8.434909e+01	829	5.304178e+02	3.197599e+01	8.434909e+01	829	5.685694e-02	0	
8.445084e+01	830	4.950348e+02	7.685607e+01	8.445084e+01	830	1.343894e-01	0	
8.455259e+01	831	5.350266e+02	2.059501e+01	8.455259e+01	831	3.706661e-02	0	
8.465434e+01	832	5.434252e+02	3.986636e+01	8.465434e+01	832	6.834723e-02	0	
8.475608e+01	833	5.243923e+02	7.254280e+01	8.475608e+01	833	1.215254e-01	0	
8.485783e+01	834	5.779649e+02	2.894209e+01	8.485783e+01	834	4.768785e-02	0	
8.495958e+01	835	4.867991e+02	-1.639343e+01	8.495958e+01	835	-3.484956e-02	0	
8.506133e+01	836	5.384977e+02	2.035488e+01	8.506133e+01	836	3.642263e-02	0	
8.516308e+01	837	5.292147e+02	3.459766e+01	8.516308e+01	837	6.136378e-02	0	
8.526482e+01	838	4.976954e+02	7.268823e+01	8.526482e+01	838	1.274374e-01	0	
8.536657e+01	839	5.567384e+02	2.639062e+01	8.536657e+01	839	4.525691e-02	0	
8.546832e+01	840	5.498414e+02	4.459990e+01	8.546832e+01	840	7.502827e-02	0	
8.557007e+01	841	4.797447e+02	5.433483e+01	8.557007e+01	841	1.017355e-01	0	
8.567182e+01	842	5.404755e+02	6.283525e+01	8.567182e+01	842	1.041507e-01	0	
8.577356e+01	843	4.777023e+02	6.364207e+01	8.577356e+01	843	1.175630e-01	0	
8.587531e+01	844	5.136373e+02	6.770608e+01	8.587531e+01	844	1.164649e-01	0	
8.597706e+01	845	4.858041e+02	8.510691e+01	8.597706e+01	845	1.490721e-01	0	
8.607881e+01	846	4.890060e+02	1.605508e+01	8.607881e+01	846	3.178839e-02	0	
8.618056e+01	847	5.198162e+02	-4.966665e+00	8.618056e+01	847	-9.646828e-03	0	
8.628230e+01	848	4.891696e+02	2.892750e+01	8.628230e+01	848	5.583413e-02	0	
8.638405e+01	849	4.967755e+02	3.900667e+00	8.638405e+01	849	7.790798e-03	0	
8.648580e+01	850	4.725222e+02	7.756733e+01	8.648580e+01	850	1.410086e-01	0	
8.658755e+01	851	4.762196e+02	5.334881e+01	8.658755e+01	851	1.007402e-01	0	
8.668930e+01	852	4.764464e+02	4.796642e+01	8.668930e+01	852	9.146691e-02	0	
8.679104e+01	853	5.363910e+02	1.633822e+01	8.679104e+01	853	2.955918e-02	0	
8.689279e+01	854	5.256434e+02	5.780241e+00	8.689279e+01	854	1.087690e-02	0	
8.699454e+01	855	5.041308e+02	1.109003e+01	8.699454e+01	855	2.152481e-02	0	
8.709629e+01	856	5.380300e+02	2.904178e+01	8.709629e+01	856	5.121359e-02	0	
8.719804e+01	857	5.089569e+02	3.038372e+01	8.719804e+01	857	5.633494e-02	0	
8.729978e+01	858	5.415174e+02	1.643321e+01	8.729978e+01	858	2.945280e-02	0	
8.740153e+01	859	5.254301e+02	4.439288e+00	8.740153e+01	859	8.378080e-03	0	
8.750328e+01	860	5.000390e+02	5.110178e+00	8.750328e+01	860	1.011618e-02	0	
8.760503e+01	861	4.800035e+02	7.160243e+01	8.760503e+01	861	1.298072e-01	0	
8.770678e+01	862	4.802619e+02	4.814099e+01	8.770678e+01	862	9.110660e-02	0	
8.780852e+01	863	5.425723e+02	6.473917e+01	8.780852e+01	863	1.065996e-01	0	
8.791027e+01	864	5.002204e+02	3.174757e+01	8.791027e+01	864	5.967948e-02	0	
8.801202e+01	865	5.102553e+02	1.647512e+01	8.801202e+01	865	3.127809e-02	0	
8.811377e+01	866	5.100613e+02	3.961148e+01	8.811377e+01	866	7.206375e-02	0	
8.821552e+01	867	5.120438e+02	4.565963e+01	8.821552e+01	867	8.187081e-02	0	
8.831726e+01	868	5.386246e+02	3.151029e+01	8.831726e+01	868	5.526813e-02	0	
8.841901e+01	869	4.840279e+02	2.544024e+01	8.841901e+01	869	4.993490e-02	0	
8.852076e+01	870	4.996756e+02	1.181888e+01	8.852076e+01	870	2.310656e-02	0	
8.862251e+01	871	5.270862e+02	4.347416e+01	8.862251e+01	871	7.619555e-02	0	
8.872426e+01	872	5.053946e+02	1.957775e+01	8.872426e+01	872	3.729292e-02	0	
8.882600e+01	873	4.640730e+02	5.995641e+01	8.882600e+01	873	1.144142e-01	0	
8.892775e+01	874	5.385608e+02	8.390690e+01	8.892775e+01	874	1.347972e-01	0	
8.902950e+01	875	4.573290e+02	7.744115e+01	8.902950e+01	875	1.448120e-01	0	
8.913125e+01	876	5.106075e+02	8.780115e+00	8.913125e+01	876	1.690474e-02	0	
8.923300e+01	877	5.473131e+02	4.250689e+01	8.923300e+01	877	7.206756e-02	0	
8.933474e+01	878	5.032309e+02	5.404670e+01	8.933474e+01	878	9.698344e-02	0	
8.943649e+01	879	4.984019e+02	6.386425e+01	8.943649e+01	879	1.135837e-01	0	
8.953824e+01	880	4.781809e+02	5.021686e+01	8.953824e+01	880	9.503610e-02	0	
8.963999e+01	881	5.552325e+02	3.931665e+01	8.963999e+01	881	6.612851e-02	0	
8.974174e+01	882	5.214538e+02	5.431521e+01	8.974174e+01	882	9.433507e-02	0	
8.984348e+01	883	5.145732e+02	4.577633e+01	8.984348e+01	883	8.169246e-02	0	
8.994523e+01	884	5.111934e+02	6.573812e+01	8.994523e+01	884	1.139444e-01	0	
9.004698e+01	885	5.200882e+02	5.576943e+01	9.004698e+01	885	9.684586e-02	0	
9.014873e+01	886	4.842729e+02	7.312911e+01	9.014873e+01	886	1.311964e-01	0	
9.025048e+01	887	4.811483e+02	4.836491e+01	9.025048e+01	887	9.133844e-02	0	
9.035222e+01	888	4.981071e+02	6.904025e+01	9.035222e+01	888	1.217325e-01	0	
9.045397e+01	889	4.907542e+02	7.781769e+01	9.045397e+01	889	1.368652e-01	0	
9.055572e+01	890	4.529496e+02	5.578904e+01	9.055572e+01	890	1.096615e-01	0	
9.065747e+01	891	4.648194e+02	4.783319e+01	9.065747e+01	891	9.330527e-02	0	
9.075922e+01	892	5.132011e+02	4.042809e+01	9.075922e+01	892	7.302377e-02	0	
9.086096e+01	893	5.074052e+02	1.168841e+02	9.086096e+01	893	1.872275e-01	0	
9.096271e+01	894	5.378871e+02	1.072302e+02	9.096271e+01	894	1.662181e-01	0	
9.106446e+01	895	4.891020e+02	6.693804e+01	9.106446e+01	895	1.203835e-01	0	
9.116621e+01	896	5.153722e+02	1.109874e+02	9.116621e+01	896	1.771944e-01	0	
9.126796e+01	897	5.377594e+02	1.069859e+02	9.126796e+01	897	1.659351e-01	0	
9.136970e+01	898	5.463236e+02	4.311508e+01	9.136970e+01	898	7.314600e-02	0	
9.147145e+01	899	5.394514e+02	4.396588e+01	9.147145e+01	899	7.535924e-02	0	
9.157320e+01	900	5.118412e+02	4.849190e+01	9.157320e+01	900	8.654120e-02	0	
9.167495e+01	901	5.309250e+02	3.607761e+01	9.167495e+01	901	6.362865e-02	0	
9.177670e+01	902	5.464637e+02	1.819390e+01	9.177670e+01	902	3.222112e-02	0	
9.187844e+01	903	5.795221e+02	-2.232608e+00	9.187844e+01	903	-3.867398e-03	0	
9.198019e+01	904	4.981269e+02	6.412885e+01	9.198019e+01	904	1.140564e-01	0	
9.208194e+01	905	5.450591e+02	3.650335e+01	9.208194e+01	905	6.276772e-02	0	
9.218369e+01	906	4.947721e+02	7.795725e+01	9.218369e+01	906	1.361153e-01	0	
9.228544e+01	907	5.031696e+02	7.060620e+01	9.228544e+01	907	1.230554e-01	0	
9.238718e+01	908	5.032240e+02	6.698870e+01	9.238718e+01	908	1.174802e-01	0	
9.248893e+01	909	4.941999e+02	6.715435e+01	9.248893e+01	909	1.196292e-01	0	
9.259068e+01	910	5.087022e+02	5.879160e+01	9.259068e+01	910	1.035987e-01	0	
9.269243e+01	911	5.346677e+02	4.422837e+01	9.269243e+01	911	7.640123e-02	0	
9.279418e+01	912	5.305110e+02	5.122865e+01	9.279418e+01	912	8.806113e-02	0	
9.289592e+01	913	4.934474e+02	4.946980e+01	9.289592e+01	913	9.111850e-02	0	
9.299767e+01	914	5.269347e+02	4.387120e+01	9.299767e+01	914	7.685835e-02	0	
9.309942e+01	915	5.421447e+02	4.592001e+01	9.309942e+01	915	7.808666e-02	0	
9.320117e+01	916	5.439449e+02	4.943624e+01	9.320117e+01	916	8.331279e-02	0	
9.330292e+01	917	5.761338e+02	4.658898e+01	9.330292e+01	917	7.481496e-02	0	
9.340466e+01	918	5.313677e+02	5.583303e+01	9.340466e+01	918	9.508338e-02	0	
9.350641e+01	919	5.466878e+02	4.576780e+01	9.350641e+01	919	7.725102e-02	0	
9.360816e+01	920	5.420352e+02	4.715910e+01	9.360816e+01	920	8.003998e-02	0	
9.370991e+01	921	4.912343e+02	2.169579e+01	9.370991e+01	921	4.229775e-02	0	
9.381166e+01	922	5.626954e+02	5.068629e+01	9.381166e+01	922	8.263418e-02	0	
9.391340e+01	923	4.951720e+02	3.865159e+01	9.391340e+01	923	7.240517e-02	0	
9.401515e+01	924	4.910918e+02	1.999699e+01	9.401515e+01	924	3.912625e-02	0	
9.411690e+01	925	4.808664e+02	2.885826e+01	9.411690e+01	925	5.661539e-02	0	
9.421865e+01	926	4.387457e+02	2.972625e+01	9.421865e+01	926	6.345364e-02	0	
9.432040e+01	927	5.209108e+02	2.524820e+01	9.432040e+01	927	4.622866e-02	0	
9.442214e+01	928	5.040742e+02	2.989643e+01	9.442214e+01	928	5.598890e-02	0	
9.452389e+01	929	4.750739e+02	2.143058e+01	9.452389e+01	929	4.316291e-02	0	
9.462564e+01	930	5.262185e+02	6.750584e+01	9.462564e+01	930	1.136990e-01	0	
9.472739e+01	931	5.333795e+02	7.881615e+01	9.472739e+01	931	1.287434e-01	0	
9.482914e+01	932	5.449869e+02	9.751549e+01	9.482914e+01	932	1.517745e-01	0	
9.493088e+01	933	5.167234e+02	5.963219e+01	9.493088e+01	933	1.034642e-01	0	
9.503263e+01	934	5.155540e+02	6.787217e+01	9.503263e+01	934	1.163338e-01	0	
9.513438e+01	935	5.305752e+02	4.691317e+01	9.513438e+01	935	8.123656e-02	0	
9.523613e+01	936	5.136560e+02	4.494203e+01	9.523613e+01	936	8.045505e-02	0	
9.533788e+01	937	5.443037e+02	4.776503e+01	9.533788e+01	937	8.067481e-02	0	
9.543962e+01	938	5.167134e+02	5.963629e+01	9.543962e+01	938	1.034724e-01	0	
9.554137e+01	939	5.520902e+02	3.341534e+01	9.554137e+01	939	5.707092e-02	0	
9.564312e+01	940	4.822170e+02	2.651145e+01	9.564312e+01	940	5.211317e-02	0	
9.574487e+01	941	4.901047e+02	2.078548e+01	9.574487e+01	941	4.068483e-02	0	
9.584662e+01	942	5.410188e+02	4.739243e+01	9.584662e+01	942	8.054304e-02	0	
9.594836e+01	943	5.154703e+02	6.007744e+00	9.594836e+01	943	1.152061e-02	0	
9.605011e+01	944	5.323879e+02	3.817361e+01	9.605011e+01	944	6.690534e-02	0	
9.615186e+01	945	4.778009e+02	1.522210e+01	9.615186e+01	945	3.087503e-02	0	
9.625361e+01	946	5.342728e+02	5.940780e+01	9.625361e+01	946	1.000669e-01	0	
9.635536e+01	947	5.429077e+02	4.951460e+01	9.635536e+01	947	8.357991e-02	0	
9.645710e+01	948	4.966506e+02	2.556886e+01	9.645710e+01	948	4.896191e-02	0	
9.655885e+01	949	5.623309e+02	8.097200e+01	9.655885e+01	949	1.258692e-01	0	
9.666060e+01	950	5.415351e+02	7.921128e+01	9.666060e+01	950	1.276065e-01	0	
9.676235e+01	951	5.472793e+02	6.571343e+01	9.676235e+01	951	1.072010e-01	0	
9.686410e+01	952	5.622490e+02	8.086627e+01	9.686410e+01	952	1.257415e-01	0	
9.696584e+01	953	5.252375e+02	4.427872e+01	9.696584e+01	953	7.774795e-02	0	
9.706759e+01	954	5.221082e+02	6.416022e+01	9.706759e+01	954	1.094383e-01	0	
9.716934e+01	955	5.364259e+02	6.472665e+01	9.716934e+01	955	1.076709e-01	0	
