time at 532nm	frame at 532nm	I_1 at 532nm(counts)	I_2 at 532nm(counts)	time at 532nm	frame at 532nm	FRET_1>2	discr.FRET_1>2	
1.017480e-01	1	7.658016e+01	3.767918e+02	1.017480e-01	1	8.310876e-01	7.000000e-01	
2.034960e-01	2	7.658016e+01	3.767918e+02	2.034960e-01	2	8.310876e-01	7.000000e-01	
3.052440e-01	3	7.986055e+01	3.715274e+02	3.052440e-01	3	8.230778e-01	7.000000e-01	
4.069920e-01	4	9.041497e+01	3.794944e+02	4.069920e-01	4	8.075906e-01	7.000000e-01	
5.087400e-01	5	8.479796e+01	3.799991e+02	5.087400e-01	5	8.175592e-01	7.000000e-01	
6.104880e-01	6	8.141168e+01	3.808094e+02	6.104880e-01	6	8.238685e-01	7.000000e-01	
7.122360e-01	7	9.343639e+01	3.788036e+02	7.122360e-01	7	8.021421e-01	7.000000e-01	
8.139840e-01	8	9.992012e+01	3.668918e+02	8.139840e-01	8	7.859521e-01	7.000000e-01	
9.157320e-01	9	9.801976e+01	3.756363e+02	9.157320e-01	9	7.930571e-01	7.000000e-01	
1.017480e+00	10	8.688216e+01	3.814761e+02	1.017480e+00	10	8.144964e-01	7.000000e-01	
1.119228e+00	11	8.795465e+01	3.829956e+02	1.119228e+00	11	8.132400e-01	7.000000e-01	
1.220976e+00	12	8.293357e+01	3.956763e+02	1.220976e+00	12	8.267199e-01	7.000000e-01	
1.322724e+00	13	8.052209e+01	3.803346e+02	1.322724e+00	13	8.252774e-01	7.000000e-01	
1.424472e+00	14	1.281158e+02	3.875666e+02	1.424472e+00	14	7.515607e-01	7.000000e-01	
1.526220e+00	15	1.215224e+02	3.849681e+02	1.526220e+00	15	7.600697e-01	7.000000e-01	
1.627968e+00	16	1.280570e+02	3.978460e+02	1.627968e+00	16	7.565007e-01	7.000000e-01	
1.729716e+00	17	1.211994e+02	3.652947e+02	1.729716e+00	17	7.508718e-01	7.000000e-01	
1.831464e+00	18	1.269839e+02	3.926014e+02	1.831464e+00	18	7.556053e-01	7.000000e-01	
1.933212e+00	19	1.152885e+02	3.570144e+02	1.933212e+00	19	7.559014e-01	7.000000e-01	
2.034960e+00	20	1.136819e+02	3.712306e+02	2.034960e+00	20	7.655620e-01	7.000000e-01	
2.136708e+00	21	1.062111e+02	3.667878e+02	2.136708e+00	21	7.754517e-01	7.000000e-01	
2.238456e+00	22	1.228290e+02	3.835585e+02	2.238456e+00	22	7.574407e-01	7.000000e-01	
2.340204e+00	23	1.238310e+02	3.859162e+02	2.340204e+00	23	7.570737e-01	7.000000e-01	
2.441952e+00	24	1.084190e+02	3.640660e+02	2.441952e+00	24	7.705345e-01	7.000000e-01	
2.543700e+00	25	8.725743e+01	2.950628e+02	2.543700e+00	25	7.717687e-01	7.000000e-01	
2.645448e+00	26	1.176038e+02	3.084796e+02	2.645448e+00	26	7.239888e-01	7.000000e-01	
2.747196e+00	27	9.144139e+01	2.475815e+02	2.747196e+00	27	7.302796e-01	7.000000e-01	
2.848944e+00	28	8.349224e+01	2.957481e+02	2.848944e+00	28	7.798435e-01	7.000000e-01	
2.950692e+00	29	1.044597e+02	4.090573e+02	2.950692e+00	29	7.965799e-01	7.000000e-01	
3.052440e+00	30	1.028123e+02	3.465738e+02	3.052440e+00	30	7.712161e-01	7.000000e-01	
3.154188e+00	31	1.252559e+02	3.658949e+02	3.154188e+00	31	7.449747e-01	7.000000e-01	
3.255936e+00	32	1.223155e+02	3.906832e+02	3.255936e+00	32	7.615676e-01	7.000000e-01	
3.357684e+00	33	1.222857e+02	3.740200e+02	3.357684e+00	33	7.536081e-01	7.000000e-01	
3.459432e+00	34	1.025390e+02	3.680043e+02	3.459432e+00	34	7.820838e-01	7.000000e-01	
3.561180e+00	35	1.286758e+02	3.425883e+02	3.561180e+00	35	7.269561e-01	7.000000e-01	
3.662928e+00	36	1.174502e+02	3.863606e+02	3.662928e+00	36	7.668764e-01	7.000000e-01	
3.764676e+00	37	1.256160e+02	3.739099e+02	3.764676e+00	37	7.485296e-01	7.000000e-01	
3.866424e+00	38	1.368220e+02	3.403289e+02	3.866424e+00	38	7.132521e-01	7.000000e-01	
3.968172e+00	39	1.081389e+02	3.985544e+02	3.968172e+00	39	7.865792e-01	7.000000e-01	
4.069920e+00	40	1.294114e+02	3.537614e+02	4.069920e+00	40	7.321633e-01	7.000000e-01	
4.171668e+00	41	1.165576e+02	3.278682e+02	4.171668e+00	41	7.377344e-01	7.000000e-01	
4.273416e+00	42	1.158815e+02	4.177233e+02	4.273416e+00	42	7.828327e-01	7.000000e-01	
4.375164e+00	43	1.157185e+02	3.355500e+02	4.375164e+00	43	7.435706e-01	7.000000e-01	
4.476912e+00	44	1.182172e+02	3.738748e+02	4.476912e+00	44	7.597661e-01	7.000000e-01	
4.578660e+00	45	1.287368e+02	3.295430e+02	4.578660e+00	45	7.190869e-01	7.000000e-01	
4.680408e+00	46	1.158071e+02	3.536523e+02	4.680408e+00	46	7.533182e-01	7.000000e-01	
4.782156e+00	47	1.215761e+02	3.341859e+02	4.782156e+00	47	7.332465e-01	7.000000e-01	
4.883904e+00	48	1.275583e+02	3.338982e+02	4.883904e+00	48	7.235746e-01	7.000000e-01	
4.985652e+00	49	1.253926e+02	3.693529e+02	4.985652e+00	49	7.465513e-01	7.000000e-01	
5.087400e+00	50	1.150847e+02	3.325032e+02	5.087400e+00	50	7.428780e-01	7.000000e-01	
5.189148e+00	51	1.134849e+02	3.305009e+02	5.189148e+00	51	7.443952e-01	7.000000e-01	
5.290896e+00	52	1.444497e+02	3.414188e+02	5.290896e+00	52	7.026980e-01	7.000000e-01	
5.392644e+00	53	1.042765e+02	3.290530e+02	5.392644e+00	53	7.593598e-01	7.000000e-01	
5.494392e+00	54	1.254014e+02	3.700624e+02	5.494392e+00	54	7.469010e-01	7.000000e-01	
5.596140e+00	55	1.377670e+02	3.420436e+02	5.596140e+00	55	7.128721e-01	7.000000e-01	
5.697888e+00	56	8.923868e+01	3.438709e+02	5.697888e+00	56	7.939582e-01	7.000000e-01	
5.799636e+00	57	1.202485e+02	3.269640e+02	5.799636e+00	57	7.311155e-01	7.000000e-01	
5.901384e+00	58	9.138576e+01	3.471942e+02	5.901384e+00	58	7.916326e-01	7.000000e-01	
6.003132e+00	59	8.099931e+01	3.693442e+02	6.003132e+00	59	8.201388e-01	7.000000e-01	
6.104880e+00	60	1.197974e+02	3.720491e+02	6.104880e+00	60	7.564334e-01	7.000000e-01	
6.206628e+00	61	8.645067e+01	3.294266e+02	6.206628e+00	61	7.921246e-01	7.000000e-01	
6.308376e+00	62	9.269517e+01	3.670014e+02	6.308376e+00	62	7.983558e-01	7.000000e-01	
6.410124e+00	63	1.205132e+02	3.540050e+02	6.410124e+00	63	7.460304e-01	7.000000e-01	
6.511872e+00	64	1.147434e+02	3.520247e+02	6.511872e+00	64	7.541747e-01	7.000000e-01	
6.613620e+00	65	1.008453e+02	3.501248e+02	6.613620e+00	65	7.763814e-01	7.000000e-01	
6.715368e+00	66	1.226875e+02	3.399123e+02	6.715368e+00	66	7.347870e-01	7.000000e-01	
6.817116e+00	67	1.044225e+02	3.458611e+02	6.817116e+00	67	7.680962e-01	7.000000e-01	
6.918864e+00	68	1.120757e+02	3.391086e+02	6.918864e+00	68	7.515966e-01	7.000000e-01	
7.020612e+00	69	1.085301e+02	3.544300e+02	7.020612e+00	69	7.655735e-01	7.000000e-01	
7.122360e+00	70	1.189582e+02	3.141856e+02	7.122360e+00	70	7.253610e-01	7.000000e-01	
7.224108e+00	71	1.079308e+02	3.361605e+02	7.224108e+00	71	7.569626e-01	7.000000e-01	
7.325856e+00	72	1.222657e+02	3.561423e+02	7.325856e+00	72	7.444322e-01	7.000000e-01	
7.427604e+00	73	1.113845e+02	3.719784e+02	7.427604e+00	73	7.695634e-01	7.000000e-01	
7.529352e+00	74	1.127081e+02	2.631368e+02	7.529352e+00	74	7.001207e-01	7.000000e-01	
7.631100e+00	75	1.181354e+02	3.711392e+02	7.631100e+00	75	7.585499e-01	7.000000e-01	
7.732848e+00	76	1.185376e+02	3.657349e+02	7.732848e+00	76	7.552254e-01	7.000000e-01	
7.834596e+00	77	1.192696e+02	3.448847e+02	7.834596e+00	77	7.430389e-01	7.000000e-01	
7.936344e+00	78	1.290147e+02	3.603269e+02	7.936344e+00	78	7.363504e-01	7.000000e-01	
8.038092e+00	79	1.087937e+02	3.853645e+02	8.038092e+00	79	7.798403e-01	7.000000e-01	
8.139840e+00	80	1.301741e+02	3.503986e+02	8.139840e+00	80	7.291271e-01	7.000000e-01	
8.241588e+00	81	1.341067e+02	4.366553e+02	8.241588e+00	81	7.650392e-01	7.000000e-01	
8.343336e+00	82	1.465418e+02	3.141478e+02	8.343336e+00	82	6.819077e-01	7.000000e-01	
8.445084e+00	83	1.361812e+02	3.113175e+02	8.445084e+00	83	6.956836e-01	7.000000e-01	
8.546832e+00	84	1.231927e+02	2.876095e+02	8.546832e+00	84	7.001167e-01	7.000000e-01	
8.648580e+00	85	1.362078e+02	3.225654e+02	8.648580e+00	85	7.031043e-01	7.000000e-01	
8.750328e+00	86	1.365607e+02	2.991898e+02	8.750328e+00	86	6.866080e-01	7.000000e-01	
8.852076e+00	87	1.368319e+02	3.377634e+02	8.852076e+00	87	7.116872e-01	7.000000e-01	
8.953824e+00	88	1.365657e+02	3.265445e+02	8.953824e+00	88	7.051119e-01	7.000000e-01	
9.055572e+00	89	9.856806e+01	3.385624e+02	9.055572e+00	89	7.745111e-01	7.000000e-01	
9.157320e+00	90	1.072793e+02	3.111772e+02	9.157320e+00	90	7.436309e-01	7.000000e-01	
9.259068e+00	91	1.208651e+02	3.331037e+02	9.259068e+00	91	7.337590e-01	7.000000e-01	
9.360816e+00	92	1.278275e+02	3.316374e+02	9.360816e+00	92	7.217905e-01	7.000000e-01	
9.462564e+00	93	9.416017e+01	3.198974e+02	9.462564e+00	93	7.725916e-01	7.000000e-01	
9.564312e+00	94	1.255683e+02	2.847510e+02	9.564312e+00	94	6.939742e-01	7.000000e-01	
9.666060e+00	95	1.173197e+02	2.975019e+02	9.666060e+00	95	7.171803e-01	7.000000e-01	
9.767808e+00	96	1.167899e+02	3.217205e+02	9.767808e+00	96	7.336667e-01	7.000000e-01	
9.869556e+00	97	1.227444e+02	3.321370e+02	9.869556e+00	97	7.301618e-01	7.000000e-01	
9.971304e+00	98	9.940798e+01	3.192795e+02	9.971304e+00	98	7.625724e-01	7.000000e-01	
1.007305e+01	99	9.357257e+01	3.268597e+02	1.007305e+01	99	7.774372e-01	7.000000e-01	
1.017480e+01	100	1.324656e+02	2.773777e+02	1.017480e+01	100	6.767896e-01	7.000000e-01	
1.027655e+01	101	1.291300e+02	3.047920e+02	1.027655e+01	101	7.024120e-01	7.000000e-01	
1.037830e+01	102	1.032527e+02	3.485343e+02	1.037830e+01	102	7.714571e-01	7.000000e-01	
1.048004e+01	103	5.991202e+01	3.000569e+02	1.048004e+01	103	8.335634e-01	7.000000e-01	
1.058179e+01	104	1.007177e+02	3.414907e+02	1.058179e+01	104	7.722393e-01	7.000000e-01	
1.068354e+01	105	9.924470e+01	3.318833e+02	1.068354e+01	105	7.698022e-01	7.000000e-01	
1.078529e+01	106	9.906437e+01	3.058325e+02	1.078529e+01	106	7.553343e-01	7.000000e-01	
1.088704e+01	107	9.563467e+01	3.386293e+02	1.088704e+01	107	7.797776e-01	7.000000e-01	
1.098878e+01	108	1.364476e+02	3.776872e+02	1.098878e+01	108	7.346073e-01	7.000000e-01	
1.109053e+01	109	1.323248e+02	3.444430e+02	1.109053e+01	109	7.224544e-01	7.000000e-01	
1.119228e+01	110	1.363144e+02	3.439345e+02	1.119228e+01	110	7.161589e-01	7.000000e-01	
1.129403e+01	111	1.245104e+02	3.373706e+02	1.129403e+01	111	7.304275e-01	7.000000e-01	
1.139578e+01	112	1.597861e+02	3.805738e+02	1.139578e+01	112	7.042969e-01	7.000000e-01	
1.149752e+01	113	1.276063e+02	3.604891e+02	1.149752e+01	113	7.385628e-01	7.000000e-01	
1.159927e+01	114	1.076405e+02	3.659916e+02	1.159927e+01	114	7.727339e-01	7.000000e-01	
1.170102e+01	115	1.344841e+02	3.219451e+02	1.170102e+01	115	7.053561e-01	7.000000e-01	
1.180277e+01	116	1.272215e+02	3.964054e+02	1.180277e+01	116	7.570379e-01	7.000000e-01	
1.190452e+01	117	1.317440e+02	3.698002e+02	1.190452e+01	117	7.373233e-01	7.000000e-01	
1.200626e+01	118	1.248570e+02	3.420386e+02	1.200626e+01	118	7.325805e-01	7.000000e-01	
1.210801e+01	119	1.135827e+02	3.766592e+02	1.210801e+01	119	7.683129e-01	7.000000e-01	
1.220976e+01	120	1.170153e+02	3.496518e+02	1.220976e+01	120	7.492532e-01	7.000000e-01	
1.231151e+01	121	1.430319e+02	4.024037e+02	1.231151e+01	121	7.377657e-01	7.000000e-01	
1.241326e+01	122	1.113003e+02	3.753156e+02	1.241326e+01	122	7.712769e-01	7.000000e-01	
1.251500e+01	123	1.256811e+02	3.688191e+02	1.251500e+01	123	7.458422e-01	7.000000e-01	
1.261675e+01	124	1.474530e+02	4.236588e+02	1.261675e+01	124	7.418141e-01	7.000000e-01	
1.271850e+01	125	1.285000e+02	4.022074e+02	1.271850e+01	125	7.578703e-01	7.000000e-01	
1.282025e+01	126	1.110105e+02	3.336409e+02	1.282025e+01	126	7.503426e-01	7.000000e-01	
1.292200e+01	127	1.145615e+02	3.216145e+02	1.292200e+01	127	7.373503e-01	7.000000e-01	
1.302374e+01	128	1.465310e+02	4.095743e+02	1.302374e+01	128	7.365049e-01	7.000000e-01	
1.312549e+01	129	1.268439e+02	2.915374e+02	1.312549e+01	129	6.968223e-01	7.000000e-01	
1.322724e+01	130	1.240834e+02	2.876367e+02	1.322724e+01	130	6.986220e-01	7.000000e-01	
1.332899e+01	131	1.087818e+02	2.499259e+02	1.332899e+01	131	6.967397e-01	7.000000e-01	
1.343074e+01	132	1.170585e+02	3.185597e+02	1.343074e+01	132	7.312819e-01	7.000000e-01	
1.353248e+01	133	1.412408e+02	3.091114e+02	1.353248e+01	133	6.863770e-01	7.000000e-01	
1.363423e+01	134	1.453877e+02	3.100346e+02	1.363423e+01	134	6.807629e-01	7.000000e-01	
1.373598e+01	135	1.068694e+02	2.555725e+02	1.373598e+01	135	7.051406e-01	7.000000e-01	
1.383773e+01	136	1.453624e+02	3.219543e+02	1.383773e+01	136	6.889424e-01	7.000000e-01	
1.393948e+01	137	1.403649e+02	3.210849e+02	1.393948e+01	137	6.958176e-01	7.000000e-01	
1.404122e+01	138	1.152021e+02	3.405926e+02	1.404122e+01	138	7.472500e-01	7.000000e-01	
1.414297e+01	139	1.337212e+02	2.925251e+02	1.414297e+01	139	6.862819e-01	7.000000e-01	
1.424472e+01	140	1.558063e+02	2.835474e+02	1.424472e+01	140	6.453739e-01	7.000000e-01	
1.434647e+01	141	1.367412e+02	3.021224e+02	1.434647e+01	141	6.884198e-01	7.000000e-01	
1.444822e+01	142	1.263326e+02	4.455568e+02	1.444822e+01	142	7.790961e-01	7.000000e-01	
1.454996e+01	143	1.410097e+02	3.139785e+02	1.454996e+01	143	6.900805e-01	7.000000e-01	
1.465171e+01	144	1.564275e+02	3.153188e+02	1.465171e+01	144	6.684076e-01	7.000000e-01	
1.475346e+01	145	1.438950e+02	3.388477e+02	1.475346e+01	145	7.019220e-01	7.000000e-01	
1.485521e+01	146	1.570839e+02	3.116702e+02	1.485521e+01	146	6.648906e-01	7.000000e-01	
1.495696e+01	147	1.480739e+02	3.071221e+02	1.495696e+01	147	6.747030e-01	7.000000e-01	
1.505870e+01	148	1.376489e+02	3.389070e+02	1.505870e+01	148	7.111590e-01	7.000000e-01	
1.516045e+01	149	1.663547e+02	3.217582e+02	1.516045e+01	149	6.591881e-01	7.000000e-01	
1.526220e+01	150	1.451604e+02	3.075280e+02	1.526220e+01	150	6.793370e-01	7.000000e-01	
1.536395e+01	151	1.650140e+02	2.871097e+02	1.536395e+01	151	6.350247e-01	7.000000e-01	
1.546570e+01	152	1.675207e+02	3.334194e+02	1.546570e+01	152	6.655874e-01	7.000000e-01	
1.556744e+01	153	1.645492e+02	3.510439e+02	1.556744e+01	153	6.808545e-01	7.000000e-01	
1.566919e+01	154	1.523693e+02	3.711388e+02	1.566919e+01	154	7.089457e-01	7.000000e-01	
1.577094e+01	155	1.728526e+02	3.348153e+02	1.577094e+01	155	6.595164e-01	7.000000e-01	
1.587269e+01	156	1.779874e+02	3.172194e+02	1.587269e+01	156	6.405797e-01	7.000000e-01	
1.597444e+01	157	1.587861e+02	3.696197e+02	1.597444e+01	157	6.994997e-01	7.000000e-01	
1.607618e+01	158	1.473917e+02	3.911875e+02	1.607618e+01	158	7.263324e-01	7.000000e-01	
1.617793e+01	159	1.593413e+02	4.118905e+02	1.617793e+01	159	7.210567e-01	7.000000e-01	
1.627968e+01	160	1.503982e+02	4.070041e+02	1.627968e+01	160	7.301802e-01	7.000000e-01	
1.638143e+01	161	1.486720e+02	3.765762e+02	1.638143e+01	161	7.169491e-01	7.000000e-01	
1.648318e+01	162	1.622956e+02	3.672067e+02	1.648318e+01	162	6.934941e-01	7.000000e-01	
1.658492e+01	163	1.457340e+02	3.629346e+02	1.658492e+01	163	7.134991e-01	7.000000e-01	
1.668667e+01	164	1.335480e+02	3.816203e+02	1.668667e+01	164	7.407682e-01	7.000000e-01	
1.678842e+01	165	1.527837e+02	3.952153e+02	1.678842e+01	165	7.211971e-01	7.000000e-01	
1.689017e+01	166	1.415980e+02	3.825062e+02	1.689017e+01	166	7.298285e-01	7.000000e-01	
1.699192e+01	167	1.440269e+02	4.160459e+02	1.699192e+01	167	7.428425e-01	7.000000e-01	
1.709366e+01	168	1.569067e+02	3.804583e+02	1.709366e+01	168	7.080072e-01	7.000000e-01	
1.719541e+01	169	1.369998e+02	4.095986e+02	1.719541e+01	169	7.493593e-01	7.000000e-01	
1.729716e+01	170	1.601005e+02	4.641430e+02	1.729716e+01	170	7.435288e-01	7.000000e-01	
1.739891e+01	171	1.590957e+02	4.003670e+02	1.739891e+01	171	7.156277e-01	7.000000e-01	
1.750066e+01	172	1.413608e+02	4.117260e+02	1.750066e+01	172	7.444148e-01	7.000000e-01	
1.760240e+01	173	1.477683e+02	3.145801e+02	1.760240e+01	173	6.803962e-01	7.000000e-01	
1.770415e+01	174	1.877652e+02	2.814964e+02	1.770415e+01	174	5.998709e-01	7.000000e-01	
1.780590e+01	175	1.509760e+02	3.701019e+02	1.780590e+01	175	7.102621e-01	7.000000e-01	
1.790765e+01	176	1.417731e+02	2.552284e+02	1.790765e+01	176	6.428903e-01	7.000000e-01	
1.800940e+01	177	1.304243e+02	2.789058e+02	1.800940e+01	177	6.813713e-01	7.000000e-01	
1.811114e+01	178	1.394591e+02	3.290138e+02	1.811114e+01	178	7.023113e-01	7.000000e-01	
1.821289e+01	179	1.308599e+02	2.091689e+02	1.821289e+01	179	6.151505e-01	7.000000e-01	
1.831464e+01	180	1.369795e+02	3.156509e+02	1.831464e+01	180	6.973701e-01	7.000000e-01	
1.841639e+01	181	1.339692e+02	2.599941e+02	1.841639e+01	181	6.599450e-01	7.000000e-01	
1.851814e+01	182	4.769092e+02	7.317035e+01	1.851814e+01	182	1.330178e-01	0	
1.861988e+01	183	4.616451e+02	5.220673e+01	1.861988e+01	183	1.015988e-01	0	
1.872163e+01	184	4.600180e+02	3.788980e+01	1.872163e+01	184	7.609802e-02	0	
1.882338e+01	185	4.754235e+02	6.526765e+01	1.882338e+01	185	1.207115e-01	0	
1.892513e+01	186	4.647367e+02	5.086530e+01	1.892513e+01	186	9.865226e-02	0	
1.902688e+01	187	4.846512e+02	6.940483e+01	1.902688e+01	187	1.252668e-01	0	
1.912862e+01	188	4.813982e+02	6.306380e+01	1.912862e+01	188	1.158277e-01	0	
1.923037e+01	189	4.426870e+02	3.231996e+01	1.923037e+01	189	6.804102e-02	0	
1.933212e+01	190	4.280714e+02	4.934387e+01	1.933212e+01	190	1.033563e-01	0	
1.943387e+01	191	3.999660e+02	-1.793736e+01	1.943387e+01	191	-4.695292e-02	0	
1.953562e+01	192	4.176968e+02	5.066099e-01	1.953562e+01	192	1.211396e-03	0	
1.963736e+01	193	4.372702e+02	3.155580e+01	1.963736e+01	193	6.730813e-02	0	
1.973911e+01	194	1.511029e+02	3.304752e+02	1.973911e+01	194	6.862339e-01	7.000000e-01	
1.984086e+01	195	1.655598e+02	3.192368e+02	1.984086e+01	195	6.584964e-01	7.000000e-01	
1.994261e+01	196	1.713909e+02	3.726764e+02	1.994261e+01	196	6.849822e-01	7.000000e-01	
2.004436e+01	197	1.794150e+02	3.687702e+02	2.004436e+01	197	6.727110e-01	7.000000e-01	
2.014610e+01	198	1.868910e+02	3.694341e+02	2.014610e+01	198	6.640615e-01	7.000000e-01	
2.024785e+01	199	1.415223e+02	3.193742e+02	2.024785e+01	199	6.929413e-01	7.000000e-01	
2.034960e+01	200	1.845715e+02	3.779495e+02	2.034960e+01	200	6.718851e-01	7.000000e-01	
2.045135e+01	201	1.806410e+02	3.608689e+02	2.045135e+01	201	6.664124e-01	7.000000e-01	
2.055310e+01	202	1.773344e+02	4.083062e+02	2.055310e+01	202	6.971959e-01	7.000000e-01	
2.065484e+01	203	1.806623e+02	3.615158e+02	2.065484e+01	203	6.667842e-01	7.000000e-01	
2.075659e+01	204	1.899320e+02	3.699431e+02	2.075659e+01	204	6.607601e-01	7.000000e-01	
2.085834e+01	205	1.631577e+02	3.106057e+02	2.085834e+01	205	6.556135e-01	7.000000e-01	
2.096009e+01	206	1.712131e+02	3.394751e+02	2.096009e+01	206	6.647404e-01	7.000000e-01	
2.106184e+01	207	1.557834e+02	3.222385e+02	2.106184e+01	207	6.741082e-01	7.000000e-01	
2.116358e+01	208	1.566887e+02	3.075056e+02	2.116358e+01	208	6.624502e-01	7.000000e-01	
2.126533e+01	209	1.669700e+02	3.392048e+02	2.126533e+01	209	6.701337e-01	7.000000e-01	
2.136708e+01	210	1.420199e+02	3.525302e+02	2.136708e+01	210	7.128301e-01	7.000000e-01	
2.146883e+01	211	1.426183e+02	3.320062e+02	2.146883e+01	211	6.995134e-01	7.000000e-01	
2.157058e+01	212	1.622885e+02	3.245403e+02	2.157058e+01	212	6.666415e-01	7.000000e-01	
2.167232e+01	213	1.587899e+02	2.961636e+02	2.167232e+01	213	6.509755e-01	7.000000e-01	
2.177407e+01	214	1.455035e+02	3.454834e+02	2.177407e+01	214	7.036510e-01	7.000000e-01	
2.187582e+01	215	1.471281e+02	3.214767e+02	2.187582e+01	215	6.860295e-01	7.000000e-01	
2.197757e+01	216	1.414029e+02	3.497071e+02	2.197757e+01	216	7.120749e-01	7.000000e-01	
2.207932e+01	217	1.470321e+02	3.405055e+02	2.207932e+01	217	6.984190e-01	7.000000e-01	
2.218106e+01	218	1.508514e+02	3.074073e+02	2.218106e+01	218	6.708161e-01	7.000000e-01	
2.228281e+01	219	1.493333e+02	3.407578e+02	2.228281e+01	219	6.952948e-01	7.000000e-01	
2.238456e+01	220	1.347090e+02	3.739745e+02	2.238456e+01	220	7.351811e-01	7.000000e-01	
2.248631e+01	221	1.528245e+02	3.624573e+02	2.248631e+01	221	7.034157e-01	7.000000e-01	
2.258806e+01	222	1.433946e+02	3.629139e+02	2.258806e+01	222	7.167841e-01	7.000000e-01	
2.268980e+01	223	1.640264e+02	3.534485e+02	2.268980e+01	223	6.830254e-01	7.000000e-01	
2.279155e+01	224	1.450843e+02	3.515555e+02	2.279155e+01	224	7.078682e-01	7.000000e-01	
2.289330e+01	225	1.393595e+02	3.573689e+02	2.289330e+01	225	7.194453e-01	7.000000e-01	
2.299505e+01	226	1.554911e+02	3.585111e+02	2.299505e+01	226	6.974894e-01	7.000000e-01	
2.309680e+01	227	1.401082e+02	3.533502e+02	2.309680e+01	227	7.160689e-01	7.000000e-01	
2.319854e+01	228	1.429509e+02	3.489110e+02	2.319854e+01	228	7.093678e-01	7.000000e-01	
2.330029e+01	229	1.613349e+02	3.436751e+02	2.330029e+01	229	6.805313e-01	7.000000e-01	
2.340204e+01	230	1.486613e+02	3.568021e+02	2.340204e+01	230	7.058911e-01	7.000000e-01	
2.350379e+01	231	1.575771e+02	3.334208e+02	2.350379e+01	231	6.790677e-01	7.000000e-01	
2.360554e+01	232	1.629672e+02	3.266708e+02	2.360554e+01	232	6.671680e-01	7.000000e-01	
2.370728e+01	233	1.734171e+02	3.270177e+02	2.370728e+01	233	6.534671e-01	7.000000e-01	
2.380903e+01	234	1.564474e+02	3.021918e+02	2.380903e+01	234	6.588879e-01	7.000000e-01	
2.391078e+01	235	1.357656e+02	3.509600e+02	2.391078e+01	235	7.210634e-01	7.000000e-01	
2.401253e+01	236	1.424726e+02	3.420707e+02	2.401253e+01	236	7.059652e-01	7.000000e-01	
2.411428e+01	237	1.553547e+02	3.460321e+02	2.411428e+01	237	6.901500e-01	7.000000e-01	
2.421602e+01	238	1.357743e+02	3.504527e+02	2.421602e+01	238	7.207594e-01	7.000000e-01	
2.431777e+01	239	1.629628e+02	3.267685e+02	2.431777e+01	239	6.672404e-01	7.000000e-01	
2.441952e+01	240	1.321742e+02	3.487204e+02	2.441952e+01	240	7.251493e-01	7.000000e-01	
2.452127e+01	241	1.387291e+02	3.482627e+02	2.452127e+01	241	7.151305e-01	7.000000e-01	
2.462302e+01	242	1.114960e+02	3.648379e+02	2.462302e+01	242	7.659289e-01	7.000000e-01	
2.472476e+01	243	1.108522e+02	3.407368e+02	2.472476e+01	243	7.545286e-01	7.000000e-01	
2.482651e+01	244	1.275566e+02	3.314896e+02	2.482651e+01	244	7.221269e-01	7.000000e-01	
2.492826e+01	245	1.110491e+02	3.652187e+02	2.492826e+01	245	7.668348e-01	7.000000e-01	
2.503001e+01	246	1.543122e+02	3.529032e+02	2.503001e+01	246	6.957659e-01	7.000000e-01	
2.513176e+01	247	1.628904e+02	3.476188e+02	2.513176e+01	247	6.809256e-01	7.000000e-01	
2.523350e+01	248	1.609030e+02	3.514967e+02	2.523350e+01	248	6.859815e-01	7.000000e-01	
2.533525e+01	249	1.374795e+02	3.456992e+02	2.533525e+01	249	7.154686e-01	7.000000e-01	
2.543700e+01	250	1.584918e+02	3.422032e+02	2.543700e+01	250	6.834564e-01	7.000000e-01	
2.553875e+01	251	1.633229e+02	3.387629e+02	2.553875e+01	251	6.747112e-01	7.000000e-01	
2.564050e+01	252	1.475398e+02	3.457974e+02	2.564050e+01	252	7.009352e-01	7.000000e-01	
2.574224e+01	253	1.804688e+02	3.585802e+02	2.574224e+01	253	6.652089e-01	7.000000e-01	
2.584399e+01	254	1.616338e+02	3.507446e+02	2.584399e+01	254	6.845421e-01	7.000000e-01	
2.594574e+01	255	1.597649e+02	3.660523e+02	2.594574e+01	255	6.961589e-01	7.000000e-01	
2.604749e+01	256	1.335897e+02	3.796699e+02	2.604749e+01	256	7.397229e-01	7.000000e-01	
2.614924e+01	257	1.470778e+02	3.376696e+02	2.614924e+01	257	6.965888e-01	7.000000e-01	
2.625098e+01	258	1.474690e+02	3.518031e+02	2.625098e+01	258	7.046320e-01	7.000000e-01	
2.635273e+01	259	1.429463e+02	3.316801e+02	2.635273e+01	259	6.988235e-01	7.000000e-01	
2.645448e+01	260	1.431344e+02	3.513140e+02	2.645448e+01	260	7.105170e-01	7.000000e-01	
2.655623e+01	261	1.528575e+02	3.270381e+02	2.655623e+01	261	6.814776e-01	7.000000e-01	
2.665798e+01	262	1.459098e+02	3.585440e+02	2.665798e+01	262	7.107569e-01	7.000000e-01	
2.675972e+01	263	1.537720e+02	3.074763e+02	2.675972e+01	263	6.666177e-01	7.000000e-01	
2.686147e+01	264	1.521029e+02	3.575564e+02	2.686147e+01	264	7.015596e-01	7.000000e-01	
2.696322e+01	265	1.443290e+02	3.454315e+02	2.696322e+01	265	7.053070e-01	7.000000e-01	
2.706497e+01	266	1.319183e+02	3.133161e+02	2.706497e+01	266	7.037105e-01	7.000000e-01	
2.716672e+01	267	1.204525e+02	2.368322e+02	2.716672e+01	267	6.628669e-01	7.000000e-01	
2.726846e+01	268	2.003039e+02	3.106447e+02	2.726846e+01	268	6.079764e-01	7.000000e-01	
2.737021e+01	269	1.740091e+02	3.274478e+02	2.737021e+01	269	6.529929e-01	7.000000e-01	
2.747196e+01	270	1.958813e+02	3.132540e+02	2.747196e+01	270	6.152667e-01	7.000000e-01	
2.757371e+01	271	2.002884e+02	3.106578e+02	2.757371e+01	271	6.080049e-01	7.000000e-01	
2.767546e+01	272	1.343262e+02	3.684661e+02	2.767546e+01	272	7.328396e-01	7.000000e-01	
2.777720e+01	273	1.420876e+02	3.555472e+02	2.777720e+01	273	7.144741e-01	7.000000e-01	
2.787895e+01	274	1.399689e+02	3.203880e+02	2.787895e+01	274	6.959557e-01	7.000000e-01	
2.798070e+01	275	1.320644e+02	3.673964e+02	2.798070e+01	275	7.355861e-01	7.000000e-01	
2.808245e+01	276	1.522170e+02	3.397135e+02	2.808245e+01	276	6.905721e-01	7.000000e-01	
2.818420e+01	277	1.390287e+02	3.521733e+02	2.818420e+01	277	7.169623e-01	7.000000e-01	
2.828594e+01	278	1.208039e+02	3.963598e+02	2.828594e+01	278	7.664107e-01	7.000000e-01	
2.838769e+01	279	1.546718e+02	3.652293e+02	2.838769e+01	279	7.024976e-01	7.000000e-01	
2.848944e+01	280	1.521425e+02	3.614607e+02	2.848944e+01	280	7.037742e-01	7.000000e-01	
2.859119e+01	281	1.537238e+02	3.797697e+02	2.859119e+01	281	7.118544e-01	7.000000e-01	
2.869294e+01	282	1.588555e+02	3.669535e+02	2.869294e+01	282	6.978836e-01	7.000000e-01	
2.879468e+01	283	1.522880e+02	3.573235e+02	2.879468e+01	283	7.011684e-01	7.000000e-01	
2.889643e+01	284	1.533629e+02	3.704667e+02	2.889643e+01	284	7.072275e-01	7.000000e-01	
2.899818e+01	285	1.516662e+02	3.413981e+02	2.899818e+01	285	6.924008e-01	7.000000e-01	
2.909993e+01	286	1.470072e+02	3.106758e+02	2.909993e+01	286	6.788013e-01	7.000000e-01	
2.920168e+01	287	1.550862e+02	3.505772e+02	2.920168e+01	287	6.933015e-01	7.000000e-01	
2.930342e+01	288	1.533326e+02	3.036133e+02	2.930342e+01	288	6.644404e-01	7.000000e-01	
2.940517e+01	289	1.505125e+02	3.322729e+02	2.940517e+01	289	6.882414e-01	7.000000e-01	
2.950692e+01	290	1.656241e+02	2.929928e+02	2.950692e+01	290	6.388618e-01	7.000000e-01	
2.960867e+01	291	1.372968e+02	3.214144e+02	2.960867e+01	291	7.006901e-01	7.000000e-01	
2.971042e+01	292	1.488084e+02	2.972506e+02	2.971042e+01	292	6.663930e-01	7.000000e-01	
2.981216e+01	293	1.497298e+02	3.652847e+02	2.981216e+01	293	7.092707e-01	7.000000e-01	
2.991391e+01	294	1.356012e+02	3.457972e+02	2.991391e+01	294	7.183181e-01	7.000000e-01	
3.001566e+01	295	1.647494e+02	3.514921e+02	3.001566e+01	295	6.808676e-01	7.000000e-01	
3.011741e+01	296	1.152062e+02	3.732520e+02	3.011741e+01	296	7.641432e-01	7.000000e-01	
3.021916e+01	297	1.192417e+02	3.685205e+02	3.021916e+01	297	7.555331e-01	7.000000e-01	
3.032090e+01	298	1.759189e+02	3.623032e+02	3.032090e+01	298	6.731481e-01	7.000000e-01	
3.042265e+01	299	1.735778e+02	3.639016e+02	3.042265e+01	299	6.770522e-01	7.000000e-01	
3.052440e+01	300	1.711103e+02	3.727897e+02	3.052440e+01	300	6.854012e-01	7.000000e-01	
3.062615e+01	301	1.839121e+02	3.611532e+02	3.062615e+01	301	6.625870e-01	7.000000e-01	
3.072790e+01	302	1.662811e+02	3.538364e+02	3.072790e+01	302	6.803009e-01	7.000000e-01	
3.082964e+01	303	1.783923e+02	3.719951e+02	3.082964e+01	303	6.758787e-01	7.000000e-01	
3.093139e+01	304	1.801875e+02	4.265979e+02	3.093139e+01	304	7.030458e-01	7.000000e-01	
3.103314e+01	305	1.750352e+02	3.700293e+02	3.103314e+01	305	6.788725e-01	7.000000e-01	
3.113489e+01	306	1.654260e+02	3.483939e+02	3.113489e+01	306	6.780467e-01	7.000000e-01	
3.123664e+01	307	1.704520e+02	3.519148e+02	3.123664e+01	307	6.736929e-01	7.000000e-01	
3.133838e+01	308	1.758689e+02	3.721105e+02	3.133838e+01	308	6.790593e-01	7.000000e-01	
3.144013e+01	309	1.753275e+02	3.465933e+02	3.144013e+01	309	6.640726e-01	7.000000e-01	
3.154188e+01	310	1.761465e+02	3.761054e+02	3.154188e+01	310	6.810396e-01	7.000000e-01	
3.164363e+01	311	1.525820e+02	3.671666e+02	3.164363e+01	311	7.064311e-01	7.000000e-01	
3.174538e+01	312	1.744894e+02	3.620703e+02	3.174538e+01	312	6.747997e-01	7.000000e-01	
3.184712e+01	313	1.688918e+02	3.381252e+02	3.184712e+01	313	6.668912e-01	7.000000e-01	
3.194887e+01	314	1.735684e+02	4.346030e+02	3.194887e+01	314	7.146061e-01	7.000000e-01	
3.205062e+01	315	1.643398e+02	4.620197e+02	3.205062e+01	315	7.376270e-01	7.000000e-01	
3.215237e+01	316	1.604988e+02	3.890907e+02	3.215237e+01	316	7.079660e-01	7.000000e-01	
3.225412e+01	317	1.666800e+02	4.870129e+02	3.225412e+01	317	7.450179e-01	7.000000e-01	
3.235586e+01	318	1.739069e+02	3.919484e+02	3.235586e+01	318	6.926654e-01	7.000000e-01	
3.245761e+01	319	1.412629e+02	4.310817e+02	3.245761e+01	319	7.531856e-01	7.000000e-01	
3.255936e+01	320	2.022665e+02	3.465091e+02	3.255936e+01	320	6.314222e-01	7.000000e-01	
3.266111e+01	321	1.739035e+02	3.057996e+02	3.266111e+01	321	6.374768e-01	7.000000e-01	
3.276286e+01	322	1.919782e+02	3.379454e+02	3.276286e+01	322	6.377248e-01	7.000000e-01	
3.286460e+01	323	2.168521e+02	3.599680e+02	3.286460e+01	323	6.240559e-01	7.000000e-01	
3.296635e+01	324	1.502318e+02	3.737750e+02	3.296635e+01	324	7.133018e-01	7.000000e-01	
3.306810e+01	325	1.606548e+02	3.778238e+02	3.306810e+01	325	7.016505e-01	7.000000e-01	
3.316985e+01	326	1.804724e+02	3.534901e+02	3.316985e+01	326	6.620130e-01	7.000000e-01	
3.327160e+01	327	1.456867e+02	3.485233e+02	3.327160e+01	327	7.052130e-01	7.000000e-01	
3.337334e+01	328	1.609630e+02	3.646006e+02	3.337334e+01	328	6.937326e-01	7.000000e-01	
3.347509e+01	329	1.695094e+02	3.466856e+02	3.347509e+01	329	6.716175e-01	7.000000e-01	
3.357684e+01	330	1.367176e+02	3.639750e+02	3.357684e+01	330	7.269430e-01	7.000000e-01	
3.367859e+01	331	1.354879e+02	3.546738e+02	3.367859e+01	331	7.235853e-01	7.000000e-01	
3.378034e+01	332	1.443520e+02	3.801355e+02	3.378034e+01	332	7.247751e-01	7.000000e-01	
3.388208e+01	333	1.283707e+02	3.594612e+02	3.388208e+01	333	7.368546e-01	7.000000e-01	
3.398383e+01	334	1.400153e+02	3.589821e+02	3.398383e+01	334	7.194068e-01	7.000000e-01	
3.408558e+01	335	1.325972e+02	3.540424e+02	3.408558e+01	335	7.275248e-01	7.000000e-01	
3.418733e+01	336	1.348552e+02	3.734795e+02	3.418733e+01	336	7.347118e-01	7.000000e-01	
3.428908e+01	337	1.320282e+02	3.714521e+02	3.428908e+01	337	7.377689e-01	7.000000e-01	
3.439082e+01	338	1.297081e+02	3.514837e+02	3.439082e+01	338	7.304441e-01	7.000000e-01	
3.449257e+01	339	1.323125e+02	3.505943e+02	3.449257e+01	339	7.260082e-01	7.000000e-01	
3.459432e+01	340	1.286296e+02	3.523935e+02	3.459432e+01	340	7.325916e-01	7.000000e-01	
3.469607e+01	341	1.408385e+02	3.405834e+02	3.469607e+01	341	7.074531e-01	7.000000e-01	
3.479782e+01	342	1.301847e+02	3.491600e+02	3.479782e+01	342	7.284111e-01	7.000000e-01	
3.489956e+01	343	1.346146e+02	3.180451e+02	3.489956e+01	343	7.026141e-01	7.000000e-01	
3.500131e+01	344	1.619622e+02	3.499130e+02	3.500131e+01	344	6.835905e-01	7.000000e-01	
3.510306e+01	345	1.385506e+02	3.620058e+02	3.510306e+01	345	7.232068e-01	7.000000e-01	
3.520481e+01	346	1.380616e+02	3.400788e+02	3.520481e+01	346	7.112530e-01	7.000000e-01	
3.530656e+01	347	1.427212e+02	2.918956e+02	3.530656e+01	347	6.716160e-01	7.000000e-01	
3.540830e+01	348	1.479668e+02	3.471829e+02	3.540830e+01	348	7.011675e-01	7.000000e-01	
3.551005e+01	349	1.458551e+02	3.122290e+02	3.551005e+01	349	6.815975e-01	7.000000e-01	
3.561180e+01	350	1.305754e+02	3.066027e+02	3.561180e+01	350	7.013222e-01	7.000000e-01	
3.571355e+01	351	1.374589e+02	3.229428e+02	3.571355e+01	351	7.014370e-01	7.000000e-01	
3.581530e+01	352	1.449719e+02	2.896126e+02	3.581530e+01	352	6.664126e-01	7.000000e-01	
3.591704e+01	353	1.442587e+02	3.020782e+02	3.591704e+01	353	6.767941e-01	7.000000e-01	
3.601879e+01	354	1.234371e+02	3.543065e+02	3.601879e+01	354	7.416248e-01	7.000000e-01	
3.612054e+01	355	1.147408e+02	3.570821e+02	3.612054e+01	355	7.568138e-01	7.000000e-01	
3.622229e+01	356	1.210070e+02	3.350812e+02	3.622229e+01	356	7.346851e-01	7.000000e-01	
3.632404e+01	357	1.040587e+02	3.369640e+02	3.632404e+01	357	7.640514e-01	7.000000e-01	
3.642578e+01	358	1.072053e+02	3.263633e+02	3.642578e+01	358	7.527374e-01	7.000000e-01	
3.652753e+01	359	1.374653e+02	3.571957e+02	3.652753e+01	359	7.221020e-01	7.000000e-01	
3.662928e+01	360	1.152630e+02	3.575686e+02	3.662928e+01	360	7.562282e-01	7.000000e-01	
3.673103e+01	361	1.274588e+02	4.142086e+02	3.673103e+01	361	7.646918e-01	7.000000e-01	
3.683278e+01	362	1.470608e+02	3.636503e+02	3.683278e+01	362	7.120470e-01	7.000000e-01	
3.693452e+01	363	1.423622e+02	3.699442e+02	3.693452e+01	363	7.221151e-01	7.000000e-01	
3.703627e+01	364	1.399920e+02	3.685139e+02	3.703627e+01	364	7.246994e-01	7.000000e-01	
3.713802e+01	365	1.507138e+02	3.846190e+02	3.713802e+01	365	7.184671e-01	7.000000e-01	
3.723977e+01	366	1.428666e+02	3.660701e+02	3.723977e+01	366	7.192841e-01	7.000000e-01	
3.734152e+01	367	1.393227e+02	3.586768e+02	3.734152e+01	367	7.202353e-01	7.000000e-01	
3.744326e+01	368	1.420905e+02	3.498931e+02	3.744326e+01	368	7.111885e-01	7.000000e-01	
3.754501e+01	369	1.379141e+02	3.530129e+02	3.754501e+01	369	7.190741e-01	7.000000e-01	
3.764676e+01	370	1.374975e+02	3.628766e+02	3.764676e+01	370	7.252106e-01	7.000000e-01	
3.774851e+01	371	1.101186e+02	3.523329e+02	3.774851e+01	371	7.618808e-01	7.000000e-01	
3.785026e+01	372	1.308125e+02	3.511997e+02	3.785026e+01	372	7.286116e-01	7.000000e-01	
3.795200e+01	373	1.560723e+02	3.728228e+02	3.795200e+01	373	7.049088e-01	7.000000e-01	
3.805375e+01	374	1.391887e+02	3.596543e+02	3.805375e+01	374	7.209769e-01	7.000000e-01	
3.815550e+01	375	1.363223e+02	3.683469e+02	3.815550e+01	375	7.298779e-01	7.000000e-01	
3.825725e+01	376	1.505239e+02	3.300227e+02	3.825725e+01	376	6.867652e-01	7.000000e-01	
3.835900e+01	377	1.375192e+02	3.511359e+02	3.835900e+01	377	7.185761e-01	7.000000e-01	
3.846074e+01	378	1.511937e+02	3.768949e+02	3.846074e+01	378	7.136963e-01	7.000000e-01	
3.856249e+01	379	1.244594e+02	3.392175e+02	3.856249e+01	379	7.315816e-01	7.000000e-01	
3.866424e+01	380	1.535211e+02	3.766837e+02	3.866424e+01	380	7.104494e-01	7.000000e-01	
3.876599e+01	381	1.366964e+02	3.711185e+02	3.876599e+01	381	7.308145e-01	7.000000e-01	
3.886774e+01	382	1.605114e+02	3.818767e+02	3.886774e+01	382	7.040654e-01	7.000000e-01	
3.896948e+01	383	1.631420e+02	3.804489e+02	3.896948e+01	383	6.998809e-01	7.000000e-01	
3.907123e+01	384	1.563805e+02	3.694981e+02	3.907123e+01	384	7.026300e-01	7.000000e-01	
3.917298e+01	385	1.551056e+02	3.874639e+02	3.917298e+01	385	7.141277e-01	7.000000e-01	
3.927473e+01	386	1.417467e+02	3.938263e+02	3.927473e+01	386	7.353364e-01	7.000000e-01	
3.937648e+01	387	1.555617e+02	3.712510e+02	3.937648e+01	387	7.047116e-01	7.000000e-01	
3.947822e+01	388	1.480555e+02	3.761767e+02	3.947822e+01	388	7.175765e-01	7.000000e-01	
3.957997e+01	389	1.706923e+02	3.558614e+02	3.957997e+01	389	6.758312e-01	7.000000e-01	
3.968172e+01	390	1.578355e+02	3.812113e+02	3.968172e+01	390	7.071952e-01	7.000000e-01	
3.978347e+01	391	1.274505e+02	3.585769e+02	3.978347e+01	391	7.377710e-01	7.000000e-01	
3.988522e+01	392	1.199833e+02	3.821209e+02	3.988522e+01	392	7.610390e-01	7.000000e-01	
3.998696e+01	393	1.530490e+02	3.439816e+02	3.998696e+01	393	6.920733e-01	7.000000e-01	
4.008871e+01	394	1.422537e+02	3.717814e+02	4.008871e+01	394	7.232607e-01	7.000000e-01	
4.019046e+01	395	1.304788e+02	3.699374e+02	4.019046e+01	395	7.392594e-01	7.000000e-01	
4.029221e+01	396	1.473288e+02	3.504189e+02	4.029221e+01	396	7.040091e-01	7.000000e-01	
4.039396e+01	397	1.624371e+02	3.511259e+02	4.039396e+01	397	6.837056e-01	7.000000e-01	
4.049570e+01	398	1.690888e+02	3.530732e+02	4.049570e+01	398	6.761756e-01	7.000000e-01	
4.059745e+01	399	1.465449e+02	3.046483e+02	4.059745e+01	399	6.752059e-01	7.000000e-01	
4.069920e+01	400	1.683237e+02	3.242554e+02	4.069920e+01	400	6.582809e-01	7.000000e-01	
4.080095e+01	401	1.664982e+02	3.191705e+02	4.080095e+01	401	6.571774e-01	7.000000e-01	
4.090270e+01	402	1.694408e+02	3.568402e+02	4.090270e+01	402	6.780412e-01	7.000000e-01	
4.100444e+01	403	1.683068e+02	3.202544e+02	4.100444e+01	403	6.555052e-01	7.000000e-01	
4.110619e+01	404	1.613994e+02	3.481281e+02	4.110619e+01	404	6.832371e-01	7.000000e-01	
4.120794e+01	405	1.680309e+02	3.133264e+02	4.120794e+01	405	6.509227e-01	7.000000e-01	
4.130969e+01	406	1.567153e+02	3.200332e+02	4.130969e+01	406	6.712831e-01	7.000000e-01	
4.141144e+01	407	1.694309e+02	3.282316e+02	4.141144e+01	407	6.595466e-01	7.000000e-01	
4.151318e+01	408	1.445438e+02	3.371808e+02	4.151318e+01	408	6.999452e-01	7.000000e-01	
4.161493e+01	409	1.429448e+02	3.373738e+02	4.161493e+01	409	7.023959e-01	7.000000e-01	
4.171668e+01	410	1.721370e+02	3.204004e+02	4.171668e+01	410	6.505098e-01	7.000000e-01	
4.181843e+01	411	1.528394e+02	3.158354e+02	4.181843e+01	411	6.738903e-01	7.000000e-01	
4.192018e+01	412	1.431571e+02	3.101649e+02	4.192018e+01	412	6.842044e-01	7.000000e-01	
4.202192e+01	413	1.332183e+02	3.406478e+02	4.202192e+01	413	7.188693e-01	7.000000e-01	
4.212367e+01	414	1.401121e+02	3.401558e+02	4.212367e+01	414	7.082626e-01	7.000000e-01	
4.222542e+01	415	1.424586e+02	3.425385e+02	4.222542e+01	415	7.062692e-01	7.000000e-01	
4.232717e+01	416	1.428947e+02	3.325354e+02	4.232717e+01	416	6.994412e-01	7.000000e-01	
4.242892e+01	417	1.391793e+02	3.380732e+02	4.242892e+01	417	7.083739e-01	7.000000e-01	
4.253066e+01	418	1.333561e+02	3.513887e+02	4.253066e+01	418	7.248942e-01	7.000000e-01	
4.263241e+01	419	1.728749e+02	3.573013e+02	4.263241e+01	419	6.739293e-01	7.000000e-01	
4.273416e+01	420	1.681243e+02	3.528636e+02	4.273416e+01	420	6.772971e-01	7.000000e-01	
4.283591e+01	421	1.593423e+02	3.488623e+02	4.283591e+01	421	6.864603e-01	7.000000e-01	
4.293766e+01	422	1.436807e+02	3.629512e+02	4.293766e+01	422	7.164002e-01	7.000000e-01	
4.303940e+01	423	1.377382e+02	3.542150e+02	4.303940e+01	423	7.200177e-01	7.000000e-01	
4.314115e+01	424	1.589432e+02	3.074199e+02	4.314115e+01	424	6.591857e-01	7.000000e-01	
4.324290e+01	425	1.691103e+02	3.484930e+02	4.324290e+01	425	6.732820e-01	7.000000e-01	
4.334465e+01	426	1.908154e+02	3.071049e+02	4.334465e+01	426	6.167752e-01	7.000000e-01	
4.344640e+01	427	1.700014e+02	3.514165e+02	4.344640e+01	427	6.739632e-01	7.000000e-01	
4.354814e+01	428	1.548770e+02	2.956970e+02	4.354814e+01	428	6.562673e-01	7.000000e-01	
4.364989e+01	429	1.524179e+02	2.966401e+02	4.364989e+01	429	6.605830e-01	7.000000e-01	
4.375164e+01	430	1.645327e+02	3.244990e+02	4.375164e+01	430	6.635541e-01	7.000000e-01	
4.385339e+01	431	1.543957e+02	2.989320e+02	4.385339e+01	431	6.594170e-01	7.000000e-01	
4.395514e+01	432	1.603696e+02	2.844247e+02	4.395514e+01	432	6.394522e-01	7.000000e-01	
4.405688e+01	433	1.395661e+02	2.956088e+02	4.405688e+01	433	6.792873e-01	7.000000e-01	
4.415863e+01	434	1.496281e+02	2.996869e+02	4.415863e+01	434	6.669862e-01	7.000000e-01	
4.426038e+01	435	1.463210e+02	2.911896e+02	4.426038e+01	435	6.655601e-01	7.000000e-01	
4.436213e+01	436	1.186633e+02	3.412481e+02	4.436213e+01	436	7.419866e-01	7.000000e-01	
4.446388e+01	437	8.609933e+01	3.270760e+02	4.446388e+01	437	7.916155e-01	7.000000e-01	
4.456562e+01	438	1.131632e+02	3.222301e+02	4.456562e+01	438	7.400897e-01	7.000000e-01	
4.466737e+01	439	1.221819e+02	3.119219e+02	4.466737e+01	439	7.185422e-01	7.000000e-01	
4.476912e+01	440	1.631266e+02	2.669980e+02	4.476912e+01	440	6.207457e-01	7.000000e-01	
4.487087e+01	441	1.595783e+02	2.792637e+02	4.487087e+01	441	6.363650e-01	7.000000e-01	
4.497262e+01	442	1.724839e+02	2.715846e+02	4.497262e+01	442	6.115827e-01	7.000000e-01	
4.507436e+01	443	1.682311e+02	2.489714e+02	4.507436e+01	443	5.967639e-01	7.000000e-01	
4.517611e+01	444	1.408343e+02	2.858779e+02	4.517611e+01	444	6.699548e-01	7.000000e-01	
4.527786e+01	445	1.555440e+02	2.920388e+02	4.527786e+01	445	6.524799e-01	7.000000e-01	
4.537961e+01	446	1.698624e+02	3.298791e+02	4.537961e+01	446	6.600995e-01	7.000000e-01	
4.548136e+01	447	1.527943e+02	3.191739e+02	4.548136e+01	447	6.762615e-01	7.000000e-01	
4.558310e+01	448	1.572559e+02	3.418765e+02	4.558310e+01	448	6.849415e-01	7.000000e-01	
4.568485e+01	449	1.509565e+02	3.876048e+02	4.568485e+01	449	7.197041e-01	7.000000e-01	
4.578660e+01	450	1.560231e+02	3.448821e+02	4.578660e+01	450	6.885177e-01	7.000000e-01	
4.588835e+01	451	1.515029e+02	3.429367e+02	4.588835e+01	451	6.935866e-01	7.000000e-01	
4.599010e+01	452	1.521300e+02	3.021768e+02	4.599010e+01	452	6.651382e-01	7.000000e-01	
4.609184e+01	453	1.542227e+02	2.726995e+02	4.609184e+01	453	6.387569e-01	7.000000e-01	
4.619359e+01	454	1.573777e+02	3.465348e+02	4.619359e+01	454	6.876884e-01	7.000000e-01	
4.629534e+01	455	7.818579e+01	3.652265e+02	4.629534e+01	455	8.236725e-01	7.000000e-01	
4.639709e+01	456	1.567499e+02	3.285015e+02	4.639709e+01	456	6.769718e-01	7.000000e-01	
4.649884e+01	457	1.784755e+02	4.011921e+02	4.649884e+01	457	6.921072e-01	7.000000e-01	
4.660058e+01	458	1.563191e+02	3.465310e+02	4.660058e+01	458	6.891338e-01	7.000000e-01	
4.670233e+01	459	1.834689e+02	3.227901e+02	4.670233e+01	459	6.375987e-01	7.000000e-01	
4.680408e+01	460	1.738345e+02	3.121309e+02	4.680408e+01	460	6.422904e-01	7.000000e-01	
4.690583e+01	461	1.353661e+02	3.495811e+02	4.690583e+01	461	7.208643e-01	7.000000e-01	
4.700758e+01	462	1.358201e+02	3.326458e+02	4.700758e+01	462	7.100747e-01	7.000000e-01	
4.710932e+01	463	1.492239e+02	3.295075e+02	4.710932e+01	463	6.882931e-01	7.000000e-01	
4.721107e+01	464	1.606564e+02	3.317812e+02	4.721107e+01	464	6.737528e-01	7.000000e-01	
4.731282e+01	465	1.388968e+02	3.295015e+02	4.731282e+01	465	7.034643e-01	7.000000e-01	
4.741457e+01	466	1.568240e+02	3.335968e+02	4.741457e+01	466	6.802256e-01	7.000000e-01	
4.751632e+01	467	1.441998e+02	3.516768e+02	4.751632e+01	467	7.092022e-01	7.000000e-01	
4.761806e+01	468	1.234012e+02	3.456597e+02	4.761806e+01	468	7.369186e-01	7.000000e-01	
4.771981e+01	469	1.355828e+02	3.388911e+02	4.771981e+01	469	7.142460e-01	7.000000e-01	
4.782156e+01	470	1.332421e+02	3.493160e+02	4.782156e+01	470	7.238838e-01	7.000000e-01	
4.792331e+01	471	1.380687e+02	3.442291e+02	4.792331e+01	471	7.137273e-01	7.000000e-01	
4.802506e+01	472	1.399151e+02	3.102556e+02	4.802506e+01	472	6.891955e-01	7.000000e-01	
4.812680e+01	473	1.476394e+02	4.115748e+02	4.812680e+01	473	7.359877e-01	7.000000e-01	
4.822855e+01	474	1.499771e+02	4.338410e+02	4.822855e+01	474	7.431099e-01	7.000000e-01	
4.833030e+01	475	1.626984e+02	3.497412e+02	4.833030e+01	475	6.825023e-01	7.000000e-01	
4.843205e+01	476	1.304133e+02	3.878863e+02	4.843205e+01	476	7.483824e-01	7.000000e-01	
4.853380e+01	477	1.638472e+02	4.548212e+02	4.853380e+01	477	7.351615e-01	7.000000e-01	
4.863554e+01	478	1.447784e+02	3.201764e+02	4.863554e+01	478	6.886183e-01	7.000000e-01	
4.873729e+01	479	1.406526e+02	3.345384e+02	4.873729e+01	479	7.040083e-01	7.000000e-01	
4.883904e+01	480	1.595266e+02	3.272831e+02	4.883904e+01	480	6.723019e-01	7.000000e-01	
4.894079e+01	481	1.667534e+02	3.190043e+02	4.894079e+01	481	6.567149e-01	7.000000e-01	
4.904254e+01	482	1.596914e+02	3.255574e+02	4.904254e+01	482	6.709082e-01	7.000000e-01	
4.914428e+01	483	1.593185e+02	3.161373e+02	4.914428e+01	483	6.649142e-01	7.000000e-01	
4.924603e+01	484	1.370824e+02	3.350282e+02	4.924603e+01	484	7.096392e-01	7.000000e-01	
4.934778e+01	485	1.708230e+02	3.272744e+02	4.934778e+01	485	6.570490e-01	7.000000e-01	
4.944953e+01	486	1.596716e+02	3.354239e+02	4.944953e+01	486	6.774933e-01	7.000000e-01	
4.955128e+01	487	1.556901e+02	3.162366e+02	4.955128e+01	487	6.700969e-01	7.000000e-01	
4.965302e+01	488	1.332075e+02	3.234871e+02	4.965302e+01	488	7.083226e-01	7.000000e-01	
4.975477e+01	489	1.373387e+02	3.210370e+02	4.975477e+01	489	7.003796e-01	7.000000e-01	
4.985652e+01	490	1.425083e+02	3.474337e+02	4.985652e+01	490	7.091323e-01	7.000000e-01	
4.995827e+01	491	1.269835e+02	3.285120e+02	4.995827e+01	491	7.212190e-01	7.000000e-01	
5.006002e+01	492	1.412224e+02	3.331789e+02	5.006002e+01	492	7.023145e-01	7.000000e-01	
5.016176e+01	493	1.455723e+02	3.224387e+02	5.016176e+01	493	6.889554e-01	7.000000e-01	
5.026351e+01	494	1.435385e+02	3.250611e+02	5.026351e+01	494	6.936863e-01	7.000000e-01	
5.036526e+01	495	1.432912e+02	3.355601e+02	5.036526e+01	495	7.007605e-01	7.000000e-01	
5.046701e+01	496	1.425277e+02	3.380077e+02	5.046701e+01	496	7.033981e-01	7.000000e-01	
5.056876e+01	497	1.395887e+02	3.021520e+02	5.056876e+01	497	6.840031e-01	7.000000e-01	
5.067050e+01	498	1.505491e+02	3.396935e+02	5.067050e+01	498	6.929090e-01	7.000000e-01	
5.077225e+01	499	1.414180e+02	3.254386e+02	5.077225e+01	499	6.970847e-01	7.000000e-01	
5.087400e+01	500	1.276715e+02	3.558187e+02	5.087400e+01	500	7.359378e-01	7.000000e-01	
5.097575e+01	501	1.450619e+02	3.290288e+02	5.097575e+01	501	6.940208e-01	7.000000e-01	
5.107750e+01	502	1.414302e+02	3.218536e+02	5.107750e+01	502	6.947223e-01	7.000000e-01	
5.117924e+01	503	1.425433e+02	3.217621e+02	5.117924e+01	503	6.929967e-01	7.000000e-01	
5.128099e+01	504	1.430161e+02	3.218455e+02	5.128099e+01	504	6.923469e-01	7.000000e-01	
5.138274e+01	505	1.477143e+02	3.222882e+02	5.138274e+01	505	6.857159e-01	7.000000e-01	
5.148449e+01	506	1.428885e+02	3.367621e+02	5.148449e+01	506	7.020988e-01	7.000000e-01	
5.158624e+01	507	1.537050e+02	3.453854e+02	5.158624e+01	507	6.920297e-01	7.000000e-01	
5.168798e+01	508	1.427336e+02	3.096874e+02	5.168798e+01	508	6.845116e-01	7.000000e-01	
5.178973e+01	509	1.501645e+02	3.398969e+02	5.178973e+01	509	6.935802e-01	7.000000e-01	
5.189148e+01	510	1.451357e+02	3.341819e+02	5.189148e+01	510	6.972035e-01	7.000000e-01	
5.199323e+01	511	1.569807e+02	3.364781e+02	5.199323e+01	511	6.818768e-01	7.000000e-01	
5.209498e+01	512	1.370043e+02	3.003109e+02	5.209498e+01	512	6.867150e-01	7.000000e-01	
5.219672e+01	513	1.549430e+02	3.547539e+02	5.219672e+01	513	6.960095e-01	7.000000e-01	
5.229847e+01	514	1.496887e+02	3.479683e+02	5.229847e+01	514	6.992131e-01	7.000000e-01	
5.240022e+01	515	1.400980e+02	2.958736e+02	5.240022e+01	515	6.786534e-01	7.000000e-01	
5.250197e+01	516	1.542120e+02	3.672895e+02	5.250197e+01	516	7.042923e-01	7.000000e-01	
5.260372e+01	517	1.530768e+02	3.615793e+02	5.260372e+01	517	7.025649e-01	7.000000e-01	
5.270546e+01	518	1.569123e+02	3.761643e+02	5.270546e+01	518	7.056477e-01	7.000000e-01	
5.280721e+01	519	1.572007e+02	3.306464e+02	5.280721e+01	519	6.777665e-01	7.000000e-01	
5.290896e+01	520	1.514719e+02	3.657914e+02	5.290896e+01	520	7.071667e-01	7.000000e-01	
5.301071e+01	521	1.388382e+02	3.851932e+02	5.301071e+01	521	7.350575e-01	7.000000e-01	
5.311246e+01	522	1.456855e+02	3.768406e+02	5.311246e+01	522	7.211900e-01	7.000000e-01	
5.321420e+01	523	1.416680e+02	3.716273e+02	5.321420e+01	523	7.240029e-01	7.000000e-01	
5.331595e+01	524	1.528275e+02	3.726084e+02	5.331595e+01	524	7.091415e-01	7.000000e-01	
5.341770e+01	525	1.367127e+02	3.831350e+02	5.341770e+01	525	7.370139e-01	7.000000e-01	
5.351945e+01	526	1.258455e+02	3.354342e+02	5.351945e+01	526	7.271818e-01	7.000000e-01	
5.362120e+01	527	1.519078e+02	3.650219e+02	5.362120e+01	527	7.061345e-01	7.000000e-01	
5.372294e+01	528	1.263842e+02	3.258970e+02	5.372294e+01	528	7.205628e-01	7.000000e-01	
5.382469e+01	529	1.161307e+02	3.342313e+02	5.382469e+01	529	7.421392e-01	7.000000e-01	
5.392644e+01	530	1.368346e+02	3.698171e+02	5.392644e+01	530	7.299237e-01	7.000000e-01	
5.402819e+01	531	1.379590e+02	2.926040e+02	5.402819e+01	531	6.795846e-01	7.000000e-01	
5.412994e+01	532	1.280910e+02	3.622974e+02	5.412994e+01	532	7.387968e-01	7.000000e-01	
5.423168e+01	533	1.544574e+02	3.366523e+02	5.423168e+01	533	6.854931e-01	7.000000e-01	
5.433343e+01	534	1.527212e+02	3.426060e+02	5.433343e+01	534	6.916761e-01	7.000000e-01	
5.443518e+01	535	1.724033e+02	2.957432e+02	5.443518e+01	535	6.317322e-01	7.000000e-01	
5.453693e+01	536	1.465050e+02	3.261053e+02	5.453693e+01	536	6.900089e-01	7.000000e-01	
5.463868e+01	537	1.521670e+02	3.287519e+02	5.463868e+01	537	6.835911e-01	7.000000e-01	
5.474042e+01	538	1.749019e+02	3.755753e+02	5.474042e+01	538	6.822722e-01	7.000000e-01	
5.484217e+01	539	1.646706e+02	3.340903e+02	5.484217e+01	539	6.698406e-01	7.000000e-01	
5.494392e+01	540	1.494853e+02	3.527966e+02	5.494392e+01	540	7.023876e-01	7.000000e-01	
5.504567e+01	541	1.514069e+02	3.562953e+02	5.504567e+01	541	7.017801e-01	7.000000e-01	
5.514742e+01	542	1.436116e+02	3.629136e+02	5.514742e+01	542	7.164769e-01	7.000000e-01	
5.524916e+01	543	1.916948e+02	2.906444e+02	5.524916e+01	543	6.025726e-01	7.000000e-01	
5.535091e+01	544	1.439390e+02	3.335709e+02	5.535091e+01	544	6.985633e-01	7.000000e-01	
5.545266e+01	545	1.427134e+02	3.506551e+02	5.545266e+01	545	7.107367e-01	7.000000e-01	
5.555441e+01	546	1.279984e+02	3.125958e+02	5.555441e+01	546	7.094869e-01	7.000000e-01	
5.565616e+01	547	1.496832e+02	3.370468e+02	5.565616e+01	547	6.924718e-01	7.000000e-01	
5.575790e+01	548	1.470443e+02	3.109079e+02	5.575790e+01	548	6.789091e-01	7.000000e-01	
5.585965e+01	549	1.353197e+02	3.842527e+02	5.585965e+01	549	7.395556e-01	7.000000e-01	
5.596140e+01	550	1.413618e+02	3.252172e+02	5.596140e+01	550	6.970249e-01	7.000000e-01	
5.606315e+01	551	1.473033e+02	3.609922e+02	5.606315e+01	551	7.102014e-01	7.000000e-01	
5.616490e+01	552	1.478105e+02	3.349969e+02	5.616490e+01	552	6.938520e-01	7.000000e-01	
5.626664e+01	553	1.524393e+02	2.824160e+02	5.626664e+01	553	6.494482e-01	7.000000e-01	
5.636839e+01	554	1.588092e+02	2.972053e+02	5.636839e+01	554	6.517453e-01	7.000000e-01	
5.647014e+01	555	1.530033e+02	3.259311e+02	5.647014e+01	555	6.805339e-01	7.000000e-01	
5.657189e+01	556	1.349625e+02	3.354722e+02	5.657189e+01	556	7.131111e-01	7.000000e-01	
5.667364e+01	557	1.518462e+02	3.301413e+02	5.667364e+01	557	6.849582e-01	7.000000e-01	
5.677538e+01	558	1.479333e+02	3.114016e+02	5.677538e+01	558	6.779402e-01	7.000000e-01	
5.687713e+01	559	1.467337e+02	3.737869e+02	5.687713e+01	559	7.181020e-01	7.000000e-01	
5.697888e+01	560	1.505645e+02	3.241674e+02	5.697888e+01	560	6.828431e-01	7.000000e-01	
5.708063e+01	561	1.358416e+02	3.402921e+02	5.708063e+01	561	7.146986e-01	7.000000e-01	
5.718238e+01	562	1.439644e+02	3.365870e+02	5.718238e+01	562	7.004183e-01	7.000000e-01	
5.728412e+01	563	1.428185e+02	3.402296e+02	5.728412e+01	563	7.043390e-01	7.000000e-01	
5.738587e+01	564	1.495037e+02	3.312044e+02	5.738587e+01	564	6.889928e-01	7.000000e-01	
5.748762e+01	565	1.435156e+02	3.374126e+02	5.748762e+01	565	7.015862e-01	7.000000e-01	
5.758937e+01	566	1.453802e+02	3.571910e+02	5.758937e+01	566	7.107272e-01	7.000000e-01	
5.769112e+01	567	1.420302e+02	3.393229e+02	5.769112e+01	567	7.049355e-01	7.000000e-01	
5.779286e+01	568	1.466944e+02	3.031176e+02	5.779286e+01	568	6.738762e-01	7.000000e-01	
5.789461e+01	569	1.368345e+02	3.527808e+02	5.789461e+01	569	7.205265e-01	7.000000e-01	
5.799636e+01	570	1.450975e+02	3.344501e+02	5.799636e+01	570	6.974284e-01	7.000000e-01	
5.809811e+01	571	1.403400e+02	2.241115e+02	5.809811e+01	571	6.149282e-01	7.000000e-01	
5.819986e+01	572	1.535544e+02	3.391061e+02	5.819986e+01	572	6.883160e-01	7.000000e-01	
5.830160e+01	573	1.429337e+02	3.567694e+02	5.830160e+01	573	7.139628e-01	7.000000e-01	
5.840335e+01	574	1.386535e+02	3.241901e+02	5.840335e+01	574	7.004312e-01	7.000000e-01	
5.850510e+01	575	1.481180e+02	3.606827e+02	5.850510e+01	575	7.088880e-01	7.000000e-01	
5.860685e+01	576	1.443788e+02	3.404053e+02	5.860685e+01	576	7.021792e-01	7.000000e-01	
5.870860e+01	577	1.502280e+02	3.406405e+02	5.870860e+01	577	6.939547e-01	7.000000e-01	
5.881034e+01	578	1.479042e+02	3.307870e+02	5.881034e+01	578	6.910238e-01	7.000000e-01	
5.891209e+01	579	1.414520e+02	3.195452e+02	5.891209e+01	579	6.931608e-01	7.000000e-01	
5.901384e+01	580	1.507945e+02	3.409356e+02	5.901384e+01	580	6.933389e-01	7.000000e-01	
5.911559e+01	581	1.464183e+02	3.367035e+02	5.911559e+01	581	6.969329e-01	7.000000e-01	
5.921734e+01	582	1.413429e+02	3.256703e+02	5.921734e+01	582	6.973471e-01	7.000000e-01	
5.931908e+01	583	1.460346e+02	3.560064e+02	5.931908e+01	583	7.091182e-01	7.000000e-01	
5.942083e+01	584	1.445070e+02	3.503259e+02	5.942083e+01	584	7.079681e-01	7.000000e-01	
5.952258e+01	585	1.454963e+02	3.259304e+02	5.952258e+01	585	6.913703e-01	7.000000e-01	
5.962433e+01	586	1.630896e+02	3.855914e+02	5.962433e+01	586	7.027606e-01	7.000000e-01	
5.972608e+01	587	1.397881e+02	3.163673e+02	5.972608e+01	587	6.935516e-01	7.000000e-01	
5.982782e+01	588	1.384640e+02	3.244257e+02	5.982782e+01	588	7.008704e-01	7.000000e-01	
5.992957e+01	589	1.571113e+02	3.688070e+02	5.992957e+01	589	7.012629e-01	7.000000e-01	
6.003132e+01	590	1.417891e+02	3.213980e+02	6.003132e+01	590	6.938837e-01	7.000000e-01	
6.013307e+01	591	1.427024e+02	2.938525e+02	6.013307e+01	591	6.731169e-01	7.000000e-01	
6.023482e+01	592	1.372155e+02	3.341674e+02	6.023482e+01	592	7.089086e-01	7.000000e-01	
6.033656e+01	593	1.356220e+02	2.921790e+02	6.033656e+01	593	6.829788e-01	7.000000e-01	
6.043831e+01	594	1.213820e+02	3.609890e+02	6.043831e+01	594	7.483638e-01	7.000000e-01	
6.054006e+01	595	1.455158e+02	3.114412e+02	6.054006e+01	595	6.815547e-01	7.000000e-01	
6.064181e+01	596	1.454708e+02	3.674238e+02	6.064181e+01	596	7.163729e-01	7.000000e-01	
6.074356e+01	597	1.279473e+02	3.171994e+02	6.074356e+01	597	7.125727e-01	7.000000e-01	
6.084530e+01	598	1.203767e+02	3.584929e+02	6.084530e+01	598	7.486232e-01	7.000000e-01	
6.094705e+01	599	1.674104e+02	3.613064e+02	6.094705e+01	599	6.833647e-01	7.000000e-01	
6.104880e+01	600	1.563935e+02	3.731725e+02	6.104880e+01	600	7.046761e-01	7.000000e-01	
6.115055e+01	601	1.448246e+02	3.802809e+02	6.115055e+01	601	7.241990e-01	7.000000e-01	
6.125230e+01	602	1.745170e+02	3.554916e+02	6.125230e+01	602	6.707280e-01	7.000000e-01	
6.135404e+01	603	1.675609e+02	3.707211e+02	6.135404e+01	603	6.887117e-01	7.000000e-01	
6.145579e+01	604	2.127067e+02	2.750367e+02	6.145579e+01	604	5.638963e-01	7.000000e-01	
6.155754e+01	605	1.665236e+02	3.521648e+02	6.155754e+01	605	6.789525e-01	7.000000e-01	
6.165929e+01	606	1.593141e+02	2.684795e+02	6.165929e+01	606	6.275912e-01	7.000000e-01	
6.176104e+01	607	1.883498e+02	2.962505e+02	6.176104e+01	607	6.113296e-01	7.000000e-01	
6.186278e+01	608	1.862512e+02	2.655514e+02	6.186278e+01	608	5.877598e-01	7.000000e-01	
6.196453e+01	609	1.571336e+02	2.695721e+02	6.196453e+01	609	6.317518e-01	7.000000e-01	
6.206628e+01	610	1.555121e+02	2.752273e+02	6.206628e+01	610	6.389648e-01	7.000000e-01	
6.216803e+01	611	1.547220e+02	2.541467e+02	6.216803e+01	611	6.215851e-01	7.000000e-01	
6.226978e+01	612	1.492662e+02	2.749836e+02	6.226978e+01	612	6.481644e-01	7.000000e-01	
6.237152e+01	613	1.623131e+02	2.541999e+02	6.237152e+01	613	6.103048e-01	7.000000e-01	
6.247327e+01	614	1.637674e+02	2.583316e+02	6.247327e+01	614	6.120166e-01	7.000000e-01	
6.257502e+01	615	1.584538e+02	2.611438e+02	6.257502e+01	615	6.223672e-01	7.000000e-01	
6.267677e+01	616	1.651822e+02	2.966322e+02	6.267677e+01	616	6.423191e-01	7.000000e-01	
6.277852e+01	617	1.513097e+02	2.695669e+02	6.277852e+01	617	6.404892e-01	7.000000e-01	
6.288026e+01	618	1.447709e+02	2.372116e+02	6.288026e+01	618	6.210012e-01	7.000000e-01	
6.298201e+01	619	1.612763e+02	3.040759e+02	6.298201e+01	619	6.534317e-01	7.000000e-01	
6.308376e+01	620	1.438353e+02	3.147429e+02	6.308376e+01	620	6.863451e-01	7.000000e-01	
6.318551e+01	621	1.624624e+02	2.840308e+02	6.318551e+01	621	6.361369e-01	7.000000e-01	
6.328726e+01	622	1.867839e+02	3.086724e+02	6.328726e+01	622	6.230063e-01	7.000000e-01	
6.338900e+01	623	1.321939e+02	2.918501e+02	6.338900e+01	623	6.882543e-01	7.000000e-01	
6.349075e+01	624	1.597710e+02	2.855992e+02	6.349075e+01	624	6.412625e-01	7.000000e-01	
6.359250e+01	625	1.275492e+02	2.749679e+02	6.359250e+01	625	6.831210e-01	7.000000e-01	
6.369425e+01	626	1.409344e+02	2.661747e+02	6.369425e+01	626	6.538166e-01	7.000000e-01	
6.379600e+01	627	1.367869e+02	2.887378e+02	6.379600e+01	627	6.785453e-01	7.000000e-01	
6.389774e+01	628	1.387504e+02	3.125313e+02	6.389774e+01	628	6.925415e-01	7.000000e-01	
6.399949e+01	629	1.176935e+02	2.907563e+02	6.399949e+01	629	7.118532e-01	7.000000e-01	
6.410124e+01	630	1.255744e+02	2.547734e+02	6.410124e+01	630	6.698432e-01	7.000000e-01	
6.420299e+01	631	1.682748e+02	3.083873e+02	6.420299e+01	631	6.469726e-01	7.000000e-01	
6.430474e+01	632	1.276942e+02	2.898488e+02	6.430474e+01	632	6.941771e-01	7.000000e-01	
6.440648e+01	633	1.301397e+02	3.242006e+02	6.440648e+01	633	7.135634e-01	7.000000e-01	
6.450823e+01	634	1.423519e+02	3.146290e+02	6.450823e+01	634	6.884949e-01	7.000000e-01	
6.460998e+01	635	1.281115e+02	3.354924e+02	6.460998e+01	635	7.236617e-01	7.000000e-01	
6.471173e+01	636	1.513249e+02	2.956785e+02	6.471173e+01	636	6.614681e-01	7.000000e-01	
6.481348e+01	637	1.422195e+02	3.360235e+02	6.481348e+01	637	7.026208e-01	7.000000e-01	
6.491522e+01	638	1.618688e+02	2.968549e+02	6.491522e+01	638	6.471322e-01	7.000000e-01	
6.501697e+01	639	1.501033e+02	2.900394e+02	6.501697e+01	639	6.589667e-01	7.000000e-01	
6.511872e+01	640	1.691162e+02	2.765923e+02	6.511872e+01	640	6.205677e-01	7.000000e-01	
6.522047e+01	641	1.669505e+02	2.955729e+02	6.522047e+01	641	6.390442e-01	7.000000e-01	
6.532222e+01	642	1.664586e+02	2.659124e+02	6.532222e+01	642	6.150098e-01	7.000000e-01	
6.542396e+01	643	1.650297e+02	2.896723e+02	6.542396e+01	643	6.370597e-01	7.000000e-01	
6.552571e+01	644	1.703978e+02	2.764344e+02	6.552571e+01	644	6.186537e-01	7.000000e-01	
6.562746e+01	645	1.414264e+02	3.336965e+02	6.562746e+01	645	7.023372e-01	7.000000e-01	
6.572921e+01	646	1.138026e+02	2.906622e+02	6.572921e+01	646	7.186341e-01	7.000000e-01	
6.583096e+01	647	1.407985e+02	3.377656e+02	6.583096e+01	647	7.057897e-01	7.000000e-01	
6.593270e+01	648	1.499605e+02	3.275094e+02	6.593270e+01	648	6.859268e-01	7.000000e-01	
6.603445e+01	649	1.350090e+02	3.176792e+02	6.603445e+01	649	7.017616e-01	7.000000e-01	
6.613620e+01	650	1.349972e+02	3.367135e+02	6.613620e+01	650	7.138136e-01	7.000000e-01	
6.623795e+01	651	1.524361e+02	3.440930e+02	6.623795e+01	651	6.929966e-01	7.000000e-01	
6.633970e+01	652	1.363312e+02	3.283919e+02	6.633970e+01	652	7.066399e-01	7.000000e-01	
6.644144e+01	653	1.314702e+02	3.309822e+02	6.644144e+01	653	7.157108e-01	7.000000e-01	
6.654319e+01	654	1.418760e+02	3.364651e+02	6.654319e+01	654	7.033999e-01	7.000000e-01	
6.664494e+01	655	1.375289e+02	3.173010e+02	6.664494e+01	655	6.976256e-01	7.000000e-01	
6.674669e+01	656	1.311016e+02	3.426992e+02	6.674669e+01	656	7.232981e-01	7.000000e-01	
6.684844e+01	657	1.645340e+02	3.389149e+02	6.684844e+01	657	6.731863e-01	7.000000e-01	
6.695018e+01	658	1.484439e+02	3.409898e+02	6.695018e+01	658	6.967027e-01	7.000000e-01	
6.705193e+01	659	1.340605e+02	3.375457e+02	6.705193e+01	659	7.157363e-01	7.000000e-01	
6.715368e+01	660	1.330326e+02	3.319418e+02	6.715368e+01	660	7.138926e-01	7.000000e-01	
6.725543e+01	661	1.437727e+02	3.414166e+02	6.725543e+01	661	7.036771e-01	7.000000e-01	
6.735718e+01	662	1.334586e+02	2.700317e+02	6.735718e+01	662	6.692396e-01	7.000000e-01	
6.745892e+01	663	1.511633e+02	3.038618e+02	6.745892e+01	663	6.677913e-01	7.000000e-01	
6.756067e+01	664	1.479074e+02	3.181542e+02	6.756067e+01	664	6.826441e-01	7.000000e-01	
6.766242e+01	665	1.627569e+02	2.930184e+02	6.766242e+01	665	6.429010e-01	7.000000e-01	
6.776417e+01	666	1.593414e+02	2.977823e+02	6.776417e+01	666	6.514261e-01	7.000000e-01	
6.786592e+01	667	1.620252e+02	3.075142e+02	6.786592e+01	667	6.549274e-01	7.000000e-01	
6.796766e+01	668	1.553278e+02	3.077772e+02	6.796766e+01	668	6.645949e-01	7.000000e-01	
6.806941e+01	669	1.526419e+02	2.837278e+02	6.806941e+01	669	6.502005e-01	7.000000e-01	
6.817116e+01	670	1.527899e+02	3.110299e+02	6.817116e+01	670	6.705835e-01	7.000000e-01	
6.827291e+01	671	1.595617e+02	2.987150e+02	6.827291e+01	671	6.518224e-01	7.000000e-01	
6.837466e+01	672	1.312456e+02	3.414274e+02	6.837466e+01	672	7.223332e-01	7.000000e-01	
6.847640e+01	673	1.650680e+02	3.144343e+02	6.847640e+01	673	6.557514e-01	7.000000e-01	
6.857815e+01	674	1.513740e+02	2.684869e+02	6.857815e+01	674	6.394663e-01	7.000000e-01	
6.867990e+01	675	1.521048e+02	3.267068e+02	6.867990e+01	675	6.823285e-01	7.000000e-01	
6.878165e+01	676	1.622327e+02	2.963921e+02	6.878165e+01	676	6.462627e-01	7.000000e-01	
6.888340e+01	677	1.162325e+02	2.796968e+02	6.888340e+01	677	7.064312e-01	7.000000e-01	
6.898514e+01	678	1.457363e+02	2.797159e+02	6.898514e+01	678	6.574555e-01	7.000000e-01	
6.908689e+01	679	1.202713e+02	2.768555e+02	6.908689e+01	679	6.971464e-01	7.000000e-01	
6.918864e+01	680	8.368684e+01	2.879708e+02	6.918864e+01	680	7.748281e-01	7.000000e-01	
6.929039e+01	681	1.394165e+02	2.753650e+02	6.929039e+01	681	6.638797e-01	7.000000e-01	
6.939214e+01	682	1.385353e+02	2.706689e+02	6.939214e+01	682	6.614519e-01	7.000000e-01	
6.949388e+01	683	4.925569e+01	3.530864e+02	6.949388e+01	683	8.775776e-01	7.000000e-01	
6.959563e+01	684	6.616191e+01	3.794118e+02	6.959563e+01	684	8.515130e-01	7.000000e-01	
6.969738e+01	685	4.928763e+01	3.663911e+02	6.969738e+01	685	8.814285e-01	7.000000e-01	
6.979913e+01	686	7.060748e+01	3.579914e+02	6.979913e+01	686	8.352598e-01	7.000000e-01	
6.990088e+01	687	8.523825e+01	3.114533e+02	6.990088e+01	687	7.851271e-01	7.000000e-01	
7.000262e+01	688	4.709660e+01	3.322584e+02	7.000262e+01	688	8.758509e-01	7.000000e-01	
7.010437e+01	689	6.762601e+01	3.507181e+02	7.010437e+01	689	8.383484e-01	7.000000e-01	
7.020612e+01	690	3.567865e+01	3.135196e+02	7.020612e+01	690	8.978270e-01	7.000000e-01	
7.030787e+01	691	4.285555e+01	3.291641e+02	7.030787e+01	691	8.848030e-01	7.000000e-01	
7.040962e+01	692	4.130635e+01	3.305571e+02	7.040962e+01	692	8.889207e-01	7.000000e-01	
7.051136e+01	693	2.337600e+01	3.122218e+02	7.051136e+01	693	9.303452e-01	7.000000e-01	
7.061311e+01	694	4.470607e+01	3.447384e+02	7.061311e+01	694	8.852055e-01	7.000000e-01	
7.071486e+01	695	2.748274e+01	3.215387e+02	7.071486e+01	695	9.212577e-01	7.000000e-01	
7.081661e+01	696	4.637250e+01	3.409237e+02	7.081661e+01	696	8.802661e-01	7.000000e-01	
7.091836e+01	697	5.864188e+01	3.355805e+02	7.091836e+01	697	8.512467e-01	7.000000e-01	
7.102010e+01	698	3.150368e+01	3.220892e+02	7.102010e+01	698	9.109041e-01	7.000000e-01	
7.112185e+01	699	3.361053e+01	3.339352e+02	7.112185e+01	699	9.085542e-01	7.000000e-01	
7.122360e+01	700	2.624900e+01	3.058964e+02	7.122360e+01	700	9.209714e-01	7.000000e-01	
7.132535e+01	701	9.916637e+00	3.114202e+02	7.132535e+01	701	9.691394e-01	7.000000e-01	
7.142710e+01	702	2.321759e+01	3.196792e+02	7.142710e+01	702	9.322899e-01	7.000000e-01	
7.152884e+01	703	4.650764e+01	3.169542e+02	7.152884e+01	703	8.720426e-01	7.000000e-01	
7.163059e+01	704	2.750742e+01	3.236651e+02	7.163059e+01	704	9.216698e-01	7.000000e-01	
7.173234e+01	705	8.079306e+01	3.317455e+02	7.173234e+01	705	8.041563e-01	7.000000e-01	
7.183409e+01	706	8.435168e+01	3.362303e+02	7.183409e+01	706	7.994406e-01	7.000000e-01	
7.193584e+01	707	8.823445e+01	3.321343e+02	7.193584e+01	707	7.901023e-01	7.000000e-01	
7.203758e+01	708	6.189895e+01	3.216160e+02	7.203758e+01	708	8.386009e-01	7.000000e-01	
7.213933e+01	709	8.853697e+01	3.263618e+02	7.213933e+01	709	7.866059e-01	7.000000e-01	
7.224108e+01	710	8.991518e+01	3.394463e+02	7.224108e+01	710	7.905840e-01	7.000000e-01	
7.234283e+01	711	6.969998e+01	3.198466e+02	7.234283e+01	711	8.210741e-01	7.000000e-01	
7.244458e+01	712	1.164643e+02	3.469715e+02	7.244458e+01	712	7.486938e-01	7.000000e-01	
7.254632e+01	713	9.995573e+01	3.540434e+02	7.254632e+01	713	7.798328e-01	7.000000e-01	
7.264807e+01	714	9.956367e+01	3.588237e+02	7.264807e+01	714	7.827958e-01	7.000000e-01	
7.274982e+01	715	9.106261e+01	3.454072e+02	7.274982e+01	715	7.913656e-01	7.000000e-01	
7.285157e+01	716	6.789604e+01	3.661269e+02	7.285157e+01	716	8.435658e-01	7.000000e-01	
7.295332e+01	717	1.082906e+02	3.433097e+02	7.295332e+01	717	7.602070e-01	7.000000e-01	
7.305506e+01	718	1.034915e+02	3.415836e+02	7.305506e+01	718	7.674741e-01	7.000000e-01	
7.315681e+01	719	7.936858e+01	3.679435e+02	7.315681e+01	719	8.225655e-01	7.000000e-01	
7.325856e+01	720	1.113913e+02	3.950191e+02	7.325856e+01	720	7.800375e-01	7.000000e-01	
7.336031e+01	721	1.123741e+02	3.775346e+02	7.336031e+01	721	7.706224e-01	7.000000e-01	
7.346206e+01	722	6.737175e+01	4.005092e+02	7.346206e+01	722	8.560066e-01	7.000000e-01	
7.356380e+01	723	1.143723e+02	3.949008e+02	7.356380e+01	723	7.754205e-01	7.000000e-01	
7.366555e+01	724	9.363171e+01	3.785294e+02	7.366555e+01	724	8.016954e-01	7.000000e-01	
7.376730e+01	725	8.514641e+01	4.300914e+02	7.376730e+01	725	8.347435e-01	7.000000e-01	
7.386905e+01	726	9.556240e+01	3.718437e+02	7.386905e+01	726	7.955474e-01	7.000000e-01	
7.397080e+01	727	1.349423e+02	3.995205e+02	7.397080e+01	727	7.475179e-01	7.000000e-01	
7.407254e+01	728	8.956129e+01	3.956908e+02	7.407254e+01	728	8.154335e-01	7.000000e-01	
7.417429e+01	729	5.995349e+01	3.375124e+02	7.417429e+01	729	8.491607e-01	7.000000e-01	
7.427604e+01	730	7.328656e+01	4.217937e+02	7.427604e+01	730	8.519703e-01	7.000000e-01	
7.437779e+01	731	8.361494e+01	3.497270e+02	7.437779e+01	731	8.070463e-01	7.000000e-01	
7.447954e+01	732	1.138348e+02	3.255429e+02	7.447954e+01	732	7.409181e-01	7.000000e-01	
7.458128e+01	733	1.457324e+02	3.047759e+02	7.458128e+01	733	6.765156e-01	7.000000e-01	
7.468303e+01	734	1.177000e+02	3.658086e+02	7.468303e+01	734	7.565710e-01	7.000000e-01	
7.478478e+01	735	1.062483e+02	3.769277e+02	7.478478e+01	735	7.801044e-01	7.000000e-01	
7.488653e+01	736	1.387331e+02	3.160656e+02	7.488653e+01	736	6.949571e-01	7.000000e-01	
7.498828e+01	737	1.162561e+02	3.557852e+02	7.498828e+01	737	7.537163e-01	7.000000e-01	
7.509002e+01	738	1.416836e+02	3.188795e+02	7.509002e+01	738	6.923688e-01	7.000000e-01	
7.519177e+01	739	1.132415e+02	3.250656e+02	7.519177e+01	739	7.416389e-01	7.000000e-01	
7.529352e+01	740	1.160579e+02	4.508394e+02	7.529352e+01	740	7.952753e-01	7.000000e-01	
7.539527e+01	741	1.089250e+02	4.477991e+02	7.539527e+01	741	8.043465e-01	7.000000e-01	
7.549702e+01	742	9.776793e+01	4.238895e+02	7.549702e+01	742	8.125821e-01	7.000000e-01	
7.559876e+01	743	9.007391e+01	4.419752e+02	7.559876e+01	743	8.307038e-01	7.000000e-01	
7.570051e+01	744	1.102097e+02	4.224934e+02	7.570051e+01	744	7.931123e-01	7.000000e-01	
7.580226e+01	745	9.380965e+01	4.460102e+02	7.580226e+01	745	8.262205e-01	7.000000e-01	
7.590401e+01	746	4.936235e+01	3.829128e+02	7.590401e+01	746	8.858080e-01	7.000000e-01	
7.600576e+01	747	6.056643e+01	3.326379e+02	7.600576e+01	747	8.459670e-01	7.000000e-01	
7.610750e+01	748	8.047691e+01	4.345650e+02	7.610750e+01	748	8.437469e-01	7.000000e-01	
7.620925e+01	749	6.035438e+01	3.505446e+02	7.620925e+01	749	8.531163e-01	7.000000e-01	
7.631100e+01	750	3.638770e+01	3.635839e+02	7.631100e+01	750	9.090243e-01	7.000000e-01	
7.641275e+01	751	7.248072e+01	3.400753e+02	7.641275e+01	751	8.243130e-01	7.000000e-01	
7.651450e+01	752	5.513897e+01	3.872908e+02	7.651450e+01	752	8.753724e-01	7.000000e-01	
7.661624e+01	753	8.133911e+01	3.681297e+02	7.661624e+01	753	8.190328e-01	7.000000e-01	
7.671799e+01	754	7.067917e+01	3.607176e+02	7.671799e+01	754	8.361620e-01	7.000000e-01	
7.681974e+01	755	6.935180e+01	3.562275e+02	7.681974e+01	755	8.370414e-01	7.000000e-01	
7.692149e+01	756	7.714656e+01	3.177935e+02	7.692149e+01	756	8.046626e-01	7.000000e-01	
7.702324e+01	757	8.318993e+01	3.229933e+02	7.702324e+01	757	7.951911e-01	7.000000e-01	
7.712498e+01	758	7.537594e+01	3.071812e+02	7.712498e+01	758	8.029682e-01	7.000000e-01	
7.722673e+01	759	5.036460e+01	3.789939e+02	7.722673e+01	759	8.826980e-01	7.000000e-01	
7.732848e+01	760	7.070958e+01	3.492204e+02	7.732848e+01	760	8.316158e-01	7.000000e-01	
7.743023e+01	761	6.901206e+01	3.393924e+02	7.743023e+01	761	8.310203e-01	7.000000e-01	
7.753198e+01	762	1.458635e+02	1.552207e+02	7.753198e+01	762	5.155392e-01	7.000000e-01	
7.763372e+01	763	1.098879e+02	1.953323e+02	7.763372e+01	763	6.399717e-01	7.000000e-01	
7.773547e+01	764	2.270350e+02	2.765114e+01	7.773547e+01	764	1.085695e-01	0	
7.783722e+01	765	2.577341e+02	1.768789e+01	7.783722e+01	765	6.422105e-02	0	
7.793897e+01	766	2.386684e+02	5.093916e+01	7.793897e+01	766	1.758903e-01	0	
7.804072e+01	767	2.528947e+02	3.884156e+01	7.804072e+01	767	1.331393e-01	0	
7.814246e+01	768	2.202663e+02	3.039932e+01	7.814246e+01	768	1.212744e-01	0	
7.824421e+01	769	2.645999e+02	3.672447e+01	7.824421e+01	769	1.218769e-01	0	
7.834596e+01	770	2.464176e+02	5.786313e+01	7.834596e+01	770	1.901636e-01	0	
7.844771e+01	771	1.832256e+02	1.208348e+01	7.844771e+01	771	6.186850e-02	0	
7.854946e+01	772	2.445452e+02	3.667278e+01	7.854946e+01	772	1.304070e-01	0	
7.865120e+01	773	1.640143e+02	1.188319e+01	7.865120e+01	773	6.755747e-02	0	
7.875295e+01	774	2.564548e+02	1.273061e+01	7.875295e+01	774	4.729309e-02	0	
7.885470e+01	775	1.482173e+02	2.093947e+01	7.885470e+01	775	1.237874e-01	0	
7.895645e+01	776	1.497789e+02	2.901979e+00	7.895645e+01	776	1.900683e-02	0	
7.905820e+01	777	1.602539e+02	3.493907e+00	7.905820e+01	777	2.133712e-02	0	
7.915994e+01	778	1.487259e+02	2.582355e+01	7.915994e+01	778	1.479440e-01	0	
7.926169e+01	779	1.542447e+02	1.448405e+01	7.926169e+01	779	8.584222e-02	0	
7.936344e+01	780	1.602859e+02	3.422724e+00	7.936344e+01	780	2.090741e-02	0	
7.946519e+01	781	1.506433e+02	1.524201e+01	7.946519e+01	781	9.188282e-02	0	
7.956694e+01	782	1.196651e+02	2.888819e+01	7.956694e+01	782	1.944635e-01	0	
7.966868e+01	783	1.428533e+02	2.590968e+01	7.966868e+01	783	1.535270e-01	0	
7.977043e+01	784	1.578256e+02	1.926976e+01	7.977043e+01	784	1.088101e-01	0	
7.987218e+01	785	1.461733e+02	3.313548e+01	7.987218e+01	785	1.847956e-01	0	
7.997393e+01	786	1.521948e+02	8.845392e+00	7.997393e+01	786	5.492661e-02	0	
