time at 532nm	frame at 532nm	I_1 at 532nm(counts)	I_2 at 532nm(counts)	time at 532nm	frame at 532nm	FRET_1>2	discr.FRET_1>2	
1.017480e-01	1	4.149294e+02	2.627867e+01	1.017480e-01	1	5.956072e-02	0	
2.034960e-01	2	4.149294e+02	2.627867e+01	2.034960e-01	2	5.956072e-02	0	
3.052440e-01	3	4.478553e+02	-2.550949e+00	3.052440e-01	3	-5.728552e-03	0	
4.069920e-01	4	2.156128e+01	2.340276e+00	4.069920e-01	4	9.791312e-02	0	
5.087400e-01	5	1.006131e+02	1.546410e+00	5.087400e-01	5	1.513721e-02	0	
6.104880e-01	6	4.479630e+02	-2.551714e+00	6.104880e-01	6	-5.728894e-03	0	
7.122360e-01	7	2.216196e+02	7.335379e+01	7.122360e-01	7	2.486793e-01	0	
8.139840e-01	8	1.060625e+02	4.853356e+02	8.139840e-01	8	8.206580e-01	7.000000e-01	
9.157320e-01	9	8.056257e+01	4.461527e+02	9.157320e-01	9	8.470472e-01	7.000000e-01	
1.017480e+00	10	8.188334e+01	4.281771e+02	1.017480e+00	10	8.394635e-01	7.000000e-01	
1.119228e+00	11	1.358784e+02	4.363450e+02	1.119228e+00	11	7.625431e-01	7.000000e-01	
1.220976e+00	12	8.645845e+01	4.000789e+02	1.220976e+00	12	8.222984e-01	7.000000e-01	
1.322724e+00	13	1.060622e+02	4.853354e+02	1.322724e+00	13	8.206584e-01	7.000000e-01	
1.424472e+00	14	1.028163e+02	4.071087e+02	1.424472e+00	14	7.983698e-01	7.000000e-01	
1.526220e+00	15	7.178005e+01	3.599813e+02	1.526220e+00	15	8.337506e-01	7.000000e-01	
1.627968e+00	16	6.958574e+01	4.039166e+02	1.627968e+00	16	8.530403e-01	7.000000e-01	
1.729716e+00	17	8.837181e+01	4.247330e+02	1.729716e+00	17	8.277705e-01	7.000000e-01	
1.831464e+00	18	9.246450e+01	4.271795e+02	1.831464e+00	18	8.220618e-01	7.000000e-01	
1.933212e+00	19	8.396151e+01	4.343292e+02	1.933212e+00	19	8.380031e-01	7.000000e-01	
2.034960e+00	20	4.045773e+02	1.575836e+01	2.034960e+00	20	3.748994e-02	0	
2.136708e+00	21	3.787748e+02	8.302806e+00	2.136708e+00	21	2.144998e-02	0	
2.238456e+00	22	4.212981e+02	5.058301e+00	2.238456e+00	22	1.186402e-02	0	
2.340204e+00	23	4.409371e+02	9.385436e+00	2.340204e+00	23	2.084159e-02	0	
2.441952e+00	24	3.745619e+02	8.170119e+00	2.441952e+00	24	2.134684e-02	0	
2.543700e+00	25	4.334446e+02	1.927485e+01	2.543700e+00	25	4.257571e-02	0	
2.645448e+00	26	3.906177e+02	2.625291e+01	2.645448e+00	26	6.297616e-02	0	
2.747196e+00	27	4.034890e+02	3.065353e+00	2.747196e+00	27	7.539836e-03	0	
2.848944e+00	28	4.421585e+02	-3.449835e+01	2.848944e+00	28	-8.462527e-02	0	
2.950692e+00	29	3.891134e+02	-2.270152e+01	2.950692e+00	29	-6.195629e-02	0	
3.052440e+00	30	4.323088e+02	-9.954371e-01	3.052440e+00	30	-2.307921e-03	0	
3.154188e+00	31	4.278142e+02	2.895964e+01	3.154188e+00	31	6.340039e-02	0	
3.255936e+00	32	4.325464e+02	-1.421002e+00	3.255936e+00	32	-3.296029e-03	0	
3.357684e+00	33	4.069828e+02	3.934968e+00	3.357684e+00	33	9.576047e-03	0	
3.459432e+00	34	4.311302e+02	2.087711e+01	3.459432e+00	34	4.618755e-02	0	
3.561180e+00	35	4.353416e+02	-1.712576e+01	3.561180e+00	35	-4.094957e-02	0	
3.662928e+00	36	4.253060e+02	-2.770490e+01	3.662928e+00	36	-6.968014e-02	0	
3.764676e+00	37	4.410911e+02	-2.201731e+01	3.764676e+00	37	-5.253803e-02	0	
3.866424e+00	38	3.975752e+02	2.815816e+01	3.866424e+00	38	6.614037e-02	0	
3.968172e+00	39	3.785318e+02	2.860088e+01	3.968172e+00	39	7.024953e-02	0	
4.069920e+00	40	3.907780e+02	1.422860e+01	4.069920e+00	40	3.513177e-02	0	
4.171668e+00	41	4.175275e+02	7.092668e+00	4.171668e+00	41	1.670356e-02	0	
4.273416e+00	42	4.191460e+02	9.025312e+00	4.273416e+00	42	2.107874e-02	0	
4.375164e+00	43	3.981173e+02	8.804972e+00	4.375164e+00	43	2.163797e-02	0	
4.476912e+00	44	3.970176e+02	3.237696e+00	4.476912e+00	44	8.089077e-03	0	
4.578660e+00	45	4.054680e+02	1.650792e+01	4.578660e+00	45	3.912053e-02	0	
4.680408e+00	46	4.160369e+02	-5.080927e+00	4.680408e+00	46	-1.236368e-02	0	
4.782156e+00	47	3.763043e+02	-1.375831e+01	4.782156e+00	47	-3.794914e-02	0	
4.883904e+00	48	4.020161e+02	1.233398e+01	4.883904e+00	48	2.976705e-02	0	
4.985652e+00	49	4.306216e+02	-6.865974e+00	4.985652e+00	49	-1.620267e-02	0	
5.087400e+00	50	3.862684e+02	9.139061e-01	5.087400e+00	50	2.360403e-03	0	
5.189148e+00	51	4.266458e+02	-1.144676e+01	5.189148e+00	51	-2.756933e-02	0	
5.290896e+00	52	4.114106e+02	-5.923914e+00	5.290896e+00	52	-1.460939e-02	0	
5.392644e+00	53	4.346259e+02	-6.039687e+00	5.392644e+00	53	-1.409212e-02	0	
5.494392e+00	54	4.183602e+02	-1.201756e+00	5.494392e+00	54	-2.880814e-03	0	
5.596140e+00	55	4.174596e+02	-5.362016e+00	5.596140e+00	55	-1.301152e-02	0	
5.697888e+00	56	4.394538e+02	-1.224511e+01	5.697888e+00	56	-2.866306e-02	0	
5.799636e+00	57	3.993198e+02	-1.007723e+01	5.799636e+00	57	-2.588933e-02	0	
5.901384e+00	58	3.585838e+02	4.630626e+00	5.901384e+00	58	1.274901e-02	0	
6.003132e+00	59	4.090009e+02	-6.727330e+00	6.003132e+00	59	-1.672327e-02	0	
6.104880e+00	60	4.182247e+02	-8.981255e+00	6.104880e+00	60	-2.194600e-02	0	
6.206628e+00	61	4.520474e+02	-1.772515e+01	6.206628e+00	61	-4.081106e-02	0	
6.308376e+00	62	4.197822e+02	-2.570276e+00	6.308376e+00	62	-6.160601e-03	0	
6.410124e+00	63	4.356113e+02	-1.812143e+01	6.410124e+00	63	-4.340568e-02	0	
6.511872e+00	64	4.300775e+02	-4.750608e+00	6.511872e+00	64	-1.116931e-02	0	
6.613620e+00	65	4.360449e+02	-6.108240e+00	6.613620e+00	65	-1.420730e-02	0	
6.715368e+00	66	4.467892e+02	-2.201996e+01	6.715368e+00	66	-5.183982e-02	0	
6.817116e+00	67	4.406354e+02	-1.411222e+01	6.817116e+00	67	-3.308664e-02	0	
6.918864e+00	68	4.239557e+02	-1.667449e+01	6.918864e+00	68	-4.094098e-02	0	
7.020612e+00	69	4.198699e+02	-2.170832e+01	7.020612e+00	69	-5.452138e-02	0	
7.122360e+00	70	4.141407e+02	-1.277130e+01	7.122360e+00	70	-3.181932e-02	0	
7.224108e+00	71	4.527191e+02	-2.349192e+01	7.224108e+00	71	-5.473074e-02	0	
7.325856e+00	72	4.422684e+02	-1.722022e+01	7.325856e+00	72	-4.051357e-02	0	
7.427604e+00	73	3.947138e+02	3.572610e+00	7.427604e+00	73	8.969952e-03	0	
7.529352e+00	74	4.417951e+02	-1.128409e+01	7.529352e+00	74	-2.621092e-02	0	
7.631100e+00	75	4.408074e+02	1.424654e+01	7.631100e+00	75	3.130737e-02	0	
7.732848e+00	76	4.391980e+02	-1.411182e+01	7.732848e+00	76	-3.319755e-02	0	
7.834596e+00	77	4.830598e+02	4.209006e+00	7.834596e+00	77	8.637955e-03	0	
7.936344e+00	78	4.413297e+02	1.290556e+00	7.936344e+00	78	2.915718e-03	0	
8.038092e+00	79	4.133417e+02	1.995251e+00	8.038092e+00	79	4.803933e-03	0	
8.139840e+00	80	4.306295e+02	5.586366e+00	8.139840e+00	80	1.280643e-02	0	
8.241588e+00	81	4.566213e+02	1.240262e+01	8.241588e+00	81	2.644347e-02	0	
8.343336e+00	82	4.507659e+02	1.237461e+01	8.343336e+00	82	2.671891e-02	0	
8.445084e+00	83	4.304390e+02	1.347693e+01	8.445084e+00	83	3.035919e-02	0	
8.546832e+00	84	4.479767e+02	3.304677e+00	8.546832e+00	84	7.322875e-03	0	
8.648580e+00	85	4.718105e+02	3.060596e+00	8.648580e+00	85	6.445109e-03	0	
8.750328e+00	86	4.363106e+02	1.451688e+01	8.750328e+00	86	3.220052e-02	0	
8.852076e+00	87	4.425634e+02	6.583081e+00	8.852076e+00	87	1.465687e-02	0	
8.953824e+00	88	4.428888e+02	6.773031e+00	8.953824e+00	88	1.506250e-02	0	
9.055572e+00	89	4.409189e+02	7.181089e+00	9.055572e+00	89	1.602564e-02	0	
9.157320e+00	90	4.300959e+02	1.419592e+01	9.157320e+00	90	3.195179e-02	0	
9.259068e+00	91	4.480092e+02	1.356512e+01	9.259068e+00	91	2.938881e-02	0	
9.360816e+00	92	4.332108e+02	1.471732e+01	9.360816e+00	92	3.285643e-02	0	
9.462564e+00	93	4.560720e+02	2.530073e+01	9.462564e+00	93	5.255954e-02	0	
9.564312e+00	94	4.553021e+02	6.434009e+00	9.564312e+00	94	1.393439e-02	0	
9.666060e+00	95	4.248148e+02	1.348237e+01	9.666060e+00	95	3.076080e-02	0	
9.767808e+00	96	4.502763e+02	5.800197e+00	9.767808e+00	96	1.271760e-02	0	
9.869556e+00	97	4.463555e+02	-4.835603e-01	9.869556e+00	97	-1.084527e-03	0	
9.971304e+00	98	4.343565e+02	4.058434e+00	9.971304e+00	98	9.257061e-03	0	
1.007305e+01	99	4.230864e+02	4.915948e+00	1.007305e+01	99	1.148580e-02	0	
1.017480e+01	100	4.483649e+02	2.774398e+00	1.017480e+01	100	6.149759e-03	0	
1.027655e+01	101	4.473773e+02	8.291304e-01	1.027655e+01	101	1.849885e-03	0	
1.037830e+01	102	4.316374e+02	2.739630e+00	1.037830e+01	102	6.307032e-03	0	
1.048004e+01	103	4.257194e+02	1.905176e+01	1.048004e+01	103	4.283497e-02	0	
1.058179e+01	104	3.895412e+02	2.319025e+01	1.058179e+01	104	5.618726e-02	0	
1.068354e+01	105	4.123860e+02	-4.573226e+00	1.068354e+01	105	-1.121403e-02	0	
1.078529e+01	106	4.659817e+02	1.185196e+01	1.078529e+01	106	2.480353e-02	0	
1.088704e+01	107	3.910133e+02	2.296072e+01	1.088704e+01	107	5.546416e-02	0	
1.098878e+01	108	4.449136e+02	-2.211337e+00	1.098878e+01	108	-4.995089e-03	0	
1.109053e+01	109	4.051903e+02	-5.668637e+00	1.109053e+01	109	-1.418856e-02	0	
1.119228e+01	110	4.258094e+02	-2.699576e+00	1.119228e+01	110	-6.380320e-03	0	
1.129403e+01	111	4.161126e+02	3.972641e-01	1.129403e+01	111	9.537928e-04	0	
1.139578e+01	112	4.470322e+02	-2.506594e+00	1.139578e+01	112	-5.638807e-03	0	
1.149752e+01	113	3.873246e+02	-7.014423e+00	1.149752e+01	113	-1.844395e-02	0	
1.159927e+01	114	4.151119e+02	-4.779476e+00	1.159927e+01	114	-1.164781e-02	0	
1.170102e+01	115	4.860534e+02	4.072683e+00	1.170102e+01	115	8.309460e-03	0	
1.180277e+01	116	5.500554e+02	8.198288e+00	1.180277e+01	116	1.468560e-02	0	
1.190452e+01	117	4.684629e+02	7.367308e+00	1.190452e+01	117	1.548306e-02	0	
1.200626e+01	118	4.608494e+02	1.225589e+01	1.200626e+01	118	2.590521e-02	0	
1.210801e+01	119	4.931009e+02	4.755407e+00	1.210801e+01	119	9.551766e-03	0	
1.220976e+01	120	4.872201e+02	4.036528e+00	1.220976e+01	120	8.216740e-03	0	
1.231151e+01	121	4.160084e+02	-8.600615e+00	1.231151e+01	121	-2.111058e-02	0	
1.241326e+01	122	4.723488e+02	6.160168e+00	1.241326e+01	122	1.287367e-02	0	
1.251500e+01	123	4.203583e+02	-3.089724e+00	1.251500e+01	123	-7.404641e-03	0	
1.261675e+01	124	4.537267e+02	-3.694372e+00	1.261675e+01	124	-8.209126e-03	0	
1.271850e+01	125	4.065901e+02	-1.608515e+01	1.271850e+01	125	-4.119064e-02	0	
1.282025e+01	126	4.388381e+02	8.265196e+00	1.282025e+01	126	1.848610e-02	0	
1.292200e+01	127	4.333671e+02	6.976540e+00	1.292200e+01	127	1.584340e-02	0	
1.302374e+01	128	4.130332e+02	1.677139e+01	1.302374e+01	128	3.902097e-02	0	
1.312549e+01	129	4.188128e+02	-1.195098e+01	1.312549e+01	129	-2.937356e-02	0	
1.322724e+01	130	4.357459e+02	2.379950e+01	1.322724e+01	130	5.178922e-02	0	
1.332899e+01	131	4.552374e+02	2.103482e+01	1.332899e+01	131	4.416554e-02	0	
1.343074e+01	132	4.293244e+02	3.303753e+01	1.343074e+01	132	7.145383e-02	0	
1.353248e+01	133	4.301049e+02	2.858968e+01	1.353248e+01	133	6.232836e-02	0	
1.363423e+01	134	4.506920e+02	1.253533e+01	1.363423e+01	134	2.706086e-02	0	
1.373598e+01	135	4.704033e+02	2.522555e+01	1.373598e+01	135	5.089605e-02	0	
1.383773e+01	136	3.996742e+02	1.708468e+01	1.383773e+01	136	4.099416e-02	0	
1.393948e+01	137	4.422252e+02	3.422103e+01	1.393948e+01	137	7.182559e-02	0	
1.404122e+01	138	4.167616e+02	5.132792e+01	1.404122e+01	138	1.096541e-01	0	
1.414297e+01	139	4.419620e+02	1.957272e+00	1.414297e+01	139	4.409072e-03	0	
1.424472e+01	140	4.120854e+02	2.772333e+01	1.424472e+01	140	6.303497e-02	0	
1.434647e+01	141	4.318829e+02	9.593720e+00	1.434647e+01	141	2.173098e-02	0	
1.444822e+01	142	4.263976e+02	2.282916e+01	1.444822e+01	142	5.081879e-02	0	
1.454996e+01	143	4.332858e+02	8.510102e-01	1.454996e+01	143	1.960235e-03	0	
1.465171e+01	144	4.319286e+02	2.228078e+00	1.465171e+01	144	5.131968e-03	0	
1.475346e+01	145	4.217241e+02	8.016390e+00	1.475346e+01	145	1.865403e-02	0	
1.485521e+01	146	4.437451e+02	2.958127e-01	1.485521e+01	146	6.661834e-04	0	
1.495696e+01	147	4.312215e+02	-1.531849e+01	1.495696e+01	147	-3.683188e-02	0	
1.505870e+01	148	4.494728e+02	-7.920143e-01	1.505870e+01	148	-1.765207e-03	0	
1.516045e+01	149	3.957601e+02	-8.814906e+00	1.516045e+01	149	-2.278076e-02	0	
1.526220e+01	150	4.087638e+02	-2.269436e+01	1.526220e+01	150	-5.878310e-02	0	
1.536395e+01	151	4.083027e+02	-1.713771e+01	1.536395e+01	151	-4.381197e-02	0	
1.546570e+01	152	4.244705e+02	-3.936112e+01	1.546570e+01	152	-1.022076e-01	0	
1.556744e+01	153	4.207056e+02	-1.235512e+01	1.556744e+01	153	-3.025617e-02	0	
1.566919e+01	154	4.452683e+02	-2.211861e+01	1.566919e+01	154	-5.227136e-02	0	
1.577094e+01	155	4.316042e+02	-3.680872e+01	1.577094e+01	155	-9.323491e-02	0	
1.587269e+01	156	4.205943e+02	-5.477210e+01	1.587269e+01	156	-1.497233e-01	0	
1.597444e+01	157	4.028957e+02	2.003696e+01	1.597444e+01	157	4.737624e-02	0	
1.607618e+01	158	4.102177e+02	1.623004e+01	1.607618e+01	158	3.805868e-02	0	
1.617793e+01	159	4.149123e+02	1.842260e+01	1.617793e+01	159	4.251354e-02	0	
1.627968e+01	160	4.336779e+02	2.723169e+00	1.627968e+01	160	6.240060e-03	0	
1.638143e+01	161	4.094106e+02	1.825904e+01	1.638143e+01	161	4.269426e-02	0	
1.648318e+01	162	4.111041e+02	-7.781140e-01	1.648318e+01	162	-1.896331e-03	0	
1.658492e+01	163	5.180404e+02	-1.185396e+01	1.658492e+01	163	-2.341817e-02	0	
1.668667e+01	164	4.579322e+02	-1.910161e+01	1.668667e+01	164	-4.352844e-02	0	
1.678842e+01	165	4.128671e+02	2.318429e+01	1.678842e+01	165	5.316871e-02	0	
1.689017e+01	166	3.938211e+02	3.267029e+01	1.689017e+01	166	7.660246e-02	0	
1.699192e+01	167	4.596261e+02	1.284523e+01	1.699192e+01	167	2.718732e-02	0	
1.709366e+01	168	4.268248e+02	8.028446e+00	1.709366e+01	168	1.846243e-02	0	
1.719541e+01	169	3.967219e+02	3.047031e+01	1.719541e+01	169	7.132693e-02	0	
1.729716e+01	170	4.289764e+02	3.373230e+01	1.729716e+01	170	7.290181e-02	0	
1.739891e+01	171	4.305831e+02	-1.465542e+01	1.739891e+01	171	-3.523550e-02	0	
1.750066e+01	172	4.315976e+02	1.128349e+01	1.750066e+01	172	2.547747e-02	0	
1.760240e+01	173	4.414073e+02	6.671221e+00	1.760240e+01	173	1.488851e-02	0	
1.770415e+01	174	4.353161e+02	-4.954760e+00	1.770415e+01	174	-1.151302e-02	0	
1.780590e+01	175	4.640742e+02	-1.026896e+01	1.780590e+01	175	-2.262856e-02	0	
1.790765e+01	176	4.319981e+02	-1.644191e+01	1.790765e+01	176	-3.956603e-02	0	
1.800940e+01	177	4.138677e+02	-1.395282e+01	1.800940e+01	177	-3.488947e-02	0	
1.811114e+01	178	4.724918e+02	-1.690559e+01	1.811114e+01	178	-3.710733e-02	0	
1.821289e+01	179	4.622368e+02	-1.188753e+01	1.821289e+01	179	-2.639625e-02	0	
1.831464e+01	180	4.550547e+02	-2.101490e+00	1.831464e+01	180	-4.639530e-03	0	
1.841639e+01	181	4.261004e+02	-1.487509e+01	1.841639e+01	181	-3.617260e-02	0	
1.851814e+01	182	4.126383e+02	4.783052e+01	1.851814e+01	182	1.038735e-01	0	
1.861988e+01	183	3.965782e+02	4.719034e+01	1.861988e+01	183	1.063400e-01	0	
1.872163e+01	184	4.083430e+02	3.311693e+01	1.872163e+01	184	7.501684e-02	0	
1.882338e+01	185	4.120111e+02	5.148029e+01	1.882338e+01	185	1.110707e-01	0	
1.892513e+01	186	3.920385e+02	5.910683e+01	1.892513e+01	186	1.310151e-01	0	
1.902688e+01	187	4.691949e+02	2.479939e+01	1.902688e+01	187	5.020177e-02	0	
1.912862e+01	188	3.973245e+02	3.485516e+01	1.912862e+01	188	8.064970e-02	0	
1.923037e+01	189	4.239347e+02	3.198601e+01	1.923037e+01	189	7.015696e-02	0	
1.933212e+01	190	4.750787e+02	1.740089e+01	1.933212e+01	190	3.533322e-02	0	
1.943387e+01	191	4.345696e+02	3.520775e+01	1.943387e+01	191	7.494561e-02	0	
1.953562e+01	192	4.801843e+02	9.315631e+00	1.953562e+01	192	1.903091e-02	0	
1.963736e+01	193	4.647102e+02	-2.018511e+00	1.963736e+01	193	-4.362540e-03	0	
1.973911e+01	194	4.706428e+02	2.972640e+01	1.973911e+01	194	5.940893e-02	0	
1.984086e+01	195	4.903032e+02	1.452465e+01	1.984086e+01	195	2.877149e-02	0	
1.994261e+01	196	4.722088e+02	2.259510e+01	1.994261e+01	196	4.566476e-02	0	
2.004436e+01	197	4.593989e+02	-5.947707e+00	2.004436e+01	197	-1.311653e-02	0	
2.014610e+01	198	4.498050e+02	-2.127498e+01	2.014610e+01	198	-4.964642e-02	0	
2.024785e+01	199	4.780289e+02	-5.067847e+00	2.024785e+01	199	-1.071515e-02	0	
2.034960e+01	200	4.646888e+02	-2.525058e+00	2.034960e+01	200	-5.463557e-03	0	
2.045135e+01	201	4.959360e+02	4.871777e+00	2.045135e+01	201	9.727838e-03	0	
2.055310e+01	202	4.951676e+02	-1.609980e+01	2.055310e+01	202	-3.360652e-02	0	
2.065484e+01	203	4.476980e+02	-1.028571e+01	2.065484e+01	203	-2.351491e-02	0	
2.075659e+01	204	5.013980e+02	-2.924588e+01	2.075659e+01	204	-6.194165e-02	0	
2.085834e+01	205	4.850077e+02	-2.748710e+01	2.085834e+01	205	-6.007839e-02	0	
2.096009e+01	206	4.746823e+02	-5.292183e+00	2.096009e+01	206	-1.127459e-02	0	
2.106184e+01	207	4.748020e+02	-2.375363e+01	2.106184e+01	207	-5.266315e-02	0	
2.116358e+01	208	4.598469e+02	-4.439042e+01	2.116358e+01	208	-1.068473e-01	0	
2.126533e+01	209	4.517164e+02	-1.557323e+01	2.126533e+01	209	-3.570669e-02	0	
2.136708e+01	210	5.007666e+02	-2.441104e+01	2.136708e+01	210	-5.124542e-02	0	
2.146883e+01	211	4.526658e+02	7.877043e+00	2.146883e+01	211	1.710382e-02	0	
2.157058e+01	212	4.427730e+02	-2.157252e+01	2.157058e+01	212	-5.121675e-02	0	
2.167232e+01	213	4.710505e+02	-1.485803e+01	2.167232e+01	213	-3.256965e-02	0	
2.177407e+01	214	4.601748e+02	-3.575982e+01	2.177407e+01	214	-8.425673e-02	0	
2.187582e+01	215	4.632706e+02	-2.041725e+01	2.187582e+01	215	-4.610386e-02	0	
2.197757e+01	216	4.700685e+02	1.860692e+01	2.197757e+01	216	3.807623e-02	0	
2.207932e+01	217	4.571578e+02	3.793982e+01	2.207932e+01	217	7.663099e-02	0	
2.218106e+01	218	4.996018e+02	-1.459324e+01	2.218106e+01	218	-3.008862e-02	0	
2.228281e+01	219	5.145829e+02	-9.675218e+00	2.228281e+01	219	-1.916235e-02	0	
2.238456e+01	220	4.451629e+02	3.554932e+00	2.238456e+01	220	7.922422e-03	0	
2.248631e+01	221	5.158011e+02	-3.270965e+01	2.248631e+01	221	-6.770902e-02	0	
2.258806e+01	222	4.668917e+02	2.460397e+00	2.258806e+01	222	5.242114e-03	0	
2.268980e+01	223	5.190304e+02	-2.846479e+01	2.268980e+01	223	-5.802443e-02	0	
2.279155e+01	224	4.964442e+02	-1.341515e+01	2.279155e+01	224	-2.777297e-02	0	
2.289330e+01	225	4.920256e+02	-4.289923e+01	2.289330e+01	225	-9.551706e-02	0	
2.299505e+01	226	5.073494e+02	-2.414365e+01	2.299505e+01	226	-4.996557e-02	0	
2.309680e+01	227	4.507684e+02	1.261302e+01	2.309680e+01	227	2.721952e-02	0	
2.319854e+01	228	4.509827e+02	2.685111e+01	2.319854e+01	228	5.619341e-02	0	
2.330029e+01	229	4.661957e+02	1.897781e+01	2.330029e+01	229	3.911551e-02	0	
2.340204e+01	230	3.974294e+02	3.938862e+01	2.340204e+01	230	9.017169e-02	0	
2.350379e+01	231	4.438971e+02	3.043426e+01	2.350379e+01	231	6.416245e-02	0	
2.360554e+01	232	4.625740e+02	8.095590e+00	2.360554e+01	232	1.720016e-02	0	
2.370728e+01	233	4.401310e+02	-1.347977e+01	2.370728e+01	233	-3.159435e-02	0	
2.380903e+01	234	4.538537e+02	-2.417425e+01	2.380903e+01	234	-5.626113e-02	0	
2.391078e+01	235	4.218845e+02	2.756249e+00	2.391078e+01	235	6.490778e-03	0	
2.401253e+01	236	5.010351e+02	3.757626e+01	2.401253e+01	236	6.976507e-02	0	
2.411428e+01	237	4.519067e+02	1.046856e+01	2.411428e+01	237	2.264083e-02	0	
2.421602e+01	238	4.362235e+02	-2.945148e+00	2.421602e+01	238	-6.797358e-03	0	
2.431777e+01	239	4.468304e+02	-1.259231e+00	2.431777e+01	239	-2.826105e-03	0	
2.441952e+01	240	4.529085e+02	1.475331e+01	2.441952e+01	240	3.154696e-02	0	
2.452127e+01	241	4.417383e+02	1.024531e+01	2.452127e+01	241	2.266744e-02	0	
2.462302e+01	242	4.649165e+02	4.073315e+00	2.462302e+01	242	8.685295e-03	0	
2.472476e+01	243	4.992735e+02	1.786260e+01	2.472476e+01	243	3.454139e-02	0	
2.482651e+01	244	4.011168e+02	-1.155878e+00	2.482651e+01	244	-2.889977e-03	0	
2.492826e+01	245	4.476164e+02	-1.274910e+00	2.492826e+01	245	-2.856356e-03	0	
2.503001e+01	246	4.305200e+02	5.437221e+00	2.503001e+01	246	1.247191e-02	0	
2.513176e+01	247	4.341747e+02	1.170744e+01	2.513176e+01	247	2.625680e-02	0	
2.523350e+01	248	4.366959e+02	9.915071e+00	2.523350e+01	248	2.220069e-02	0	
2.533525e+01	249	4.366688e+02	4.933733e+00	2.533525e+01	249	1.117234e-02	0	
2.543700e+01	250	4.434485e+02	8.230761e+00	2.543700e+01	250	1.822258e-02	0	
2.553875e+01	251	4.370912e+02	9.861439e+00	2.553875e+01	251	2.206372e-02	0	
2.564050e+01	252	4.422248e+02	1.412126e+01	2.564050e+01	252	3.094419e-02	0	
2.574224e+01	253	4.336251e+02	-2.625371e+01	2.574224e+01	253	-6.444662e-02	0	
2.584399e+01	254	4.398102e+02	4.561814e+00	2.584399e+01	254	1.026575e-02	0	
2.594574e+01	255	4.381389e+02	-2.854387e+00	2.594574e+01	255	-6.557520e-03	0	
2.604749e+01	256	4.223787e+02	1.714518e+01	2.604749e+01	256	3.900853e-02	0	
2.614924e+01	257	7.512748e+01	4.086302e+02	2.614924e+01	257	8.447002e-01	7.000000e-01	
2.625098e+01	258	7.731542e+01	4.148162e+02	2.625098e+01	258	8.428969e-01	7.000000e-01	
2.635273e+01	259	2.224118e+01	4.014312e+02	2.635273e+01	259	9.475038e-01	7.000000e-01	
2.645448e+01	260	1.658125e+02	3.949744e+02	2.645448e+01	260	7.043217e-01	7.000000e-01	
2.655623e+01	261	7.472322e+01	4.025822e+02	2.655623e+01	261	8.434478e-01	7.000000e-01	
2.665798e+01	262	7.584964e+01	4.069139e+02	2.665798e+01	262	8.428845e-01	7.000000e-01	
2.675972e+01	263	1.074891e+02	4.471623e+02	2.675972e+01	263	8.062042e-01	7.000000e-01	
2.686147e+01	264	1.021391e+02	5.309523e+02	2.686147e+01	264	8.386661e-01	7.000000e-01	
2.696322e+01	265	7.683887e+01	4.387283e+02	2.696322e+01	265	8.509624e-01	7.000000e-01	
2.706497e+01	266	4.703787e+02	2.154051e+01	2.706497e+01	266	4.378871e-02	0	
2.716672e+01	267	4.751074e+02	2.669787e+01	2.716672e+01	267	5.320365e-02	0	
2.726846e+01	268	4.771088e+02	1.100039e+01	2.726846e+01	268	2.253674e-02	0	
2.737021e+01	269	4.790468e+02	3.024893e+01	2.737021e+01	269	5.939365e-02	0	
2.747196e+01	270	4.667951e+02	1.029629e+01	2.747196e+01	270	2.158138e-02	0	
2.757371e+01	271	4.461085e+02	-1.875038e+01	2.757371e+01	271	-4.387510e-02	0	
2.767546e+01	272	4.318724e+02	1.753350e+01	2.767546e+01	272	3.901484e-02	0	
2.777720e+01	273	4.263551e+02	1.422780e+01	2.777720e+01	273	3.229313e-02	0	
2.787895e+01	274	4.781197e+02	2.683405e+01	2.787895e+01	274	5.314160e-02	0	
2.798070e+01	275	4.593918e+02	-6.697431e+00	2.798070e+01	275	-1.479460e-02	0	
2.808245e+01	276	4.692263e+02	5.156798e+01	2.808245e+01	276	9.901795e-02	0	
2.818420e+01	277	4.685460e+02	3.409630e+00	2.818420e+01	277	7.224472e-03	0	
2.828594e+01	278	4.816754e+02	2.801154e+01	2.828594e+01	278	5.495832e-02	0	
2.838769e+01	279	4.742967e+02	4.727593e+01	2.838769e+01	279	9.064113e-02	0	
2.848944e+01	280	4.469637e+02	4.903591e+01	2.848944e+01	280	9.886280e-02	0	
2.859119e+01	281	4.194624e+02	7.458896e+01	2.859119e+01	281	1.509741e-01	0	
2.869294e+01	282	4.851362e+02	4.944511e+01	2.869294e+01	282	9.249315e-02	0	
2.879468e+01	283	4.435465e+02	1.565925e+01	2.879468e+01	283	3.410073e-02	0	
2.889643e+01	284	5.418910e+02	-5.296507e+00	2.889643e+01	284	-9.870595e-03	0	
2.899818e+01	285	4.694169e+02	5.145363e+01	2.899818e+01	285	9.878391e-02	0	
2.909993e+01	286	4.480414e+02	1.362711e+01	2.909993e+01	286	2.951709e-02	0	
2.920168e+01	287	4.739296e+02	4.687996e+00	2.920168e+01	287	9.794868e-03	0	
2.930342e+01	288	4.661513e+02	9.874485e+00	2.930342e+01	288	2.074359e-02	0	
2.940517e+01	289	4.767677e+02	1.073242e+01	2.940517e+01	289	2.201522e-02	0	
2.950692e+01	290	4.900661e+02	1.164725e+01	2.950692e+01	290	2.321495e-02	0	
2.960867e+01	291	4.435488e+02	1.500732e+01	2.960867e+01	291	3.272734e-02	0	
2.971042e+01	292	4.253333e+02	1.389899e+01	2.971042e+01	292	3.164383e-02	0	
2.981216e+01	293	5.071561e+02	-7.986772e+00	2.981216e+01	293	-1.600013e-02	0	
2.991391e+01	294	4.752571e+02	6.940192e+00	2.991391e+01	294	1.439285e-02	0	
3.001566e+01	295	5.003880e+02	8.552652e+00	3.001566e+01	295	1.680481e-02	0	
3.011741e+01	296	4.956918e+02	7.345662e+00	3.011741e+01	296	1.460261e-02	0	
3.021916e+01	297	5.026935e+02	9.432213e+00	3.021916e+01	297	1.841777e-02	0	
3.032090e+01	298	4.696180e+02	1.532422e+01	3.032090e+01	298	3.160009e-02	0	
3.042265e+01	299	4.569352e+02	2.093107e+01	3.042265e+01	299	4.380110e-02	0	
3.052440e+01	300	4.836098e+02	1.455708e+01	3.052440e+01	300	2.922129e-02	0	
3.062615e+01	301	4.608666e+02	4.462160e-01	3.062615e+01	301	9.672742e-04	0	
3.072790e+01	302	4.774380e+02	8.293072e-01	3.072790e+01	302	1.733983e-03	0	
3.082964e+01	303	4.741967e+02	1.155850e+00	3.082964e+01	303	2.431564e-03	0	
3.093139e+01	304	4.561751e+02	8.074667e+00	3.093139e+01	304	1.739294e-02	0	
3.103314e+01	305	4.675575e+02	2.041689e+01	3.103314e+01	305	4.184009e-02	0	
3.113489e+01	306	4.773278e+02	8.359589e+00	3.113489e+01	306	1.721187e-02	0	
3.123664e+01	307	4.761183e+02	-1.487662e+00	3.123664e+01	307	-3.134357e-03	0	
3.133838e+01	308	4.748333e+02	6.706274e+00	3.133838e+01	308	1.392673e-02	0	
3.144013e+01	309	4.765001e+02	-1.225419e+00	3.144013e+01	309	-2.578338e-03	0	
3.154188e+01	310	4.675049e+02	1.348067e+01	3.154188e+01	310	2.802718e-02	0	
3.164363e+01	311	4.745508e+02	6.015075e+00	3.164363e+01	311	1.251665e-02	0	
3.174538e+01	312	4.652801e+02	-3.812410e+01	3.174538e+01	312	-8.925100e-02	0	
3.184712e+01	313	4.752209e+02	8.458077e+00	3.184712e+01	313	1.748696e-02	0	
3.194887e+01	314	4.868945e+02	-1.870653e+01	3.194887e+01	314	-3.995517e-02	0	
3.205062e+01	315	4.644658e+02	-1.049044e+01	3.205062e+01	315	-2.310795e-02	0	
3.215237e+01	316	4.835593e+02	-1.669167e+01	3.215237e+01	316	-3.575247e-02	0	
3.225412e+01	317	4.697738e+02	2.603386e+00	3.225412e+01	317	5.511244e-03	0	
3.235586e+01	318	4.472970e+02	-1.766203e+01	3.235586e+01	318	-4.110939e-02	0	
3.245761e+01	319	4.622270e+02	-1.950303e+01	3.245761e+01	319	-4.405235e-02	0	
3.255936e+01	320	4.521873e+02	-2.796610e+01	3.255936e+01	320	-6.592339e-02	0	
3.266111e+01	321	4.904693e+02	-2.001736e+01	3.266111e+01	321	-4.254921e-02	0	
3.276286e+01	322	4.606067e+02	-2.348873e+01	3.276286e+01	322	-5.373545e-02	0	
3.286460e+01	323	4.659791e+02	-3.377886e+01	3.286460e+01	323	-7.815558e-02	0	
3.296635e+01	324	4.788601e+02	-2.544165e+01	3.296635e+01	324	-5.611075e-02	0	
3.306810e+01	325	4.113142e+02	-7.159960e+00	3.306810e+01	325	-1.771591e-02	0	
3.316985e+01	326	4.855361e+02	-2.022184e+01	3.316985e+01	326	-4.345846e-02	0	
3.327160e+01	327	4.485725e+02	-9.586938e+00	3.327160e+01	327	-2.183885e-02	0	
3.337334e+01	328	4.040680e+02	-7.847371e+00	3.337334e+01	328	-1.980556e-02	0	
3.347509e+01	329	4.625015e+02	-1.135706e+01	3.347509e+01	329	-2.517389e-02	0	
3.357684e+01	330	4.784988e+02	5.005403e+00	3.357684e+01	330	1.035235e-02	0	
3.367859e+01	331	4.782040e+02	-6.926301e+00	3.367859e+01	331	-1.469686e-02	0	
3.378034e+01	332	4.453203e+02	-1.601208e+01	3.378034e+01	332	-3.729740e-02	0	
3.388208e+01	333	4.571737e+02	1.108893e+01	3.388208e+01	333	2.368101e-02	0	
3.398383e+01	334	4.768666e+02	-1.001179e+00	3.398383e+01	334	-2.103912e-03	0	
3.408558e+01	335	4.534471e+02	-1.334758e+01	3.408558e+01	335	-3.032855e-02	0	
3.418733e+01	336	4.766232e+02	1.131898e+01	3.418733e+01	336	2.319738e-02	0	
3.428908e+01	337	4.894602e+02	1.268691e+01	3.428908e+01	337	2.526533e-02	0	
3.439082e+01	338	4.667794e+02	5.159606e+00	3.439082e+01	338	1.093278e-02	0	
3.449257e+01	339	4.970339e+02	2.255515e+01	3.449257e+01	339	4.340959e-02	0	
3.459432e+01	340	5.096085e+02	1.894207e+01	3.459432e+01	340	3.583776e-02	0	
3.469607e+01	341	4.811809e+02	3.644849e+01	3.469607e+01	341	7.041426e-02	0	
3.479782e+01	342	4.852140e+02	1.001022e+01	3.479782e+01	342	2.021351e-02	0	
3.489956e+01	343	3.835582e+02	-2.241084e+01	3.489956e+01	343	-6.205456e-02	0	
3.500131e+01	344	4.569640e+02	4.044862e+00	3.500131e+01	344	8.773935e-03	0	
3.510306e+01	345	4.783439e+02	8.040897e+00	3.510306e+01	345	1.653197e-02	0	
3.520481e+01	346	4.737858e+02	1.119895e+01	3.520481e+01	346	2.309134e-02	0	
3.530656e+01	347	4.749807e+02	1.040078e+01	3.530656e+01	347	2.142805e-02	0	
3.540830e+01	348	4.818245e+02	5.739203e+00	3.540830e+01	348	1.177119e-02	0	
3.551005e+01	349	4.484932e+02	6.107926e+00	3.551005e+01	349	1.343579e-02	0	
3.561180e+01	350	4.426772e+02	1.616222e+01	3.561180e+01	350	3.522413e-02	0	
3.571355e+01	351	4.460425e+02	-1.652684e+00	3.571355e+01	351	-3.718996e-03	0	
3.581530e+01	352	3.742105e+02	4.614351e+00	3.581530e+01	352	1.218070e-02	0	
3.591704e+01	353	4.173163e+02	1.227606e+01	3.591704e+01	353	2.857607e-02	0	
3.601879e+01	354	4.199371e+02	1.301459e+01	3.601879e+01	354	3.006014e-02	0	
3.612054e+01	355	4.480798e+02	1.119673e+01	3.612054e+01	355	2.437906e-02	0	
3.622229e+01	356	4.547208e+02	-5.054003e+00	3.622229e+01	356	-1.123944e-02	0	
3.632404e+01	357	4.640748e+02	7.040729e+00	3.632404e+01	357	1.494480e-02	0	
3.642578e+01	358	4.201189e+02	1.560095e+01	3.642578e+01	358	3.580500e-02	0	
3.652753e+01	359	4.671744e+02	2.922392e-01	3.652753e+01	359	6.251552e-04	0	
3.662928e+01	360	5.389054e+02	1.940829e+00	3.662928e+01	360	3.588504e-03	0	
3.673103e+01	361	5.166571e+02	1.511429e+01	3.673103e+01	361	2.842253e-02	0	
3.683278e+01	362	4.581240e+02	1.234667e+01	3.683278e+01	362	2.624323e-02	0	
3.693452e+01	363	4.509056e+02	4.835786e+00	3.693452e+01	363	1.061081e-02	0	
3.703627e+01	364	5.106344e+02	1.527644e+01	3.703627e+01	364	2.904759e-02	0	
3.713802e+01	365	4.651272e+02	1.512933e+01	3.713802e+01	365	3.150260e-02	0	
3.723977e+01	366	4.566098e+02	-2.305416e+00	3.723977e+01	366	-5.074607e-03	0	
3.734152e+01	367	4.602871e+02	7.034756e+00	3.734152e+01	367	1.505334e-02	0	
3.744326e+01	368	4.630998e+02	9.309483e+00	3.744326e+01	368	1.970639e-02	0	
3.754501e+01	369	4.505881e+02	4.137913e+00	3.754501e+01	369	9.099794e-03	0	
3.764676e+01	370	4.594991e+02	8.046331e+00	3.764676e+01	370	1.720973e-02	0	
3.774851e+01	371	5.118060e+02	-6.888345e+00	3.774851e+01	371	-1.364251e-02	0	
3.785026e+01	372	4.546224e+02	-3.837163e+00	3.785026e+01	372	-8.512175e-03	0	
3.795200e+01	373	4.558639e+02	-8.348509e+00	3.795200e+01	373	-1.865524e-02	0	
3.805375e+01	374	4.840960e+02	-7.801734e+00	3.805375e+01	374	-1.638007e-02	0	
3.815550e+01	375	4.518389e+02	6.620469e+00	3.815550e+01	375	1.444069e-02	0	
3.825725e+01	376	4.439748e+02	-3.930022e+00	3.825725e+01	376	-8.930959e-03	0	
3.835900e+01	377	4.411491e+02	-2.431608e+00	3.835900e+01	377	-5.542537e-03	0	
3.846074e+01	378	4.161162e+02	-1.266287e+00	3.846074e+01	378	-3.052398e-03	0	
3.856249e+01	379	4.678198e+02	4.739104e+00	3.856249e+01	379	1.002860e-02	0	
3.866424e+01	380	4.504756e+02	1.117922e+01	3.866424e+01	380	2.421554e-02	0	
3.876599e+01	381	4.573916e+02	-1.028455e+01	3.876599e+01	381	-2.300243e-02	0	
3.886774e+01	382	4.435781e+02	7.360286e+00	3.886774e+01	382	1.632215e-02	0	
3.896948e+01	383	4.756340e+02	1.385490e+00	3.896948e+01	383	2.904473e-03	0	
3.907123e+01	384	4.484215e+02	-4.926125e+00	3.907123e+01	384	-1.110750e-02	0	
3.917298e+01	385	4.625136e+02	-6.903502e+00	3.917298e+01	385	-1.515221e-02	0	
3.927473e+01	386	4.508069e+02	7.812286e+00	3.927473e+01	386	1.703436e-02	0	
3.937648e+01	387	4.722856e+02	-4.349450e+00	3.937648e+01	387	-9.294965e-03	0	
3.947822e+01	388	4.506925e+02	-8.071710e+00	3.947822e+01	388	-1.823617e-02	0	
3.957997e+01	389	4.384781e+02	-2.136252e+01	3.957997e+01	389	-5.121487e-02	0	
3.968172e+01	390	4.818349e+02	-3.170224e+01	3.968172e+01	390	-7.042866e-02	0	
3.978347e+01	391	4.537624e+02	-1.435392e+01	3.978347e+01	391	-3.266646e-02	0	
3.988522e+01	392	4.561630e+02	9.431503e+00	3.988522e+01	392	2.025690e-02	0	
3.998696e+01	393	4.518968e+02	1.918901e+00	3.998696e+01	393	4.228371e-03	0	
4.008871e+01	394	4.620768e+02	1.486822e+01	4.008871e+01	394	3.117387e-02	0	
4.019046e+01	395	4.369606e+02	1.466968e+01	4.019046e+01	395	3.248161e-02	0	
4.029221e+01	396	4.859125e+02	3.520562e+01	4.029221e+01	396	6.755785e-02	0	
4.039396e+01	397	4.739932e+02	8.016098e+00	4.039396e+01	397	1.663059e-02	0	
4.049570e+01	398	4.463407e+02	3.196566e-01	4.049570e+01	398	7.156592e-04	0	
4.059745e+01	399	4.591802e+02	1.868979e+01	4.059745e+01	399	3.911062e-02	0	
4.069920e+01	400	4.832264e+02	1.359606e+01	4.069920e+01	400	2.736603e-02	0	
4.080095e+01	401	4.589366e+02	1.115937e+01	4.080095e+01	401	2.373849e-02	0	
4.090270e+01	402	4.751410e+02	6.851426e+00	4.090270e+01	402	1.421480e-02	0	
4.100444e+01	403	4.548678e+02	6.885652e+00	4.100444e+01	403	1.491197e-02	0	
4.110619e+01	404	4.901503e+02	1.961402e+01	4.110619e+01	404	3.847664e-02	0	
4.120794e+01	405	4.605540e+02	6.723163e+00	4.120794e+01	405	1.438796e-02	0	
4.130969e+01	406	4.849494e+02	-7.731171e+00	4.130969e+01	406	-1.620049e-02	0	
4.141144e+01	407	4.671104e+02	4.797602e+00	4.141144e+01	407	1.016639e-02	0	
4.151318e+01	408	5.122747e+02	-6.513682e+00	4.151318e+01	408	-1.287897e-02	0	
4.161493e+01	409	4.757234e+02	4.490758e-01	4.161493e+01	409	9.430948e-04	0	
4.171668e+01	410	4.993381e+02	2.309140e+00	4.171668e+01	410	4.603115e-03	0	
4.181843e+01	411	4.557042e+02	-7.539063e+00	4.181843e+01	411	-1.682206e-02	0	
4.192018e+01	412	4.307921e+02	-2.825057e+01	4.192018e+01	412	-7.018051e-02	0	
4.202192e+01	413	4.791901e+02	-7.388989e+00	4.202192e+01	413	-1.566124e-02	0	
4.212367e+01	414	4.468678e+02	-2.538766e+01	4.212367e+01	414	-6.023453e-02	0	
4.222542e+01	415	4.291253e+02	-2.913380e+01	4.222542e+01	415	-7.283605e-02	0	
4.232717e+01	416	4.780555e+02	-1.104244e+01	4.232717e+01	416	-2.364482e-02	0	
4.242892e+01	417	4.544149e+02	-1.059502e+01	4.242892e+01	417	-2.387234e-02	0	
4.253066e+01	418	4.429011e+02	1.459053e+00	4.253066e+01	418	3.283492e-03	0	
4.263241e+01	419	4.289353e+02	3.516034e+00	4.263241e+01	419	8.130473e-03	0	
4.273416e+01	420	4.558447e+02	-7.248360e+00	4.273416e+01	420	-1.615787e-02	0	
4.283591e+01	421	4.883642e+02	-1.456792e+01	4.283591e+01	421	-3.074722e-02	0	
4.293766e+01	422	4.966056e+02	-1.520650e+01	4.293766e+01	422	-3.158814e-02	0	
4.303940e+01	423	9.185384e+01	4.721637e+02	4.303940e+01	423	8.371436e-01	7.000000e-01	
4.314115e+01	424	7.817114e+01	5.106803e+02	4.314115e+01	424	8.672481e-01	7.000000e-01	
4.324290e+01	425	1.029446e+02	4.645378e+02	4.324290e+01	425	8.185942e-01	7.000000e-01	
4.334465e+01	426	7.082384e+01	4.824409e+02	4.334465e+01	426	8.719892e-01	7.000000e-01	
4.344640e+01	427	1.011629e+02	4.403850e+02	4.344640e+01	427	8.131968e-01	7.000000e-01	
4.354814e+01	428	9.929219e+01	4.536060e+02	4.354814e+01	428	8.204151e-01	7.000000e-01	
4.364989e+01	429	7.707673e+01	4.675953e+02	4.364989e+01	429	8.584896e-01	7.000000e-01	
4.375164e+01	430	9.678988e+01	4.818363e+02	4.375164e+01	430	8.327247e-01	7.000000e-01	
4.385339e+01	431	8.184725e+01	4.777459e+02	4.385339e+01	431	8.537379e-01	7.000000e-01	
4.395514e+01	432	9.815792e+01	4.762342e+02	4.395514e+01	432	8.291099e-01	7.000000e-01	
4.405688e+01	433	1.126845e+02	4.277332e+02	4.405688e+01	433	7.914863e-01	7.000000e-01	
4.415863e+01	434	1.161650e+02	4.201168e+02	4.415863e+01	434	7.833881e-01	7.000000e-01	
4.426038e+01	435	9.489227e+01	4.474835e+02	4.426038e+01	435	8.250433e-01	7.000000e-01	
4.436213e+01	436	1.093740e+02	4.143283e+02	4.436213e+01	436	7.911523e-01	7.000000e-01	
4.446388e+01	437	9.888202e+01	5.306598e+02	4.446388e+01	437	8.429302e-01	7.000000e-01	
4.456562e+01	438	9.831464e+01	4.045564e+02	4.456562e+01	438	8.044933e-01	7.000000e-01	
4.466737e+01	439	8.610273e+01	3.802568e+02	4.466737e+01	439	8.153726e-01	7.000000e-01	
4.476912e+01	440	1.216845e+02	3.828736e+02	4.476912e+01	440	7.588296e-01	7.000000e-01	
4.487087e+01	441	9.974947e+01	4.383064e+02	4.487087e+01	441	8.146113e-01	7.000000e-01	
4.497262e+01	442	1.072750e+02	4.123206e+02	4.497262e+01	442	7.935414e-01	7.000000e-01	
4.507436e+01	443	1.035295e+02	4.317086e+02	4.507436e+01	443	8.065730e-01	7.000000e-01	
4.517611e+01	444	1.013424e+02	4.147828e+02	4.517611e+01	444	8.036476e-01	7.000000e-01	
4.527786e+01	445	1.185519e+02	4.329629e+02	4.527786e+01	445	7.850431e-01	7.000000e-01	
4.537961e+01	446	1.194838e+02	3.949302e+02	4.537961e+01	446	7.677283e-01	7.000000e-01	
4.548136e+01	447	9.636065e+01	4.263318e+02	4.548136e+01	447	8.156456e-01	7.000000e-01	
4.558310e+01	448	1.029417e+02	4.507800e+02	4.558310e+01	448	8.140913e-01	7.000000e-01	
4.568485e+01	449	1.028287e+02	4.302672e+02	4.568485e+01	449	8.071103e-01	7.000000e-01	
4.578660e+01	450	9.922653e+01	4.456768e+02	4.578660e+01	450	8.179007e-01	7.000000e-01	
4.588835e+01	451	1.254202e+02	4.325797e+02	4.588835e+01	451	7.752326e-01	7.000000e-01	
4.599010e+01	452	1.016754e+02	4.693618e+02	4.599010e+01	452	8.219461e-01	7.000000e-01	
4.609184e+01	453	9.960939e+01	4.226371e+02	4.609184e+01	453	8.092675e-01	7.000000e-01	
4.619359e+01	454	1.091327e+02	4.652912e+02	4.619359e+01	454	8.100137e-01	7.000000e-01	
4.629534e+01	455	1.066996e+02	4.304847e+02	4.629534e+01	455	8.013725e-01	7.000000e-01	
4.639709e+01	456	9.661717e+01	3.934873e+02	4.639709e+01	456	8.028641e-01	7.000000e-01	
4.649884e+01	457	9.523827e+01	3.715382e+02	4.649884e+01	457	7.959660e-01	7.000000e-01	
4.660058e+01	458	1.002075e+02	4.489290e+02	4.660058e+01	458	8.175180e-01	7.000000e-01	
4.670233e+01	459	9.838117e+01	4.468696e+02	4.670233e+01	459	8.195671e-01	7.000000e-01	
4.680408e+01	460	1.239671e+02	4.484043e+02	4.680408e+01	460	7.834149e-01	7.000000e-01	
4.690583e+01	461	9.251104e+01	4.489435e+02	4.690583e+01	461	8.291435e-01	7.000000e-01	
4.700758e+01	462	1.007857e+02	4.403723e+02	4.700758e+01	462	8.137592e-01	7.000000e-01	
4.710932e+01	463	7.442967e+01	4.477676e+02	4.710932e+01	463	8.574683e-01	7.000000e-01	
4.721107e+01	464	6.548223e+01	4.824652e+02	4.721107e+01	464	8.804954e-01	7.000000e-01	
4.731282e+01	465	1.064078e+02	4.611363e+02	4.731282e+01	465	8.125118e-01	7.000000e-01	
4.741457e+01	466	7.524912e+01	4.518337e+02	4.741457e+01	466	8.572347e-01	7.000000e-01	
4.751632e+01	467	9.710348e+01	4.605641e+02	4.751632e+01	467	8.258757e-01	7.000000e-01	
4.761806e+01	468	1.083318e+02	4.768269e+02	4.761806e+01	468	8.148677e-01	7.000000e-01	
4.771981e+01	469	9.611698e+01	4.270444e+02	4.771981e+01	469	8.162766e-01	7.000000e-01	
4.782156e+01	470	8.096171e+01	4.717541e+02	4.782156e+01	470	8.535202e-01	7.000000e-01	
4.792331e+01	471	9.211225e+01	4.656843e+02	4.792331e+01	471	8.348641e-01	7.000000e-01	
4.802506e+01	472	9.328381e+01	4.576488e+02	4.802506e+01	472	8.306802e-01	7.000000e-01	
4.812680e+01	473	4.499724e+02	1.874241e+01	4.812680e+01	473	3.998681e-02	0	
4.822855e+01	474	4.624576e+02	-7.762823e+00	4.822855e+01	474	-1.707260e-02	0	
4.833030e+01	475	4.711998e+02	-1.071376e+01	4.833030e+01	475	-2.326620e-02	0	
4.843205e+01	476	4.500129e+02	1.869573e+01	4.843205e+01	476	3.988774e-02	0	
4.853380e+01	477	4.535622e+02	3.573762e+00	4.853380e+01	477	7.817722e-03	0	
4.863554e+01	478	4.813868e+02	-7.128664e+00	4.863554e+01	478	-1.503119e-02	0	
4.873729e+01	479	4.826356e+02	-1.577243e+01	4.873729e+01	479	-3.378384e-02	0	
4.883904e+01	480	4.453535e+02	-9.473402e-02	4.883904e+01	480	-2.127617e-04	0	
4.894079e+01	481	4.797717e+02	-1.070212e+01	4.894079e+01	481	-2.281563e-02	0	
4.904254e+01	482	4.643653e+02	-1.124727e+01	4.904254e+01	482	-2.482194e-02	0	
4.914428e+01	483	4.391637e+02	1.031789e+00	4.914428e+01	483	2.343934e-03	0	
4.924603e+01	484	4.711485e+02	-1.051749e+01	4.924603e+01	484	-2.283279e-02	0	
4.934778e+01	485	4.653671e+02	-1.360917e+01	4.934778e+01	485	-3.012492e-02	0	
4.944953e+01	486	4.570723e+02	-8.476744e+00	4.944953e+01	486	-1.889618e-02	0	
4.955128e+01	487	5.055252e+02	-2.211089e+01	4.955128e+01	487	-4.573901e-02	0	
4.965302e+01	488	5.182608e+02	-1.968587e+01	4.965302e+01	488	-3.948428e-02	0	
4.975477e+01	489	4.932381e+02	-6.743580e+00	4.975477e+01	489	-1.386157e-02	0	
4.985652e+01	490	5.202348e+02	-2.469312e+01	4.985652e+01	490	-4.983056e-02	0	
4.995827e+01	491	5.080233e+02	-1.401803e+01	4.995827e+01	491	-2.837628e-02	0	
5.006002e+01	492	5.026452e+02	-2.316687e+01	5.006002e+01	492	-4.831682e-02	0	
5.016176e+01	493	4.979851e+02	-2.131176e+01	5.016176e+01	493	-4.470936e-02	0	
5.026351e+01	494	4.361750e+02	2.631798e+00	5.026351e+01	494	5.997624e-03	0	
5.036526e+01	495	4.915969e+02	-8.714637e+00	5.036526e+01	495	-1.804713e-02	0	
5.046701e+01	496	4.345223e+02	-7.673484e+00	5.046701e+01	496	-1.797705e-02	0	
5.056876e+01	497	4.914161e+02	-1.963895e-01	5.056876e+01	497	-3.997997e-04	0	
5.067050e+01	498	4.403660e+02	-1.167230e+01	5.067050e+01	498	-2.722760e-02	0	
5.077225e+01	499	4.595625e+02	-1.368817e+01	5.077225e+01	499	-3.069961e-02	0	
5.087400e+01	500	4.576297e+02	-7.957886e+00	5.087400e+01	500	-1.769710e-02	0	
5.097575e+01	501	4.328588e+02	-5.040659e+00	5.097575e+01	501	-1.178225e-02	0	
5.107750e+01	502	4.904552e+02	-1.901626e+01	5.107750e+01	502	-4.033663e-02	0	
5.117924e+01	503	5.024124e+02	-1.394396e+01	5.117924e+01	503	-2.854629e-02	0	
5.128099e+01	504	5.321140e+02	1.645847e+00	5.128099e+01	504	3.083497e-03	0	
5.138274e+01	505	4.463152e+02	-2.616421e+01	5.138274e+01	505	-6.227335e-02	0	
5.148449e+01	506	4.685783e+02	3.641912e+01	5.148449e+01	506	7.211744e-02	0	
5.158624e+01	507	5.023131e+02	2.909216e+01	5.158624e+01	507	5.474571e-02	0	
5.168798e+01	508	4.816486e+02	2.047159e+01	5.168798e+01	508	4.077030e-02	0	
5.178973e+01	509	4.551743e+02	5.163354e+01	5.178973e+01	509	1.018799e-01	0	
5.189148e+01	510	4.735005e+02	4.061761e+01	5.189148e+01	510	7.900443e-02	0	
5.199323e+01	511	4.789901e+02	1.195729e+01	5.199323e+01	511	2.435554e-02	0	
5.209498e+01	512	4.745955e+02	1.903072e+01	5.209498e+01	512	3.855290e-02	0	
5.219672e+01	513	4.325681e+02	1.734303e+01	5.219672e+01	513	3.854768e-02	0	
5.229847e+01	514	4.761912e+02	1.606628e+01	5.229847e+01	514	3.263796e-02	0	
5.240022e+01	515	4.980828e+02	1.323552e+01	5.240022e+01	515	2.588509e-02	0	
5.250197e+01	516	4.688952e+02	9.392265e-01	5.250197e+01	516	1.999058e-03	0	
5.260372e+01	517	4.104418e+02	4.406292e+01	5.260372e+01	517	9.694711e-02	0	
5.270546e+01	518	4.459659e+02	1.613886e+01	5.270546e+01	518	3.492468e-02	0	
5.280721e+01	519	4.155065e+02	3.173162e+01	5.280721e+01	519	7.095017e-02	0	
5.290896e+01	520	4.805687e+02	8.984298e+00	5.290896e+01	520	1.835204e-02	0	
5.301071e+01	521	4.894721e+02	-1.993008e+00	5.301071e+01	521	-4.088397e-03	0	
5.311246e+01	522	4.802593e+02	8.586211e+00	5.311246e+01	522	1.756426e-02	0	
5.321420e+01	523	5.074785e+02	1.598954e+00	5.321420e+01	523	3.140886e-03	0	
5.331595e+01	524	4.801246e+02	-1.756623e+00	5.331595e+01	524	-3.672117e-03	0	
5.341770e+01	525	5.202703e+02	6.484410e+00	5.341770e+01	525	1.231011e-02	0	
5.351945e+01	526	4.854446e+02	1.266697e+01	5.351945e+01	526	2.542999e-02	0	
5.362120e+01	527	5.248018e+02	-8.448790e+00	5.362120e+01	527	-1.636243e-02	0	
5.372294e+01	528	4.637270e+02	1.177826e+01	5.372294e+01	528	2.476999e-02	0	
5.382469e+01	529	5.027488e+02	1.818041e+01	5.382469e+01	529	3.489996e-02	0	
5.392644e+01	530	4.827712e+02	3.115677e+00	5.392644e+01	530	6.412351e-03	0	
5.402819e+01	531	4.618017e+02	-2.553333e+01	5.402819e+01	531	-5.852666e-02	0	
5.412994e+01	532	4.687683e+02	3.071184e+01	5.412994e+01	532	6.148761e-02	0	
5.423168e+01	533	4.708593e+02	1.118568e+01	5.423168e+01	533	2.320464e-02	0	
5.433343e+01	534	4.696865e+02	-1.951170e+01	5.433343e+01	534	-4.334250e-02	0	
5.443518e+01	535	1.179699e+02	4.303484e+02	5.443518e+01	535	7.848514e-01	7.000000e-01	
5.453693e+01	536	1.215879e+02	4.384164e+02	5.453693e+01	536	7.828804e-01	7.000000e-01	
5.463868e+01	537	1.344580e+02	4.379905e+02	5.463868e+01	537	7.651177e-01	7.000000e-01	
5.474042e+01	538	8.560694e+01	4.432515e+02	5.474042e+01	538	8.381288e-01	7.000000e-01	
5.484217e+01	539	1.281514e+02	4.372636e+02	5.484217e+01	539	7.733498e-01	7.000000e-01	
5.494392e+01	540	1.146435e+02	4.245377e+02	5.494392e+01	540	7.873748e-01	7.000000e-01	
5.504567e+01	541	1.154907e+02	4.298097e+02	5.504567e+01	541	7.882072e-01	7.000000e-01	
5.514742e+01	542	1.420226e+02	3.997936e+02	5.514742e+01	542	7.378768e-01	7.000000e-01	
5.524916e+01	543	1.242525e+02	4.426656e+02	5.524916e+01	543	7.808281e-01	7.000000e-01	
5.535091e+01	544	1.241192e+02	4.480246e+02	5.535091e+01	544	7.830629e-01	7.000000e-01	
5.545266e+01	545	1.203485e+02	4.364439e+02	5.545266e+01	545	7.838539e-01	7.000000e-01	
5.555441e+01	546	1.276626e+02	4.356314e+02	5.555441e+01	546	7.733642e-01	7.000000e-01	
5.565616e+01	547	1.632718e+02	4.083130e+02	5.565616e+01	547	7.143524e-01	7.000000e-01	
5.575790e+01	548	1.140010e+02	3.783010e+02	5.575790e+01	548	7.684328e-01	7.000000e-01	
5.585965e+01	549	1.288352e+02	4.062827e+02	5.585965e+01	549	7.592396e-01	7.000000e-01	
5.596140e+01	550	1.413842e+02	3.710933e+02	5.596140e+01	550	7.241163e-01	7.000000e-01	
5.606315e+01	551	1.141202e+02	4.311511e+02	5.606315e+01	551	7.907093e-01	7.000000e-01	
5.616490e+01	552	1.045333e+02	4.028521e+02	5.616490e+01	552	7.939765e-01	7.000000e-01	
5.626664e+01	553	1.451356e+02	3.936539e+02	5.626664e+01	553	7.306265e-01	7.000000e-01	
5.636839e+01	554	8.516181e+01	4.162230e+02	5.636839e+01	554	8.301468e-01	7.000000e-01	
5.647014e+01	555	1.218985e+02	3.457396e+02	5.647014e+01	555	7.393315e-01	7.000000e-01	
5.657189e+01	556	8.703718e+01	4.004738e+02	5.657189e+01	556	8.214662e-01	7.000000e-01	
5.667364e+01	557	8.519940e+01	4.161508e+02	5.667364e+01	557	8.300601e-01	7.000000e-01	
5.677538e+01	558	4.765707e+02	1.380544e+01	5.677538e+01	558	2.815276e-02	0	
5.687713e+01	559	4.700381e+02	1.679931e+01	5.687713e+01	559	3.450702e-02	0	
5.697888e+01	560	4.715669e+02	2.020799e+00	5.697888e+01	560	4.267001e-03	0	
5.708063e+01	561	4.702772e+02	2.446507e+00	5.708063e+01	561	5.175342e-03	0	
5.718238e+01	562	4.735974e+02	2.146293e+01	5.718238e+01	562	4.335417e-02	0	
5.728412e+01	563	4.618500e+02	2.560800e+01	5.728412e+01	563	5.253376e-02	0	
5.738587e+01	564	4.613971e+02	1.770785e+01	5.738587e+01	564	3.696027e-02	0	
5.748762e+01	565	4.528959e+02	1.584573e+01	5.748762e+01	565	3.380483e-02	0	
5.758937e+01	566	4.860017e+02	1.718681e+01	5.758937e+01	566	3.415581e-02	0	
5.769112e+01	567	4.796186e+02	2.554216e+01	5.769112e+01	567	5.056244e-02	0	
5.779286e+01	568	3.994188e+02	3.238721e+01	5.779286e+01	568	7.500407e-02	0	
5.789461e+01	569	4.707652e+02	-9.516087e+00	5.789461e+01	569	-2.063112e-02	0	
5.799636e+01	570	4.758078e+02	-6.129927e+00	5.799636e+01	570	-1.305134e-02	0	
5.809811e+01	571	4.731438e+02	4.200951e+00	5.809811e+01	571	8.800664e-03	0	
5.819986e+01	572	4.850787e+02	7.212611e+00	5.819986e+01	572	1.465110e-02	0	
5.830160e+01	573	4.879627e+02	-1.312382e+01	5.830160e+01	573	-2.763847e-02	0	
5.840335e+01	574	4.596289e+02	-3.044151e+00	5.840335e+01	574	-6.667220e-03	0	
5.850510e+01	575	4.678435e+02	-5.119574e+00	5.850510e+01	575	-1.106399e-02	0	
5.860685e+01	576	4.664263e+02	-6.090153e+00	5.860685e+01	576	-1.322980e-02	0	
5.870860e+01	577	4.835942e+02	-1.492005e+01	5.870860e+01	577	-3.183459e-02	0	
5.881034e+01	578	4.734998e+02	-2.735130e+00	5.881034e+01	578	-5.809973e-03	0	
5.891209e+01	579	4.781715e+02	-5.123875e+00	5.891209e+01	579	-1.083163e-02	0	
5.901384e+01	580	4.768763e+02	-5.172194e+00	5.901384e+01	580	-1.096491e-02	0	
5.911559e+01	581	4.865628e+02	-6.126471e-01	5.911559e+01	581	-1.260720e-03	0	
5.921734e+01	582	4.602059e+02	-6.249492e+00	5.921734e+01	582	-1.376672e-02	0	
5.931908e+01	583	4.824357e+02	-6.723819e+00	5.931908e+01	583	-1.413423e-02	0	
5.942083e+01	584	4.627189e+02	-8.161215e+00	5.942083e+01	584	-1.795419e-02	0	
5.952258e+01	585	4.668665e+02	-2.114838e+01	5.952258e+01	585	-4.744788e-02	0	
5.962433e+01	586	4.818336e+02	5.584619e+00	5.962433e+01	586	1.145755e-02	0	
5.972608e+01	587	5.002908e+02	-6.184043e+00	5.972608e+01	587	-1.251560e-02	0	
5.982782e+01	588	4.701116e+02	1.338909e+01	5.982782e+01	588	2.769198e-02	0	
5.992957e+01	589	5.017420e+02	-8.080871e+00	5.992957e+01	589	-1.636927e-02	0	
6.003132e+01	590	4.511861e+02	1.159735e+01	6.003132e+01	590	2.505999e-02	0	
6.013307e+01	591	4.804580e+02	-1.528420e+00	6.013307e+01	591	-3.191325e-03	0	
6.023482e+01	592	4.246256e+02	-2.973157e+00	6.023482e+01	592	-7.051203e-03	0	
6.033656e+01	593	4.151563e+02	-1.950498e+00	6.033656e+01	593	-4.720403e-03	0	
6.043831e+01	594	4.861136e+02	3.179812e+00	6.043831e+01	594	6.498784e-03	0	
6.054006e+01	595	4.150361e+02	-2.441476e-01	6.054006e+01	595	-5.886025e-04	0	
6.064181e+01	596	3.596971e+02	8.146053e+00	6.064181e+01	596	2.214545e-02	0	
6.074356e+01	597	4.305390e+02	-6.962632e+00	6.074356e+01	597	-1.643773e-02	0	
6.084530e+01	598	3.481679e+02	1.293694e+01	6.084530e+01	598	3.582599e-02	0	
6.094705e+01	599	3.586546e+02	8.245060e+00	6.094705e+01	599	2.247225e-02	0	
6.104880e+01	600	4.549904e+02	-1.434736e+01	6.104880e+01	600	-3.256005e-02	0	
6.115055e+01	601	4.538791e+02	-2.535192e+00	6.115055e+01	601	-5.616985e-03	0	
6.125230e+01	602	4.005746e+02	-4.731648e+00	6.125230e+01	602	-1.195335e-02	0	
6.135404e+01	603	4.560617e+02	-1.537284e+01	6.135404e+01	603	-3.488366e-02	0	
6.145579e+01	604	4.314073e+02	4.684522e+00	6.145579e+01	604	1.074205e-02	0	
6.155754e+01	605	4.208764e+02	-2.105245e+00	6.155754e+01	605	-5.027197e-03	0	
6.165929e+01	606	4.293311e+02	1.793529e+00	6.165929e+01	606	4.160117e-03	0	
6.176104e+01	607	4.297800e+02	7.078880e+00	6.176104e+01	607	1.620404e-02	0	
6.186278e+01	608	4.480331e+02	-1.077144e+00	6.186278e+01	608	-2.409956e-03	0	
6.196453e+01	609	4.460080e+02	3.405821e+00	6.196453e+01	609	7.578363e-03	0	
6.206628e+01	610	4.299020e+02	1.228026e+01	6.206628e+01	610	2.777194e-02	0	
6.216803e+01	611	4.304761e+02	5.372733e+00	6.216803e+01	611	1.232706e-02	0	
6.226978e+01	612	4.305965e+02	9.817006e+00	6.226978e+01	612	2.229043e-02	0	
6.237152e+01	613	4.638150e+02	-1.515209e+01	6.237152e+01	613	-3.377166e-02	0	
6.247327e+01	614	4.770466e+02	9.409885e+00	6.247327e+01	614	1.934373e-02	0	
6.257502e+01	615	4.719310e+02	9.053914e+00	6.257502e+01	615	1.882370e-02	0	
6.267677e+01	616	4.358049e+02	5.916924e+00	6.267677e+01	616	1.339514e-02	0	
6.277852e+01	617	4.808954e+02	1.012051e+01	6.277852e+01	617	2.061137e-02	0	
6.288026e+01	618	4.522194e+02	1.364984e+01	6.288026e+01	618	2.929972e-02	0	
6.298201e+01	619	4.618145e+02	9.945079e+00	6.298201e+01	619	2.108082e-02	0	
6.308376e+01	620	4.758503e+02	-6.331575e-02	6.308376e+01	620	-1.330758e-04	0	
6.318551e+01	621	5.187534e+02	-1.139858e+01	6.318551e+01	621	-2.246668e-02	0	
6.328726e+01	622	4.820765e+02	3.565315e+01	6.328726e+01	622	6.886442e-02	0	
6.338900e+01	623	4.944425e+02	3.512338e+01	6.338900e+01	623	6.632485e-02	0	
6.349075e+01	624	4.834772e+02	3.533889e+01	6.349075e+01	624	6.811448e-02	0	
6.359250e+01	625	4.430438e+02	7.293390e+00	6.359250e+01	625	1.619540e-02	0	
6.369425e+01	626	4.818077e+02	3.282036e+01	6.369425e+01	626	6.377491e-02	0	
6.379600e+01	627	4.458885e+02	5.514979e+00	6.379600e+01	627	1.221740e-02	0	
6.389774e+01	628	4.098847e+02	1.010294e+01	6.389774e+01	628	2.405533e-02	0	
6.399949e+01	629	4.147254e+02	1.910245e+01	6.399949e+01	629	4.403233e-02	0	
6.410124e+01	630	4.790503e+02	1.992027e+01	6.410124e+01	630	3.992274e-02	0	
6.420299e+01	631	4.290954e+02	9.842642e+00	6.420299e+01	631	2.242376e-02	0	
6.430474e+01	632	4.527691e+02	2.929783e+01	6.430474e+01	632	6.077544e-02	0	
6.440648e+01	633	4.588426e+02	5.162301e+00	6.440648e+01	633	1.112553e-02	0	
6.450823e+01	634	4.712112e+02	-3.091657e-01	6.450823e+01	634	-6.565393e-04	0	
6.460998e+01	635	4.606738e+02	2.714076e+00	6.460998e+01	635	5.857029e-03	0	
6.471173e+01	636	4.629886e+02	-7.595463e+00	6.471173e+01	636	-1.667891e-02	0	
6.481348e+01	637	4.722853e+02	1.696864e-01	6.481348e+01	637	3.591589e-04	0	
6.491522e+01	638	4.701737e+02	-5.035949e+00	6.491522e+01	638	-1.082679e-02	0	
6.501697e+01	639	4.478954e+02	1.081164e+01	6.501697e+01	639	2.356981e-02	0	
6.511872e+01	640	5.017774e+02	5.310290e+00	6.511872e+01	640	1.047213e-02	0	
6.522047e+01	641	4.761916e+02	-2.171797e+00	6.522047e+01	641	-4.581659e-03	0	
6.532222e+01	642	4.693164e+02	-4.039701e+00	6.532222e+01	642	-8.682363e-03	0	
6.542396e+01	643	4.700705e+02	-1.098802e-01	6.542396e+01	643	-2.338072e-04	0	
6.552571e+01	644	4.888371e+02	-2.650570e+01	6.552571e+01	644	-5.733052e-02	0	
6.562746e+01	645	5.134153e+02	2.903730e-01	6.562746e+01	645	5.652517e-04	0	
6.572921e+01	646	4.577548e+02	-3.948071e+00	6.572921e+01	646	-8.699895e-03	0	
6.583096e+01	647	4.647564e+02	2.610225e+00	6.583096e+01	647	5.584962e-03	0	
6.593270e+01	648	5.043840e+02	-1.584839e+01	6.593270e+01	648	-3.244060e-02	0	
6.603445e+01	649	4.635442e+02	2.035191e+00	6.603445e+01	649	4.371308e-03	0	
6.613620e+01	650	4.804786e+02	-6.352585e+00	6.613620e+01	650	-1.339852e-02	0	
6.623795e+01	651	4.602905e+02	-2.190331e+00	6.623795e+01	651	-4.781336e-03	0	
6.633970e+01	652	4.786729e+02	2.936490e+00	6.633970e+01	652	6.097244e-03	0	
6.644144e+01	653	4.411341e+02	5.126912e+00	6.644144e+01	653	1.148859e-02	0	
6.654319e+01	654	4.536822e+02	-5.358012e+00	6.654319e+01	654	-1.195120e-02	0	
6.664494e+01	655	5.085965e+02	8.041619e+00	6.664494e+01	655	1.556528e-02	0	
6.674669e+01	656	4.822951e+02	-1.006331e+01	6.674669e+01	656	-2.131011e-02	0	
6.684844e+01	657	4.685212e+02	-3.589763e+00	6.684844e+01	657	-7.721059e-03	0	
6.695018e+01	658	5.036260e+02	-1.275914e+01	6.695018e+01	658	-2.599308e-02	0	
6.705193e+01	659	4.914143e+02	1.784755e+00	6.705193e+01	659	3.618732e-03	0	
6.715368e+01	660	4.466871e+02	-3.030308e+00	6.715368e+01	660	-6.830298e-03	0	
6.725543e+01	661	5.224523e+02	-3.222758e+01	6.725543e+01	661	-6.574042e-02	0	
6.735718e+01	662	4.726350e+02	-1.930624e+00	6.735718e+01	662	-4.101564e-03	0	
6.745892e+01	663	5.059621e+02	4.936007e+00	6.745892e+01	663	9.661431e-03	0	
6.756067e+01	664	4.845150e+02	-1.427652e+01	6.756067e+01	664	-3.036017e-02	0	
6.766242e+01	665	5.128647e+02	-1.938387e+01	6.766242e+01	665	-3.927988e-02	0	
6.776417e+01	666	4.695912e+02	2.595570e+01	6.776417e+01	666	5.237789e-02	0	
6.786592e+01	667	5.118275e+02	-1.430893e+01	6.786592e+01	667	-2.876059e-02	0	
6.796766e+01	668	4.664981e+02	4.570256e+00	6.796766e+01	668	9.701896e-03	0	
6.806941e+01	669	4.784932e+02	-3.252445e+00	6.806941e+01	669	-6.843784e-03	0	
6.817116e+01	670	4.993410e+02	-1.612879e+00	6.817116e+01	670	-3.240482e-03	0	
6.827291e+01	671	4.801726e+02	1.819478e+01	6.827291e+01	671	3.650877e-02	0	
6.837466e+01	672	4.173937e+02	7.222907e+00	6.837466e+01	672	1.701042e-02	0	
6.847640e+01	673	4.929310e+02	-5.334334e+00	6.847640e+01	673	-1.094005e-02	0	
6.857815e+01	674	4.586750e+02	1.721662e+00	6.857815e+01	674	3.739519e-03	0	
6.867990e+01	675	4.406082e+02	2.857755e+00	6.867990e+01	675	6.444136e-03	0	
6.878165e+01	676	4.623954e+02	-1.102643e+00	6.878165e+01	676	-2.390332e-03	0	
6.888340e+01	677	4.428631e+02	2.657677e+01	6.888340e+01	677	5.661379e-02	0	
6.898514e+01	678	4.517734e+02	1.848141e+01	6.898514e+01	678	3.930084e-02	0	
6.908689e+01	679	4.557233e+02	1.229623e+01	6.908689e+01	679	2.627290e-02	0	
6.918864e+01	680	4.223289e+02	3.258806e+01	6.918864e+01	680	7.163518e-02	0	
6.929039e+01	681	4.533248e+02	2.172689e+01	6.929039e+01	681	4.573584e-02	0	
6.939214e+01	682	4.534481e+02	1.875414e+01	6.939214e+01	682	3.971633e-02	0	
6.949388e+01	683	4.554353e+02	2.381940e+01	6.949388e+01	683	4.970092e-02	0	
6.959563e+01	684	4.396072e+02	5.935342e+00	6.959563e+01	684	1.332161e-02	0	
6.969738e+01	685	4.487582e+02	1.765452e-01	6.969738e+01	685	3.932536e-04	0	
6.979913e+01	686	4.285947e+02	1.004675e+01	6.979913e+01	686	2.290424e-02	0	
6.990088e+01	687	4.105715e+02	1.262338e+01	6.990088e+01	687	2.982876e-02	0	
7.000262e+01	688	4.171473e+02	8.464409e+00	7.000262e+01	688	1.988763e-02	0	
7.010437e+01	689	4.456921e+02	9.036839e+00	7.010437e+01	689	1.987302e-02	0	
7.020612e+01	690	4.176879e+02	6.619850e-01	7.020612e+01	690	1.582372e-03	0	
7.030787e+01	691	4.489230e+02	1.000147e+01	7.030787e+01	691	2.179328e-02	0	
7.040962e+01	692	4.219160e+02	7.526894e+00	7.040962e+01	692	1.752711e-02	0	
7.051136e+01	693	4.178524e+02	7.055256e-01	7.051136e+01	693	1.685610e-03	0	
7.061311e+01	694	4.363304e+02	9.586505e+00	7.061311e+01	694	2.149841e-02	0	
7.071486e+01	695	4.271620e+02	1.408816e+01	7.071486e+01	695	3.192783e-02	0	
7.081661e+01	696	4.523094e+02	7.991425e-02	7.081661e+01	696	1.766493e-04	0	
7.091836e+01	697	4.624517e+02	-1.691337e+00	7.091836e+01	697	-3.670752e-03	0	
7.102010e+01	698	4.554810e+02	3.259827e+00	7.102010e+01	698	7.106032e-03	0	
7.112185e+01	699	4.353033e+02	8.711236e+00	7.112185e+01	699	1.961926e-02	0	
7.122360e+01	700	4.934762e+02	-2.690116e+00	7.122360e+01	700	-5.481239e-03	0	
7.132535e+01	701	4.448940e+02	1.142703e+01	7.132535e+01	701	2.504165e-02	0	
7.142710e+01	702	4.758498e+02	-6.836187e+00	7.142710e+01	702	-1.457567e-02	0	
7.152884e+01	703	4.388630e+02	9.491713e+00	7.152884e+01	703	2.117010e-02	0	
7.163059e+01	704	4.765734e+02	1.851348e+01	7.163059e+01	704	3.739441e-02	0	
7.173234e+01	705	4.773296e+02	-2.037106e+01	7.173234e+01	705	-4.457967e-02	0	
7.183409e+01	706	4.713922e+02	-1.877552e+01	7.183409e+01	706	-4.148217e-02	0	
7.193584e+01	707	4.469915e+02	1.713228e+01	7.193584e+01	707	3.691317e-02	0	
7.203758e+01	708	4.539968e+02	2.080796e+01	7.203758e+01	708	4.382424e-02	0	
7.213933e+01	709	5.281824e+02	1.651774e+01	7.213933e+01	709	3.032446e-02	0	
7.224108e+01	710	4.652954e+02	2.036769e+01	7.224108e+01	710	4.193790e-02	0	
7.234283e+01	711	4.694035e+02	1.810657e+01	7.234283e+01	711	3.714091e-02	0	
7.244458e+01	712	4.816258e+02	1.956716e+01	7.244458e+01	712	3.904117e-02	0	
7.254632e+01	713	4.671518e+02	2.067295e+01	7.254632e+01	713	4.237782e-02	0	
7.264807e+01	714	4.502075e+02	1.803405e+01	7.264807e+01	714	3.851442e-02	0	
7.274982e+01	715	4.399119e+02	1.806151e+01	7.274982e+01	715	3.943790e-02	0	
7.285157e+01	716	4.549362e+02	1.247895e+01	7.285157e+01	716	2.669779e-02	0	
7.295332e+01	717	4.521346e+02	1.188653e+01	7.295332e+01	717	2.561636e-02	0	
7.305506e+01	718	4.507726e+02	1.397414e+01	7.305506e+01	718	3.006829e-02	0	
7.315681e+01	719	4.328722e+02	1.305726e+01	7.315681e+01	719	2.928100e-02	0	
7.325856e+01	720	4.524298e+02	1.992669e+01	7.325856e+01	720	4.218570e-02	0	
7.336031e+01	721	4.901963e+02	-2.636532e+01	7.336031e+01	721	-5.684252e-02	0	
7.346206e+01	722	4.437585e+02	-1.488968e+01	7.346206e+01	722	-3.471850e-02	0	
7.356380e+01	723	4.721966e+02	2.201635e+01	7.356380e+01	723	4.454831e-02	0	
7.366555e+01	724	4.674531e+02	1.927313e+01	7.366555e+01	724	3.959748e-02	0	
7.376730e+01	725	4.396434e+02	2.428786e+01	7.376730e+01	725	5.235228e-02	0	
7.386905e+01	726	4.690768e+02	2.477370e+01	7.386905e+01	726	5.016437e-02	0	
7.397080e+01	727	4.524840e+02	1.317793e+01	7.397080e+01	727	2.829935e-02	0	
7.407254e+01	728	4.840841e+02	1.332834e+01	7.407254e+01	728	2.679535e-02	0	
7.417429e+01	729	4.554899e+02	1.499417e+00	7.417429e+01	729	3.281077e-03	0	
7.427604e+01	730	4.587998e+02	-1.687796e+01	7.427604e+01	730	-3.819218e-02	0	
7.437779e+01	731	4.773525e+02	-3.559436e+01	7.437779e+01	731	-8.057432e-02	0	
7.447954e+01	732	4.351182e+02	3.697173e+00	7.447954e+01	732	8.425350e-03	0	
7.458128e+01	733	4.856271e+02	-3.693568e+01	7.458128e+01	733	-8.231867e-02	0	
7.468303e+01	734	4.461889e+02	5.081984e+01	7.468303e+01	734	1.022514e-01	0	
7.478478e+01	735	4.672893e+02	1.794983e+01	7.478478e+01	735	3.699172e-02	0	
7.488653e+01	736	4.675896e+02	2.060725e+01	7.488653e+01	736	4.221094e-02	0	
7.498828e+01	737	4.464995e+02	2.083906e+01	7.498828e+01	737	4.459093e-02	0	
7.509002e+01	738	4.647712e+02	2.428585e+01	7.509002e+01	738	4.965852e-02	0	
7.519177e+01	739	4.611964e+02	2.990154e+01	7.519177e+01	739	6.088712e-02	0	
7.529352e+01	740	4.492491e+02	1.232710e+01	7.529352e+01	740	2.670653e-02	0	
7.539527e+01	741	4.004032e+02	5.677707e+01	7.539527e+01	741	1.241897e-01	0	
7.549702e+01	742	4.448739e+02	1.091502e+01	7.549702e+01	742	2.394753e-02	0	
7.559876e+01	743	4.803398e+02	1.294880e+01	7.559876e+01	743	2.624995e-02	0	
7.570051e+01	744	4.668428e+02	-1.328847e+01	7.570051e+01	744	-2.929852e-02	0	
7.580226e+01	745	4.651114e+02	-5.952238e-01	7.580226e+01	745	-1.281384e-03	0	
7.590401e+01	746	4.416909e+02	6.022537e+00	7.590401e+01	746	1.345177e-02	0	
7.600576e+01	747	4.404517e+02	9.410922e+00	7.600576e+01	747	2.091955e-02	0	
7.610750e+01	748	4.670919e+02	-1.473527e+00	7.610750e+01	748	-3.164667e-03	0	
7.620925e+01	749	4.504235e+02	-1.411505e+01	7.620925e+01	749	-3.235108e-02	0	
7.631100e+01	750	4.473839e+02	1.475822e+01	7.631100e+01	750	3.193438e-02	0	
7.641275e+01	751	4.543641e+02	1.649777e+01	7.641275e+01	751	3.503739e-02	0	
7.651450e+01	752	4.390108e+02	8.433952e+00	7.651450e+01	752	1.884915e-02	0	
7.661624e+01	753	4.603751e+02	1.707629e+01	7.661624e+01	753	3.576550e-02	0	
7.671799e+01	754	4.527187e+02	1.788384e+01	7.671799e+01	754	3.800200e-02	0	
7.681974e+01	755	4.263523e+02	3.839357e+01	7.681974e+01	755	8.261197e-02	0	
7.692149e+01	756	4.748942e+02	1.485663e+01	7.692149e+01	756	3.033508e-02	0	
7.702324e+01	757	4.791234e+02	2.693303e+01	7.702324e+01	757	5.322140e-02	0	
7.712498e+01	758	4.500552e+02	4.026568e+01	7.712498e+01	758	8.212108e-02	0	
7.722673e+01	759	4.540819e+02	1.380201e+01	7.722673e+01	759	2.949879e-02	0	
7.732848e+01	760	4.824562e+02	-1.033389e+01	7.732848e+01	760	-2.188816e-02	0	
7.743023e+01	761	4.855824e+02	-5.671250e+00	7.743023e+01	761	-1.181729e-02	0	
7.753198e+01	762	4.627488e+02	1.921554e+01	7.753198e+01	762	3.986922e-02	0	
7.763372e+01	763	4.742026e+02	5.023858e+00	7.763372e+01	763	1.048327e-02	0	
7.773547e+01	764	5.094672e+02	-2.327051e+01	7.773547e+01	764	-4.786234e-02	0	
7.783722e+01	765	4.981673e+02	3.175557e+00	7.783722e+01	765	6.334102e-03	0	
7.793897e+01	766	4.710751e+02	1.238479e+01	7.793897e+01	766	2.561700e-02	0	
7.804072e+01	767	4.969799e+02	1.275341e+01	7.804072e+01	767	2.501977e-02	0	
7.814246e+01	768	4.873723e+02	-6.045945e+00	7.814246e+01	768	-1.256101e-02	0	
7.824421e+01	769	5.373415e+02	5.011139e+00	7.824421e+01	769	9.239632e-03	0	
7.834596e+01	770	4.673186e+02	9.139458e+00	7.834596e+01	770	1.918208e-02	0	
7.844771e+01	771	4.879894e+02	1.205021e+00	7.844771e+01	771	2.463276e-03	0	
7.854946e+01	772	4.620723e+02	1.106937e+00	7.854946e+01	772	2.389867e-03	0	
7.865120e+01	773	4.647181e+02	8.076844e+00	7.865120e+01	773	1.708319e-02	0	
7.875295e+01	774	5.124049e+02	-9.049374e-01	7.875295e+01	774	-1.769184e-03	0	
7.885470e+01	775	4.728697e+02	4.367991e+00	7.885470e+01	775	9.152653e-03	0	
7.895645e+01	776	5.106864e+02	3.801202e+00	7.895645e+01	776	7.388326e-03	0	
7.905820e+01	777	4.765991e+02	5.610175e+00	7.905820e+01	777	1.163432e-02	0	
7.915994e+01	778	4.464159e+02	1.101634e-01	7.915994e+01	778	2.467121e-04	0	
7.926169e+01	779	4.895394e+02	-2.926846e+00	7.926169e+01	779	-6.014736e-03	0	
7.936344e+01	780	4.958220e+02	1.587096e+00	7.936344e+01	780	3.190726e-03	0	
7.946519e+01	781	4.662865e+02	1.121409e+01	7.946519e+01	781	2.348498e-02	0	
7.956694e+01	782	5.162008e+02	-5.458242e+00	7.956694e+01	782	-1.068688e-02	0	
7.966868e+01	783	4.941267e+02	9.494018e+00	7.966868e+01	783	1.885152e-02	0	
7.977043e+01	784	4.896369e+02	1.524827e+00	7.977043e+01	784	3.104531e-03	0	
7.987218e+01	785	4.989575e+02	-8.778684e+00	7.987218e+01	785	-1.790915e-02	0	
7.997393e+01	786	4.930101e+02	3.754125e+01	7.997393e+01	786	7.075894e-02	0	
8.007568e+01	787	4.953978e+02	5.546693e+00	8.007568e+01	787	1.107247e-02	0	
8.017742e+01	788	5.116382e+02	-6.617175e+00	8.017742e+01	788	-1.310277e-02	0	
8.027917e+01	789	4.933645e+02	2.221477e+01	8.027917e+01	789	4.308701e-02	0	
8.038092e+01	790	4.709420e+02	4.460121e+01	8.038092e+01	790	8.651304e-02	0	
8.048267e+01	791	4.753374e+02	1.037430e+00	8.048267e+01	791	2.177760e-03	0	
8.058442e+01	792	4.946561e+02	1.287677e+01	8.058442e+01	792	2.537130e-02	0	
8.068616e+01	793	5.198479e+02	-1.901613e+01	8.068616e+01	793	-3.796910e-02	0	
8.078791e+01	794	4.995983e+02	-2.493521e+01	8.078791e+01	794	-5.253244e-02	0	
8.088966e+01	795	5.190019e+02	-1.430480e+01	8.088966e+01	795	-2.834334e-02	0	
8.099141e+01	796	4.460747e+02	1.753279e+01	8.099141e+01	796	3.781818e-02	0	
8.109316e+01	797	4.273567e+02	2.173693e+01	8.109316e+01	797	4.840178e-02	0	
8.119490e+01	798	4.484652e+02	1.068192e+01	8.119490e+01	798	2.326470e-02	0	
8.129665e+01	799	4.858587e+02	-4.422563e+00	8.129665e+01	799	-9.186188e-03	0	
8.139840e+01	800	4.308143e+02	2.128536e+01	8.139840e+01	800	4.708112e-02	0	
8.150015e+01	801	4.598599e+02	9.713707e+00	8.150015e+01	801	2.068623e-02	0	
8.160190e+01	802	4.790267e+02	4.217265e+00	8.160190e+01	802	8.726989e-03	0	
8.170364e+01	803	4.607791e+02	5.065502e+00	8.170364e+01	803	1.087380e-02	0	
8.180539e+01	804	4.661343e+02	1.419761e+01	8.180539e+01	804	2.955792e-02	0	
8.190714e+01	805	4.611727e+02	2.291103e+01	8.190714e+01	805	4.732865e-02	0	
8.200889e+01	806	4.522971e+02	1.772518e+01	8.200889e+01	806	3.771136e-02	0	
8.211064e+01	807	4.656455e+02	9.438979e+00	8.211064e+01	807	1.986800e-02	0	
8.221238e+01	808	4.527353e+02	-1.301959e+01	8.221238e+01	808	-2.960911e-02	0	
8.231413e+01	809	4.705354e+02	1.737709e+01	8.231413e+01	809	3.561518e-02	0	
8.241588e+01	810	4.452168e+02	2.690795e+01	8.241588e+01	810	5.699331e-02	0	
8.251763e+01	811	4.627089e+02	7.926898e+00	8.251763e+01	811	1.684296e-02	0	
8.261938e+01	812	4.529565e+02	7.761619e+00	8.261938e+01	812	1.684678e-02	0	
8.272112e+01	813	4.396347e+02	2.010389e+01	8.272112e+01	813	4.372896e-02	0	
8.282287e+01	814	4.237937e+02	1.738452e+01	8.282287e+01	814	3.940476e-02	0	
8.292462e+01	815	4.636173e+02	2.991716e+01	8.292462e+01	815	6.061818e-02	0	
8.302637e+01	816	4.454893e+02	1.387866e+01	8.302637e+01	816	3.021251e-02	0	
8.312812e+01	817	4.516209e+02	2.007361e+01	8.312812e+01	817	4.255638e-02	0	
8.322986e+01	818	4.401892e+02	2.127742e+01	8.322986e+01	818	4.610825e-02	0	
8.333161e+01	819	4.433740e+02	3.180184e+01	8.333161e+01	819	6.692647e-02	0	
8.343336e+01	820	4.486712e+02	2.011011e+01	8.343336e+01	820	4.289870e-02	0	
8.353511e+01	821	4.569689e+02	2.149917e+01	8.353511e+01	821	4.493334e-02	0	
8.363686e+01	822	4.451098e+02	1.155649e+01	8.363686e+01	822	2.530620e-02	0	
8.373860e+01	823	4.494634e+02	5.926115e+01	8.373860e+01	823	1.164897e-01	0	
8.384035e+01	824	4.322701e+02	4.487495e+01	8.384035e+01	824	9.404886e-02	0	
8.394210e+01	825	4.560951e+02	5.107628e+01	8.394210e+01	825	1.007081e-01	0	
8.404385e+01	826	4.624455e+02	1.171018e+01	8.404385e+01	826	2.469691e-02	0	
8.414560e+01	827	4.979384e+02	-1.328514e+00	8.414560e+01	827	-2.675166e-03	0	
8.424734e+01	828	4.361087e+02	2.578146e+01	8.424734e+01	828	5.581730e-02	0	
8.434909e+01	829	4.327616e+02	1.645909e+01	8.434909e+01	829	3.663921e-02	0	
8.445084e+01	830	4.644055e+02	-1.110738e+01	8.445084e+01	830	-2.450348e-02	0	
8.455259e+01	831	4.182376e+02	1.351419e+01	8.455259e+01	831	3.130083e-02	0	
8.465434e+01	832	4.269340e+02	1.754563e+01	8.465434e+01	832	3.947454e-02	0	
8.475608e+01	833	4.603351e+02	1.250028e+01	8.475608e+01	833	2.643685e-02	0	
8.485783e+01	834	4.457349e+02	1.634645e+01	8.485783e+01	834	3.537570e-02	0	
8.495958e+01	835	4.336606e+02	3.337725e+01	8.495958e+01	835	7.146584e-02	0	
8.506133e+01	836	4.542210e+02	1.154834e+01	8.506133e+01	836	2.479412e-02	0	
8.516308e+01	837	4.689651e+02	1.345632e+01	8.516308e+01	837	2.789329e-02	0	
8.526482e+01	838	4.162952e+02	8.151127e+00	8.526482e+01	838	1.920414e-02	0	
8.536657e+01	839	4.723776e+02	1.102365e+01	8.536657e+01	839	2.280435e-02	0	
8.546832e+01	840	4.669709e+02	1.106808e+01	8.546832e+01	840	2.315309e-02	0	
8.557007e+01	841	4.362846e+02	1.431422e+01	8.557007e+01	841	3.176710e-02	0	
8.567182e+01	842	4.642081e+02	1.678416e+01	8.567182e+01	842	3.489487e-02	0	
8.577356e+01	843	4.691654e+02	-5.035306e+00	8.577356e+01	843	-1.084891e-02	0	
8.587531e+01	844	5.034649e+02	1.056397e+00	8.587531e+01	844	2.093860e-03	0	
8.597706e+01	845	5.108077e+02	1.496916e+00	8.597706e+01	845	2.921926e-03	0	
8.607881e+01	846	4.711307e+02	1.002157e+01	8.607881e+01	846	2.082827e-02	0	
8.618056e+01	847	4.803159e+02	9.418257e+00	8.618056e+01	847	1.923137e-02	0	
8.628230e+01	848	5.017877e+02	1.989324e-01	8.628230e+01	848	3.962902e-04	0	
8.638405e+01	849	5.078831e+02	-9.671649e+00	8.638405e+01	849	-1.941274e-02	0	
8.648580e+01	850	4.936867e+02	-6.733013e+00	8.648580e+01	850	-1.382680e-02	0	
8.658755e+01	851	5.023829e+02	-1.618469e+01	8.658755e+01	851	-3.328826e-02	0	
8.668930e+01	852	5.059479e+02	-2.597914e+00	8.668930e+01	852	-5.161248e-03	0	
8.679104e+01	853	4.616600e+02	2.911237e+01	8.679104e+01	853	5.931950e-02	0	
8.689279e+01	854	4.577063e+02	2.848891e+01	8.689279e+01	854	5.859562e-02	0	
8.699454e+01	855	4.531746e+02	2.941115e+01	8.699454e+01	855	6.094492e-02	0	
8.709629e+01	856	4.613758e+02	3.651243e+01	8.709629e+01	856	7.333459e-02	0	
8.719804e+01	857	4.567404e+02	3.251907e+01	8.719804e+01	857	6.646590e-02	0	
8.729978e+01	858	4.188119e+02	1.614356e+01	8.729978e+01	858	3.711543e-02	0	
8.740153e+01	859	4.935823e+02	-7.336341e+00	8.740153e+01	859	-1.508772e-02	0	
8.750328e+01	860	4.625204e+02	2.265401e+01	8.750328e+01	860	4.669251e-02	0	
8.760503e+01	861	4.203053e+02	1.560026e+01	8.760503e+01	861	3.578816e-02	0	
8.770678e+01	862	4.305813e+02	3.553756e+00	8.770678e+01	862	8.185831e-03	0	
8.780852e+01	863	9.904474e+01	4.557837e+02	8.780852e+01	863	8.214858e-01	7.000000e-01	
8.791027e+01	864	9.463884e+01	4.474425e+02	8.791027e+01	864	8.254158e-01	7.000000e-01	
8.801202e+01	865	1.118102e+02	4.336430e+02	8.801202e+01	865	7.950141e-01	7.000000e-01	
8.811377e+01	866	1.015655e+02	4.444497e+02	8.811377e+01	866	8.139878e-01	7.000000e-01	
8.821552e+01	867	9.816825e+01	4.499055e+02	8.821552e+01	867	8.208850e-01	7.000000e-01	
8.831726e+01	868	1.882819e+02	3.062828e+02	8.831726e+01	868	6.192977e-01	7.000000e-01	
8.841901e+01	869	1.107146e+02	4.515837e+02	8.841901e+01	869	8.031034e-01	7.000000e-01	
8.852076e+01	870	1.085963e+02	4.181747e+02	8.852076e+01	870	7.938453e-01	7.000000e-01	
8.862251e+01	871	9.426474e+01	4.625750e+02	8.862251e+01	871	8.307148e-01	7.000000e-01	
8.872426e+01	872	1.006029e+02	4.561667e+02	8.872426e+01	872	8.193096e-01	7.000000e-01	
8.882600e+01	873	1.028465e+02	4.372472e+02	8.882600e+01	873	8.095766e-01	7.000000e-01	
8.892775e+01	874	9.877300e+01	4.628203e+02	8.892775e+01	874	8.241201e-01	7.000000e-01	
8.902950e+01	875	4.605874e+02	-3.846858e+00	8.902950e+01	875	-8.422414e-03	0	
8.913125e+01	876	4.691159e+02	-1.237288e+01	8.913125e+01	876	-2.708937e-02	0	
8.923300e+01	877	4.761398e+02	-1.522171e+01	8.923300e+01	877	-3.302476e-02	0	
8.933474e+01	878	4.555113e+02	-1.216823e+01	8.933474e+01	878	-2.744653e-02	0	
8.943649e+01	879	4.659037e+02	1.370743e+01	8.943649e+01	879	2.858030e-02	0	
8.953824e+01	880	4.672675e+02	7.653315e+00	8.953824e+01	880	1.611493e-02	0	
8.963999e+01	881	4.804091e+02	-4.801510e+00	8.963999e+01	881	-1.009553e-02	0	
8.974174e+01	882	4.674623e+02	-7.471371e+00	8.974174e+01	882	-1.624243e-02	0	
8.984348e+01	883	4.852792e+02	-3.165589e+00	8.984348e+01	883	-6.566064e-03	0	
8.994523e+01	884	4.760124e+02	-1.516581e+01	8.994523e+01	884	-3.290859e-02	0	
9.004698e+01	885	4.717073e+02	-1.228929e+01	9.004698e+01	885	-2.674969e-02	0	
9.014873e+01	886	5.144446e+02	-4.734107e+00	9.014873e+01	886	-9.287835e-03	0	
9.025048e+01	887	4.601849e+02	-6.764603e+00	9.025048e+01	887	-1.491906e-02	0	
9.035222e+01	888	4.821031e+02	-1.012249e+01	9.035222e+01	888	-2.144683e-02	0	
9.045397e+01	889	4.663573e+02	-4.915693e+00	9.045397e+01	889	-1.065290e-02	0	
9.055572e+01	890	4.781344e+02	9.244388e-03	9.055572e+01	890	1.933391e-05	0	
9.065747e+01	891	4.634541e+02	1.485830e+01	9.065747e+01	891	3.106401e-02	0	
9.075922e+01	892	4.498178e+02	-9.633030e+00	9.075922e+01	892	-2.188406e-02	0	
9.086096e+01	893	4.511019e+02	2.244293e+01	9.086096e+01	893	4.739346e-02	0	
9.096271e+01	894	4.664028e+02	-4.958029e+00	9.096271e+01	894	-1.074458e-02	0	
9.106446e+01	895	4.498988e+02	-7.862665e+00	9.106446e+01	895	-1.778738e-02	0	
9.116621e+01	896	4.276838e+02	1.518047e+01	9.116621e+01	896	3.427793e-02	0	
9.126796e+01	897	4.770040e+02	2.105915e+01	9.126796e+01	897	4.228209e-02	0	
9.136970e+01	898	4.610770e+02	5.670411e+00	9.136970e+01	898	1.214878e-02	0	
9.147145e+01	899	4.616892e+02	1.521484e+01	9.147145e+01	899	3.190336e-02	0	
9.157320e+01	900	4.965274e+02	7.772119e+00	9.157320e+01	900	1.541171e-02	0	
9.167495e+01	901	4.459256e+02	2.400207e+01	9.167495e+01	901	5.107609e-02	0	
9.177670e+01	902	5.093435e+02	1.440343e+01	9.177670e+01	902	2.750074e-02	0	
9.187844e+01	903	4.646353e+02	1.606362e+01	9.187844e+01	903	3.341722e-02	0	
9.198019e+01	904	4.976173e+02	1.944612e+01	9.198019e+01	904	3.760877e-02	0	
9.208194e+01	905	4.977529e+02	3.018999e+01	9.208194e+01	905	5.718420e-02	0	
9.218369e+01	906	4.905595e+02	5.910978e+00	9.218369e+01	906	1.190600e-02	0	
9.228544e+01	907	4.980977e+02	4.015829e+00	9.228544e+01	907	7.997851e-03	0	
9.238718e+01	908	4.944430e+02	1.507873e+01	9.238718e+01	908	2.959389e-02	0	
9.248893e+01	909	4.992176e+02	2.834456e+01	9.248893e+01	909	5.372743e-02	0	
9.259068e+01	910	5.068843e+02	3.951330e+01	9.259068e+01	910	7.231602e-02	0	
9.269243e+01	911	4.977182e+02	-1.115908e+01	9.269243e+01	911	-2.293468e-02	0	
9.279418e+01	912	5.001915e+02	-7.814908e+00	9.279418e+01	912	-1.587181e-02	0	
9.289592e+01	913	4.974685e+02	2.117931e+01	9.289592e+01	913	4.083563e-02	0	
9.299767e+01	914	4.713499e+02	-9.529631e+00	9.299767e+01	914	-2.063493e-02	0	
9.309942e+01	915	5.122216e+02	1.180690e+01	9.309942e+01	915	2.253103e-02	0	
9.320117e+01	916	4.603455e+02	-3.294161e+00	9.320117e+01	916	-7.207420e-03	0	
9.330292e+01	917	5.041764e+02	-1.740889e+00	9.330292e+01	917	-3.464900e-03	0	
9.340466e+01	918	4.586544e+02	4.235354e+00	9.340466e+01	918	9.149812e-03	0	
9.350641e+01	919	4.892775e+02	-1.377696e+01	9.350641e+01	919	-2.897359e-02	0	
9.360816e+01	920	4.693885e+02	-8.424267e+00	9.360816e+01	920	-1.827532e-02	0	
9.370991e+01	921	4.829293e+02	-1.953615e+01	9.370991e+01	921	-4.215891e-02	0	
9.381166e+01	922	4.828604e+02	-1.052897e+01	9.381166e+01	922	-2.229149e-02	0	
9.391340e+01	923	4.701591e+02	-4.792385e+00	9.391340e+01	923	-1.029808e-02	0	
9.401515e+01	924	4.968021e+02	-4.869002e+00	9.401515e+01	924	-9.897691e-03	0	
9.411690e+01	925	4.644418e+02	-1.389604e+00	9.411690e+01	925	-3.000966e-03	0	
9.421865e+01	926	4.968265e+02	-1.230838e+01	9.421865e+01	926	-2.540334e-02	0	
9.432040e+01	927	4.833573e+02	-1.254598e+01	9.432040e+01	927	-2.664758e-02	0	
9.442214e+01	928	5.057922e+02	-5.346899e+00	9.442214e+01	928	-1.068428e-02	0	
9.452389e+01	929	4.872396e+02	-1.022480e+01	9.452389e+01	929	-2.143497e-02	0	
9.462564e+01	930	4.865859e+02	-1.600808e+01	9.462564e+01	930	-3.401792e-02	0	
9.472739e+01	931	4.850243e+02	-1.379618e+01	9.472739e+01	931	-2.927707e-02	0	
9.482914e+01	932	4.951142e+02	-1.253339e+01	9.482914e+01	932	-2.597159e-02	0	
9.493088e+01	933	4.805243e+02	2.533030e+01	9.493088e+01	933	5.007427e-02	0	
9.503263e+01	934	5.011427e+02	2.989520e+01	9.503263e+01	934	5.629579e-02	0	
9.513438e+01	935	5.018224e+02	1.152035e+00	9.513438e+01	935	2.290444e-03	0	
9.523613e+01	936	4.759369e+02	7.671830e+00	9.523613e+01	936	1.586371e-02	0	
9.533788e+01	937	4.962575e+02	1.247374e+01	9.533788e+01	937	2.451931e-02	0	
9.543962e+01	938	4.976342e+02	1.899375e+01	9.543962e+01	938	3.676485e-02	0	
9.554137e+01	939	4.737881e+02	2.265748e+01	9.554137e+01	939	4.563940e-02	0	
9.564312e+01	940	4.623403e+02	2.201958e+01	9.564312e+01	940	4.546120e-02	0	
9.574487e+01	941	4.697869e+02	2.137105e+01	9.574487e+01	941	4.351156e-02	0	
9.584662e+01	942	4.940315e+02	-1.130995e+01	9.584662e+01	942	-2.342955e-02	0	
9.594836e+01	943	4.756608e+02	1.319295e+01	9.594836e+01	943	2.698752e-02	0	
9.605011e+01	944	5.153702e+02	-3.776200e+00	9.605011e+01	944	-7.381244e-03	0	
9.615186e+01	945	4.710039e+02	-1.840416e+01	9.615186e+01	945	-4.066321e-02	0	
9.625361e+01	946	4.820641e+02	-1.562474e+01	9.625361e+01	946	-3.349790e-02	0	
9.635536e+01	947	4.879431e+02	-8.203097e+00	9.635536e+01	947	-1.709905e-02	0	
9.645710e+01	948	5.310662e+02	-2.310839e+01	9.645710e+01	948	-4.549273e-02	0	
9.655885e+01	949	4.707114e+02	-1.480217e+01	9.655885e+01	949	-3.246736e-02	0	
9.666060e+01	950	4.735309e+02	-1.544169e+01	9.666060e+01	950	-3.370891e-02	0	
9.676235e+01	951	4.969382e+02	-1.105056e+01	9.676235e+01	951	-2.274304e-02	0	
9.686410e+01	952	5.063281e+02	-2.611968e+01	9.686410e+01	952	-5.439238e-02	0	
9.696584e+01	953	4.690969e+02	-1.962658e+01	9.696584e+01	953	-4.366602e-02	0	
9.706759e+01	954	4.784157e+02	-1.845660e+01	9.706759e+01	954	-4.012661e-02	0	
9.716934e+01	955	4.727930e+02	7.789532e+00	9.716934e+01	955	1.620852e-02	0	
9.727109e+01	956	4.129190e+02	2.998379e+01	9.727109e+01	956	6.769835e-02	0	
9.737284e+01	957	3.649573e+02	4.757161e+01	9.737284e+01	957	1.153170e-01	0	
9.747458e+01	958	1.238958e+02	4.413690e+02	9.747458e+01	958	7.808181e-01	0	
9.757633e+01	959	3.024243e+02	2.876100e+02	9.757633e+01	959	4.874462e-01	0	
9.767808e+01	960	9.743114e+01	4.320603e+02	9.767808e+01	960	8.159911e-01	7.000000e-01	
9.777983e+01	961	1.239102e+02	4.413501e+02	9.777983e+01	961	7.807909e-01	7.000000e-01	
9.788158e+01	962	4.433098e+02	3.098641e+01	9.788158e+01	962	6.533135e-02	0	
9.798332e+01	963	4.421182e+02	1.408525e+01	9.798332e+01	963	3.087493e-02	0	
9.808507e+01	964	4.863952e+02	2.552952e+01	9.808507e+01	964	4.986968e-02	0	
9.818682e+01	965	4.854130e+02	1.945830e+01	9.818682e+01	965	3.854111e-02	0	
9.828857e+01	966	4.246121e+02	1.287022e+01	9.828857e+01	966	2.941883e-02	0	
9.839032e+01	967	4.490127e+02	4.649598e+01	9.839032e+01	967	9.383484e-02	0	
9.849206e+01	968	4.392671e+02	3.628450e+01	9.849206e+01	968	7.629982e-02	0	
9.859381e+01	969	5.216743e+02	1.543954e-01	9.859381e+01	969	2.958737e-04	0	
9.869556e+01	970	4.978426e+02	1.066730e+01	9.869556e+01	970	2.097757e-02	0	
9.879731e+01	971	4.512516e+02	2.398676e+01	9.879731e+01	971	5.047311e-02	0	
9.889906e+01	972	4.695394e+02	1.464128e+01	9.889906e+01	972	3.023929e-02	0	
9.900080e+01	973	4.856342e+02	1.297606e+01	9.900080e+01	973	2.602445e-02	0	
9.910255e+01	974	5.128217e+02	1.680377e+00	9.910255e+01	974	3.266026e-03	0	
9.920430e+01	975	4.922933e+02	1.661240e+01	9.920430e+01	975	3.264338e-02	0	
9.930605e+01	976	4.822087e+02	6.319173e+00	9.930605e+01	976	1.293513e-02	0	
9.940780e+01	977	4.904073e+02	9.891978e+00	9.940780e+01	977	1.977212e-02	0	
9.950954e+01	978	4.881213e+02	1.013628e+01	9.950954e+01	978	2.034345e-02	0	
9.961129e+01	979	4.917465e+02	9.503832e+00	9.961129e+01	979	1.896025e-02	0	
9.971304e+01	980	4.635761e+02	-4.883205e-01	9.971304e+01	980	-1.054488e-03	0	
9.981479e+01	981	4.743905e+02	5.631030e+00	9.981479e+01	981	1.173079e-02	0	
9.991654e+01	982	4.901877e+02	1.164042e+01	9.991654e+01	982	2.319603e-02	0	
1.000183e+02	983	4.422287e+02	1.360083e+01	1.000183e+02	983	2.983754e-02	0	
1.001200e+02	984	4.862611e+02	1.334215e+01	1.001200e+02	984	2.670549e-02	0	
1.002218e+02	985	5.103410e+02	2.590180e+00	1.002218e+02	985	5.049761e-03	0	
1.003235e+02	986	4.755366e+02	8.859704e+00	1.003235e+02	986	1.829020e-02	0	
1.004253e+02	987	4.891664e+02	6.625404e+00	1.004253e+02	987	1.336328e-02	0	
1.005270e+02	988	5.298813e+02	6.869598e+00	1.005270e+02	988	1.279848e-02	0	
1.006288e+02	989	4.921927e+02	-3.070102e+00	1.006288e+02	989	-6.276754e-03	0	
1.007305e+02	990	5.460891e+02	1.418100e+01	1.007305e+02	990	2.531101e-02	0	
1.008323e+02	991	4.943389e+02	-2.943993e+00	1.008323e+02	991	-5.991094e-03	0	
1.009340e+02	992	5.141302e+02	-5.638855e+00	1.009340e+02	992	-1.108938e-02	0	
1.010358e+02	993	4.877802e+02	-2.724510e+00	1.010358e+02	993	-5.616901e-03	0	
1.011375e+02	994	4.768353e+02	-2.321158e+00	1.011375e+02	994	-4.891652e-03	0	
1.012393e+02	995	4.964965e+02	-7.520826e-01	1.012393e+02	995	-1.517077e-03	0	
1.013410e+02	996	4.561463e+02	-3.113340e-01	1.013410e+02	996	-6.829972e-04	0	
1.014428e+02	997	4.816331e+02	-3.171321e+01	1.014428e+02	997	-7.048635e-02	0	
1.015445e+02	998	4.881920e+02	-3.431303e+00	1.015445e+02	998	-7.078344e-03	0	
1.016463e+02	999	4.747451e+02	-6.972658e+00	1.016463e+02	999	-1.490609e-02	0	
1.017480e+02	1000	4.840868e+02	-1.429502e+01	1.017480e+02	1000	-3.042842e-02	0	
1.018497e+02	1001	4.661266e+02	-4.261100e+00	1.018497e+02	1001	-9.225846e-03	0	
1.019515e+02	1002	4.922603e+02	1.398900e+00	1.019515e+02	1002	2.833736e-03	0	
1.020532e+02	1003	4.911500e+02	1.522899e+01	1.020532e+02	1003	3.007429e-02	0	
1.021550e+02	1004	4.629532e+02	-5.156738e+00	1.021550e+02	1004	-1.126426e-02	0	
1.022567e+02	1005	4.921321e+02	-1.168603e+01	1.022567e+02	1005	-2.432329e-02	0	
1.023585e+02	1006	4.808842e+02	-9.761976e+00	1.023585e+02	1006	-2.072069e-02	0	
1.024602e+02	1007	4.802666e+02	-7.055870e+00	1.024602e+02	1007	-1.491063e-02	0	
1.025620e+02	1008	4.754983e+02	-8.459620e+00	1.025620e+02	1008	-1.811332e-02	0	
1.026637e+02	1009	4.952190e+02	-1.689820e+01	1.026637e+02	1009	-3.532817e-02	0	
1.027655e+02	1010	4.649783e+02	-2.970462e+00	1.027655e+02	1010	-6.429462e-03	0	
1.028672e+02	1011	4.857031e+02	-1.502428e+01	1.028672e+02	1011	-3.192045e-02	0	
1.029690e+02	1012	4.688774e+02	-1.675108e+01	1.029690e+02	1012	-3.704956e-02	0	
1.030707e+02	1013	4.728474e+02	-1.140382e+01	1.030707e+02	1013	-2.471336e-02	0	
1.031725e+02	1014	4.806222e+02	-7.160590e+00	1.031725e+02	1014	-1.512391e-02	0	
1.032742e+02	1015	4.872992e+02	-3.591959e+00	1.032742e+02	1015	-7.425895e-03	0	
1.033760e+02	1016	4.879895e+02	-1.146019e+01	1.033760e+02	1016	-2.404929e-02	0	
1.034777e+02	1017	5.125890e+02	-7.499350e+00	1.034777e+02	1017	-1.484756e-02	0	
1.035795e+02	1018	5.150655e+02	-1.420119e+01	1.035795e+02	1018	-2.835337e-02	0	
1.036812e+02	1019	4.566191e+02	6.793466e+00	1.036812e+02	1019	1.465965e-02	0	
1.037830e+02	1020	5.043924e+02	-1.123064e+01	1.037830e+02	1020	-2.277273e-02	0	
1.038847e+02	1021	4.834448e+02	-1.288353e+01	1.038847e+02	1021	-2.737907e-02	0	
1.039865e+02	1022	4.615887e+02	4.625522e+01	1.039865e+02	1022	9.108157e-02	0	
1.040882e+02	1023	4.289953e+02	3.301624e+01	1.040882e+02	1023	7.146194e-02	0	
1.041900e+02	1024	4.568570e+02	3.887324e+01	1.041900e+02	1024	7.841612e-02	0	
1.042917e+02	1025	4.677163e+02	1.329449e+01	1.042917e+02	1025	2.763865e-02	0	
1.043934e+02	1026	4.620785e+02	2.438889e+01	1.043934e+02	1026	5.013469e-02	0	
1.044952e+02	1027	4.832510e+02	4.592940e+01	1.044952e+02	1027	8.679346e-02	0	
1.045969e+02	1028	3.984331e+02	5.379803e+01	1.045969e+02	1028	1.189614e-01	0	
1.046987e+02	1029	4.498501e+02	6.301146e+01	1.046987e+02	1029	1.228625e-01	0	
1.048004e+02	1030	4.735028e+02	1.291104e+01	1.048004e+02	1030	2.654332e-02	0	
1.049022e+02	1031	4.586527e+02	1.990860e+01	1.049022e+02	1031	4.160094e-02	0	
1.050039e+02	1032	5.218677e+02	3.410459e+01	1.050039e+02	1032	6.134225e-02	0	
1.051057e+02	1033	5.092299e+02	2.521092e+01	1.051057e+02	1033	4.717252e-02	0	
1.052074e+02	1034	4.153300e+02	1.472321e+01	1.052074e+02	1034	3.423579e-02	0	
1.053092e+02	1035	4.599179e+02	9.129107e-01	1.053092e+02	1035	1.981011e-03	0	
1.054109e+02	1036	4.646504e+02	7.724576e+00	1.054109e+02	1036	1.635264e-02	0	
1.055127e+02	1037	4.857163e+02	3.895845e+01	1.055127e+02	1037	7.425257e-02	0	
1.056144e+02	1038	4.531825e+02	6.297452e-01	1.056144e+02	1038	1.387678e-03	0	
1.057162e+02	1039	4.618746e+02	1.108488e+01	1.057162e+02	1039	2.343727e-02	0	
1.058179e+02	1040	4.591437e+02	-1.944058e+00	1.058179e+02	1040	-4.252099e-03	0	
1.059197e+02	1041	4.489261e+02	-2.025471e+01	1.059197e+02	1041	-4.724997e-02	0	
1.060214e+02	1042	4.668262e+02	3.116691e+00	1.060214e+02	1042	6.632063e-03	0	
1.061232e+02	1043	4.474264e+02	-2.902896e+00	1.061232e+02	1043	-6.530354e-03	0	
1.062249e+02	1044	4.674541e+02	2.137531e+01	1.062249e+02	1044	4.372754e-02	0	
1.063267e+02	1045	4.645370e+02	2.522918e+01	1.063267e+02	1045	5.151270e-02	0	
1.064284e+02	1046	4.463225e+02	3.499562e+01	1.064284e+02	1046	7.270788e-02	0	
1.065302e+02	1047	4.608037e+02	2.747913e+01	1.065302e+02	1047	5.627708e-02	0	
1.066319e+02	1048	4.814855e+02	1.156181e+01	1.066319e+02	1048	2.344970e-02	0	
1.067337e+02	1049	4.567071e+02	1.681685e+01	1.067337e+02	1049	3.551425e-02	0	
1.068354e+02	1050	4.637633e+02	1.435831e+01	1.068354e+02	1050	3.003067e-02	0	
1.069371e+02	1051	4.679272e+02	2.671533e+01	1.069371e+02	1051	5.400937e-02	0	
1.070389e+02	1052	4.752838e+02	7.078095e+01	1.070389e+02	1052	1.296201e-01	0	
1.071406e+02	1053	4.539649e+02	4.609279e+01	1.071406e+02	1053	9.217494e-02	0	
1.072424e+02	1054	4.659418e+02	2.343410e+01	1.072424e+02	1054	4.788568e-02	0	
1.073441e+02	1055	5.053892e+02	1.577484e+01	1.073441e+02	1055	3.026847e-02	0	
1.074459e+02	1056	4.658590e+02	2.933332e+01	1.074459e+02	1056	5.923622e-02	0	
1.075476e+02	1057	4.598401e+02	5.047128e+01	1.075476e+02	1057	9.890291e-02	0	
1.076494e+02	1058	5.084798e+02	1.111637e+01	1.076494e+02	1058	2.139425e-02	0	
1.077511e+02	1059	4.949691e+02	1.088400e+01	1.077511e+02	1059	2.151613e-02	0	
1.078529e+02	1060	4.979588e+02	5.147294e+00	1.078529e+02	1060	1.023103e-02	0	
1.079546e+02	1061	5.341069e+02	2.623705e+01	1.079546e+02	1061	4.682312e-02	0	
1.080564e+02	1062	5.016351e+02	2.253909e+01	1.080564e+02	1062	4.299924e-02	0	
1.081581e+02	1063	4.917646e+02	9.503015e+00	1.081581e+02	1063	1.895797e-02	0	
1.082599e+02	1064	5.033771e+02	1.081831e+01	1.082599e+02	1064	2.103930e-02	0	
1.083616e+02	1065	5.136698e+02	8.562173e+00	1.083616e+02	1065	1.639534e-02	0	
1.084634e+02	1066	4.751599e+02	-5.944543e+00	1.084634e+02	1066	-1.266911e-02	0	
1.085651e+02	1067	5.111448e+02	7.356655e+00	1.085651e+02	1067	1.418830e-02	0	
1.086669e+02	1068	4.679249e+02	-8.937241e+00	1.086669e+02	1068	-1.947164e-02	0	
1.087686e+02	1069	5.004167e+02	5.308869e+00	1.087686e+02	1069	1.049753e-02	0	
1.088704e+02	1070	4.886532e+02	6.867270e+00	1.088704e+02	1070	1.385870e-02	0	
1.089721e+02	1071	4.836361e+02	-1.647765e+01	1.089721e+02	1071	-3.527208e-02	0	
1.090739e+02	1072	4.635748e+02	-2.561220e+01	1.090739e+02	1072	-5.848034e-02	0	
1.091756e+02	1073	4.721476e+02	6.446150e-01	1.091756e+02	1073	1.363421e-03	0	
1.092774e+02	1074	5.017126e+02	1.601214e+01	1.092774e+02	1074	3.092790e-02	0	
1.093791e+02	1075	5.020863e+02	1.065032e+01	1.093791e+02	1075	2.077152e-02	0	
1.094808e+02	1076	4.974005e+02	9.485374e+00	1.094808e+02	1076	1.871304e-02	0	
1.095826e+02	1077	5.378323e+02	2.508153e+01	1.095826e+02	1077	4.455661e-02	0	
1.096843e+02	1078	4.573600e+02	4.208086e+01	1.096843e+02	1078	8.425594e-02	0	
1.097861e+02	1079	5.110370e+02	2.608644e+01	1.097861e+02	1079	4.856694e-02	0	
1.098878e+02	1080	4.988154e+02	2.224361e+01	1.098878e+02	1080	4.268923e-02	0	
1.099896e+02	1081	5.021831e+02	2.041463e+01	1.099896e+02	1081	3.906376e-02	0	
1.100913e+02	1082	5.511267e+02	-7.859946e+00	1.100913e+02	1082	-1.446793e-02	0	
1.101931e+02	1083	5.404697e+02	-3.381185e+01	1.101931e+02	1083	-6.673508e-02	0	
1.102948e+02	1084	5.133837e+02	-2.614541e+01	1.102948e+02	1084	-5.366042e-02	0	
1.103966e+02	1085	5.243949e+02	5.843014e+00	1.103966e+02	1085	1.101961e-02	0	
1.104983e+02	1086	4.220423e+02	-5.965613e+00	1.104983e+02	1086	-1.433777e-02	0	
1.106001e+02	1087	5.076872e+02	-2.245111e+00	1.106001e+02	1087	-4.441876e-03	0	
1.107018e+02	1088	4.854405e+02	1.164409e+01	1.107018e+02	1088	2.342477e-02	0	
1.108036e+02	1089	4.342723e+02	6.303139e+00	1.108036e+02	1089	1.430661e-02	0	
1.109053e+02	1090	4.753310e+02	3.280343e+00	1.109053e+02	1090	6.853876e-03	0	
1.110071e+02	1091	4.937084e+02	5.120738e+00	1.110071e+02	1091	1.026552e-02	0	
1.111088e+02	1092	4.861683e+02	1.362886e+01	1.111088e+02	1092	2.726878e-02	0	
1.112106e+02	1093	4.742256e+02	1.543014e+01	1.112106e+02	1093	3.151222e-02	0	
1.113123e+02	1094	4.926036e+02	-1.107914e+01	1.113123e+02	1094	-2.300847e-02	0	
1.114141e+02	1095	4.588853e+02	1.575391e+01	1.114141e+02	1095	3.319134e-02	0	
1.115158e+02	1096	4.664103e+02	1.706221e+01	1.115158e+02	1096	3.529096e-02	0	
1.116176e+02	1097	4.649831e+02	1.985330e+01	1.116176e+02	1097	4.094845e-02	0	
1.117193e+02	1098	4.799126e+02	8.847309e+00	1.117193e+02	1098	1.810154e-02	0	
1.118211e+02	1099	4.943414e+02	2.652051e+01	1.118211e+02	1099	5.091659e-02	0	
1.119228e+02	1100	4.737669e+02	3.510825e+01	1.119228e+02	1100	6.899187e-02	0	
1.120245e+02	1101	4.880072e+02	2.010986e+01	1.120245e+02	1101	3.957722e-02	0	
1.121263e+02	1102	4.349992e+02	2.909257e+01	1.121263e+02	1102	6.268711e-02	0	
1.122280e+02	1103	4.648156e+02	2.998725e+01	1.122280e+02	1103	6.060444e-02	0	
1.123298e+02	1104	4.430383e+02	2.632743e+01	1.123298e+02	1104	5.609150e-02	0	
1.124315e+02	1105	4.174257e+02	2.885321e+01	1.124315e+02	1105	6.465286e-02	0	
1.125333e+02	1106	4.417814e+02	2.208418e+01	1.125333e+02	1106	4.760901e-02	0	
1.126350e+02	1107	4.357845e+02	2.945428e+01	1.126350e+02	1107	6.331003e-02	0	
1.127368e+02	1108	4.063775e+02	3.112853e+01	1.127368e+02	1108	7.114995e-02	0	
1.128385e+02	1109	4.079475e+02	3.638563e+01	1.128385e+02	1109	8.188818e-02	0	
1.129403e+02	1110	4.784692e+02	8.591783e+00	1.129403e+02	1110	1.764006e-02	0	
1.130420e+02	1111	4.879366e+02	1.513763e+00	1.130420e+02	1111	3.092781e-03	0	
1.131438e+02	1112	4.551611e+02	1.135486e+01	1.131438e+02	1112	2.433970e-02	0	
1.132455e+02	1113	4.399810e+02	2.343975e+01	1.132455e+02	1113	5.057985e-02	0	
1.133473e+02	1114	4.814390e+02	6.309301e+00	1.133473e+02	1114	1.293557e-02	0	
1.134490e+02	1115	4.803693e+02	5.331097e+00	1.134490e+02	1115	1.097610e-02	0	
1.135508e+02	1116	4.777575e+02	1.806715e+01	1.135508e+02	1116	3.643859e-02	0	
1.136525e+02	1117	4.772465e+02	1.112954e+01	1.136525e+02	1117	2.278887e-02	0	
1.137543e+02	1118	4.841976e+02	1.373102e+01	1.137543e+02	1118	2.757628e-02	0	
1.138560e+02	1119	5.000632e+02	-4.081609e+00	1.138560e+02	1119	-8.229356e-03	0	
1.139578e+02	1120	4.780217e+02	2.527110e+01	1.139578e+02	1120	5.021153e-02	0	
1.140595e+02	1121	4.367314e+02	2.541061e+01	1.140595e+02	1121	5.498442e-02	0	
1.141613e+02	1122	5.060793e+02	7.456212e+00	1.141613e+02	1122	1.451937e-02	0	
1.142630e+02	1123	4.602745e+02	1.558833e+01	1.142630e+02	1123	3.275803e-02	0	
1.143648e+02	1124	4.364465e+02	2.143423e+01	1.143648e+02	1124	4.681182e-02	0	
1.144665e+02	1125	4.909457e+02	1.258632e+01	1.144665e+02	1125	2.499607e-02	0	
1.145682e+02	1126	4.695765e+02	1.131458e+01	1.145682e+02	1126	2.352836e-02	0	
1.146700e+02	1127	4.718389e+02	1.584350e+01	1.146700e+02	1127	3.248733e-02	0	
1.147717e+02	1128	4.594843e+02	1.353547e+01	1.147717e+02	1128	2.861502e-02	0	
1.148735e+02	1129	4.721466e+02	6.480744e+00	1.148735e+02	1129	1.354027e-02	0	
1.149752e+02	1130	4.635906e+02	2.146794e+01	1.149752e+02	1130	4.425845e-02	0	
1.150770e+02	1131	4.130358e+02	2.460970e+01	1.150770e+02	1131	5.623204e-02	0	
1.151787e+02	1132	4.613918e+02	2.313724e+01	1.151787e+02	1132	4.775202e-02	0	
1.152805e+02	1133	5.111332e+02	-5.066249e+00	1.152805e+02	1133	-1.001103e-02	0	
1.153822e+02	1134	5.572102e+02	-2.340879e+00	1.153822e+02	1134	-4.218793e-03	0	
1.154840e+02	1135	5.290691e+02	-1.713770e+01	1.154840e+02	1135	-3.347656e-02	0	
1.155857e+02	1136	4.854867e+02	1.203264e+01	1.155857e+02	1136	2.418527e-02	0	
1.156875e+02	1137	5.254262e+02	-3.618966e+00	1.156875e+02	1137	-6.935446e-03	0	
1.157892e+02	1138	4.959540e+02	2.067084e+01	1.157892e+02	1138	4.001132e-02	0	
1.158910e+02	1139	4.914283e+02	3.394911e+00	1.158910e+02	1139	6.860856e-03	0	
1.159927e+02	1140	4.673441e+02	2.249598e+00	1.159927e+02	1140	4.790520e-03	0	
1.160945e+02	1141	4.841133e+02	1.120726e+01	1.160945e+02	1141	2.262628e-02	0	
1.161962e+02	1142	4.807108e+02	-4.161133e+00	1.161962e+02	1142	-8.731793e-03	0	
1.162980e+02	1143	4.967182e+02	1.310061e+01	1.162980e+02	1143	2.569660e-02	0	
1.163997e+02	1144	4.760868e+02	-6.342066e+00	1.163997e+02	1144	-1.350109e-02	0	
1.165015e+02	1145	4.804380e+02	2.915023e+00	1.165015e+02	1145	6.030836e-03	0	
1.166032e+02	1146	4.873967e+02	8.693973e+00	1.166032e+02	1146	1.752497e-02	0	
1.167050e+02	1147	4.888393e+02	6.668846e+00	1.167050e+02	1147	1.345860e-02	0	
1.168067e+02	1148	4.345656e+02	-1.397838e+01	1.168067e+02	1148	-3.323539e-02	0	
1.169085e+02	1149	4.942493e+02	-1.604241e+01	1.169085e+02	1149	-3.354701e-02	0	
1.170102e+02	1150	4.880817e+02	-2.029928e+01	1.170102e+02	1150	-4.339470e-02	0	
1.171119e+02	1151	4.501740e+02	-4.890413e+00	1.171119e+02	1151	-1.098269e-02	0	
1.172137e+02	1152	3.861774e+02	2.492439e+01	1.172137e+02	1152	6.062827e-02	0	
1.173154e+02	1153	4.495298e+02	6.619011e+00	1.173154e+02	1153	1.451064e-02	0	
1.174172e+02	1154	4.466713e+02	-3.023331e+00	1.174172e+02	1154	-6.814707e-03	0	
1.175189e+02	1155	4.682889e+02	-2.224225e+00	1.175189e+02	1155	-4.772353e-03	0	
1.176207e+02	1156	4.365120e+02	4.758364e+00	1.176207e+02	1156	1.078333e-02	0	
1.177224e+02	1157	4.120196e+02	1.988805e+01	1.177224e+02	1157	4.604700e-02	0	
1.178242e+02	1158	4.129088e+02	2.643812e+01	1.178242e+02	1158	6.017595e-02	0	
1.179259e+02	1159	5.334268e+02	-1.611212e+01	1.179259e+02	1159	-3.114568e-02	0	
1.180277e+02	1160	5.326535e+02	-6.093207e-01	1.180277e+02	1160	-1.145245e-03	0	
1.181294e+02	1161	4.322737e+02	7.241331e+00	1.181294e+02	1161	1.647573e-02	0	
1.182312e+02	1162	5.299215e+02	1.008168e+01	1.182312e+02	1162	1.866967e-02	0	
1.183329e+02	1163	5.066662e+02	-1.213545e+00	1.183329e+02	1163	-2.400907e-03	0	
1.184347e+02	1164	5.150714e+02	2.065461e+01	1.184347e+02	1164	3.855443e-02	0	
1.185364e+02	1165	4.845436e+02	-7.089083e+00	1.185364e+02	1165	-1.484766e-02	0	
1.186382e+02	1166	5.096219e+02	-1.017273e+01	1.186382e+02	1166	-2.036790e-02	0	
1.187399e+02	1167	4.763822e+02	2.949564e+01	1.187399e+02	1167	5.830586e-02	0	
1.188417e+02	1168	5.344936e+02	-6.586354e+00	1.188417e+02	1168	-1.247635e-02	0	
1.189434e+02	1169	4.961375e+02	3.044674e+01	1.189434e+02	1169	5.781931e-02	0	
1.190452e+02	1170	4.753725e+02	1.039154e+01	1.190452e+02	1170	2.139216e-02	0	
1.191469e+02	1171	5.160914e+02	1.962606e+01	1.191469e+02	1171	3.663509e-02	0	
1.192487e+02	1172	4.890276e+02	2.193514e+01	1.192487e+02	1172	4.292904e-02	0	
1.193504e+02	1173	4.855740e+02	2.219670e+01	1.193504e+02	1173	4.371402e-02	0	
1.194522e+02	1174	4.886431e+02	2.813411e+01	1.194522e+02	1174	5.444147e-02	0	
1.195539e+02	1175	4.861739e+02	2.560453e+00	1.195539e+02	1175	5.238946e-03	0	
1.196556e+02	1176	4.873349e+02	2.816771e+01	1.196556e+02	1176	5.464126e-02	0	
1.197574e+02	1177	4.874405e+02	-1.995125e+01	1.197574e+02	1177	-4.267745e-02	0	
1.198591e+02	1178	4.957009e+02	-2.074636e+01	1.198591e+02	1178	-4.368073e-02	0	
1.199609e+02	1179	4.863055e+02	1.338273e+01	1.199609e+02	1179	2.678216e-02	0	
1.200626e+02	1180	4.708952e+02	-1.475333e+01	1.200626e+02	1180	-3.234373e-02	0	
1.201644e+02	1181	4.991139e+02	-7.826628e+00	1.201644e+02	1181	-1.593086e-02	0	
1.202661e+02	1182	4.791533e+02	-1.238436e+01	1.202661e+02	1182	-2.653210e-02	0	
1.203679e+02	1183	4.827402e+02	-1.911748e+01	1.203679e+02	1183	-4.123499e-02	0	
1.204696e+02	1184	4.816296e+02	-1.552325e+01	1.204696e+02	1184	-3.330409e-02	0	
1.205714e+02	1185	4.963566e+02	-2.356604e+01	1.205714e+02	1185	-4.984457e-02	0	
1.206731e+02	1186	4.586653e+02	1.216173e+01	1.206731e+02	1186	2.583057e-02	0	
1.207749e+02	1187	4.465963e+02	1.111080e+00	1.207749e+02	1187	2.481710e-03	0	
1.208766e+02	1188	4.556426e+02	1.184648e+01	1.208766e+02	1188	2.534066e-02	0	
1.209784e+02	1189	4.605179e+02	4.386801e+00	1.209784e+02	1189	9.435914e-03	0	
1.210801e+02	1190	4.206910e+02	-1.003982e+01	1.210801e+02	1190	-2.444854e-02	0	
1.211819e+02	1191	4.108130e+02	-1.344674e+01	1.211819e+02	1191	-3.383966e-02	0	
1.212836e+02	1192	4.714073e+02	-5.355889e+00	1.212836e+02	1192	-1.149206e-02	0	
1.213854e+02	1193	4.387558e+02	1.087875e+00	1.213854e+02	1193	2.473322e-03	0	
1.214871e+02	1194	4.928601e+02	-7.949254e-01	1.214871e+02	1194	-1.615488e-03	0	
1.215889e+02	1195	4.926275e+02	-6.763419e+00	1.215889e+02	1195	-1.392039e-02	0	
1.216906e+02	1196	5.246124e+02	-5.982533e+00	1.216906e+02	1196	-1.153527e-02	0	
1.217924e+02	1197	4.664799e+02	2.352207e+00	1.217924e+02	1197	5.017163e-03	0	
1.218941e+02	1198	4.604675e+02	3.029998e+00	1.218941e+02	1198	6.537248e-03	0	
1.219959e+02	1199	4.728440e+02	-1.637724e+00	1.219959e+02	1199	-3.475599e-03	0	
1.220976e+02	1200	5.051964e+02	-3.293873e+00	1.220976e+02	1200	-6.562774e-03	0	
1.221993e+02	1201	4.609860e+02	4.921733e-02	1.221993e+02	1201	1.067539e-04	0	
1.223011e+02	1202	4.920399e+02	-3.935153e-01	1.223011e+02	1202	-8.004031e-04	0	
1.224028e+02	1203	4.046845e+02	-1.129486e+00	1.224028e+02	1203	-2.798840e-03	0	
1.225046e+02	1204	4.440695e+02	-2.287124e+00	1.225046e+02	1204	-5.177038e-03	0	
1.226063e+02	1205	4.031981e+02	-7.641924e+00	1.226063e+02	1205	-1.931944e-02	0	
1.227081e+02	1206	3.902547e+02	-2.056372e+00	1.227081e+02	1206	-5.297220e-03	0	
1.228098e+02	1207	4.415583e+02	-1.537007e+00	1.228098e+02	1207	-3.493029e-03	0	
1.229116e+02	1208	4.499585e+02	1.980161e+01	1.229116e+02	1208	4.215260e-02	0	
1.230133e+02	1209	4.420394e+02	9.528298e+00	1.230133e+02	1209	2.110049e-02	0	
1.231151e+02	1210	5.173573e+02	2.850686e+01	1.231151e+02	1210	5.222336e-02	0	
1.232168e+02	1211	4.404194e+02	1.705295e+01	1.232168e+02	1211	3.727646e-02	0	
1.233186e+02	1212	4.398448e+02	1.156731e+01	1.233186e+02	1212	2.562472e-02	0	
1.234203e+02	1213	4.398484e+02	1.577813e+01	1.234203e+02	1213	3.462952e-02	0	
1.235221e+02	1214	4.136578e+02	2.329147e+01	1.235221e+02	1214	5.330475e-02	0	
1.236238e+02	1215	4.118543e+02	6.380504e+00	1.236238e+02	1215	1.525579e-02	0	
1.237256e+02	1216	4.877650e+02	3.079451e+00	1.237256e+02	1216	6.273782e-03	0	
1.238273e+02	1217	4.484119e+02	1.148039e+01	1.238273e+02	1217	2.496321e-02	0	
1.239291e+02	1218	5.059045e+02	-8.990389e+00	1.239291e+02	1218	-1.809244e-02	0	
1.240308e+02	1219	5.022997e+02	3.242221e+00	1.240308e+02	1219	6.413357e-03	0	
1.241326e+02	1220	4.355505e+02	2.347956e+01	1.241326e+02	1220	5.115038e-02	0	
1.242343e+02	1221	4.668817e+02	-7.249117e+00	1.242343e+02	1221	-1.577155e-02	0	
1.243361e+02	1222	4.589373e+02	-1.769806e+01	1.243361e+02	1222	-4.010990e-02	0	
1.244378e+02	1223	5.087656e+02	2.118974e+01	1.244378e+02	1223	3.998401e-02	0	
1.245396e+02	1224	4.686768e+02	1.745525e-01	1.245396e+02	1224	3.722982e-04	0	
1.246413e+02	1225	4.416234e+02	7.349367e+00	1.246413e+02	1225	1.636929e-02	0	
1.247430e+02	1226	5.253595e+02	1.839863e+01	1.247430e+02	1226	3.383606e-02	0	
1.248448e+02	1227	4.410520e+02	-3.690912e-01	1.248448e+02	1227	-8.375437e-04	0	
1.249465e+02	1228	4.244699e+02	-6.870862e+00	1.249465e+02	1228	-1.645325e-02	0	
1.250483e+02	1229	4.527405e+02	-3.481990e-01	1.250483e+02	1229	-7.696837e-04	0	
1.251500e+02	1230	4.596390e+02	6.852334e+00	1.251500e+02	1230	1.468909e-02	0	
1.252518e+02	1231	4.727467e+02	-6.071805e+00	1.252518e+02	1231	-1.301078e-02	0	
1.253535e+02	1232	5.245940e+02	7.941251e+00	1.253535e+02	1232	1.491216e-02	0	
1.254553e+02	1233	4.339794e+02	3.521155e+00	1.254553e+02	1233	8.048344e-03	0	
1.255570e+02	1234	4.825622e+02	-8.788986e+00	1.255570e+02	1234	-1.855104e-02	0	
1.256588e+02	1235	4.944692e+02	1.532119e+01	1.256588e+02	1235	3.005390e-02	0	
1.257605e+02	1236	5.159521e+02	2.079526e+01	1.257605e+02	1236	3.874311e-02	0	
1.258623e+02	1237	5.801801e+02	1.690975e+00	1.258623e+02	1237	2.906099e-03	0	
1.259640e+02	1238	4.892983e+02	4.726655e+00	1.259640e+02	1238	9.567644e-03	0	
1.260658e+02	1239	4.768251e+02	2.453846e+01	1.260658e+02	1239	4.894345e-02	0	
1.261675e+02	1240	5.327295e+02	4.342658e+01	1.261675e+02	1240	7.537294e-02	0	
1.262693e+02	1241	5.250109e+02	2.400027e+01	1.262693e+02	1241	4.371545e-02	0	
1.263710e+02	1242	4.802282e+02	3.949590e+01	1.263710e+02	1242	7.599397e-02	0	
1.264728e+02	1243	4.794467e+02	1.842957e+01	1.264728e+02	1243	3.701637e-02	0	
1.265745e+02	1244	4.535992e+02	2.739965e+01	1.265745e+02	1244	5.696407e-02	0	
1.266763e+02	1245	4.939803e+02	1.762214e+01	1.266763e+02	1245	3.444499e-02	0	
1.267780e+02	1246	4.816725e+02	3.089059e+01	1.267780e+02	1246	6.026690e-02	0	
1.268798e+02	1247	4.720428e+02	2.158167e+01	1.268798e+02	1247	4.372083e-02	0	
1.269815e+02	1248	4.451317e+02	2.840690e+01	1.269815e+02	1248	5.998856e-02	0	
1.270833e+02	1249	4.603922e+02	5.053107e+01	1.270833e+02	1249	9.890148e-02	0	
1.271850e+02	1250	4.399174e+02	2.607352e+01	1.271850e+02	1250	5.595285e-02	0	
1.272867e+02	1251	4.464915e+02	2.093002e+01	1.272867e+02	1251	4.477761e-02	0	
1.273885e+02	1252	4.402363e+02	2.181779e+01	1.273885e+02	1252	4.721913e-02	0	
1.274902e+02	1253	4.566126e+02	2.592127e+01	1.274902e+02	1253	5.371907e-02	0	
1.275920e+02	1254	4.347653e+02	3.158860e+01	1.275920e+02	1254	6.773525e-02	0	
1.276937e+02	1255	4.460303e+02	3.350360e+01	1.276937e+02	1255	6.986701e-02	0	
1.277955e+02	1256	4.720732e+02	5.233235e+00	1.277955e+02	1256	1.096410e-02	0	
1.278972e+02	1257	4.390039e+02	-7.487519e-01	1.278972e+02	1257	-1.708484e-03	0	
1.279990e+02	1258	4.382032e+02	6.179034e+00	1.279990e+02	1258	1.390477e-02	0	
1.281007e+02	1259	4.612017e+02	2.376142e+01	1.281007e+02	1259	4.899634e-02	0	
1.282025e+02	1260	4.555425e+02	1.616636e+01	1.282025e+02	1260	3.427190e-02	0	
1.283042e+02	1261	4.915623e+02	5.135460e+01	1.283042e+02	1261	9.459017e-02	0	
1.284060e+02	1262	4.465849e+02	5.211815e+01	1.284060e+02	1262	1.045074e-01	0	
1.285077e+02	1263	4.860669e+02	4.361821e+00	1.285077e+02	1263	8.893894e-03	0	
1.286095e+02	1264	4.507922e+02	-1.416674e+01	1.286095e+02	1264	-3.244598e-02	0	
1.287112e+02	1265	4.635954e+02	2.580966e+01	1.287112e+02	1265	5.273681e-02	0	
1.288130e+02	1266	4.204147e+02	1.995928e+01	1.288130e+02	1266	4.532348e-02	0	
1.289147e+02	1267	4.768159e+02	1.948533e+01	1.289147e+02	1267	3.926110e-02	0	
1.290165e+02	1268	4.912682e+02	6.775073e+00	1.290165e+02	1268	1.360338e-02	0	
1.291182e+02	1269	4.433116e+02	1.457802e+01	1.291182e+02	1269	3.183741e-02	0	
1.292200e+02	1270	4.448732e+02	1.267917e+01	1.292200e+02	1270	2.771086e-02	0	
1.293217e+02	1271	4.435309e+02	1.818615e+01	1.293217e+02	1271	3.938808e-02	0	
1.294235e+02	1272	5.286711e+02	3.216099e+01	1.294235e+02	1272	5.734513e-02	0	
1.295252e+02	1273	4.411362e+02	2.563479e+01	1.295252e+02	1273	5.491942e-02	0	
1.296270e+02	1274	4.695414e+02	8.458340e+00	1.296270e+02	1274	1.769528e-02	0	
1.297287e+02	1275	4.618179e+02	1.097645e+01	1.297287e+02	1275	2.321612e-02	0	
1.298304e+02	1276	4.660216e+02	2.742063e+01	1.298304e+02	1276	5.557009e-02	0	
1.299322e+02	1277	4.550251e+02	3.834628e+01	1.299322e+02	1277	7.772295e-02	0	
