time at 532nm	frame at 532nm	I_1 at 532nm(counts)	I_2 at 532nm(counts)	time at 532nm	frame at 532nm	FRET_1>2	discr.FRET_1>2	
1.017480e-01	1	6.012481e+02	5.570030e+00	1.017480e-01	1	9.179076e-03	0	
2.034960e-01	2	6.012481e+02	5.570030e+00	2.034960e-01	2	9.179076e-03	0	
3.052440e-01	3	6.032761e+02	8.965185e+00	3.052440e-01	3	1.464322e-02	0	
4.069920e-01	4	5.975606e+02	4.888512e+00	4.069920e-01	4	8.114398e-03	0	
5.087400e-01	5	5.892369e+02	7.777670e+00	5.087400e-01	5	1.302761e-02	0	
6.104880e-01	6	6.127666e+02	4.903250e-01	6.104880e-01	6	7.995425e-04	0	
7.122360e-01	7	5.909977e+02	3.638113e+00	7.122360e-01	7	6.118220e-03	0	
8.139840e-01	8	5.923380e+02	1.323040e+01	8.139840e-01	8	2.184790e-02	0	
9.157320e-01	9	5.843394e+02	2.168352e+00	9.157320e-01	9	3.697056e-03	0	
1.017480e+00	10	6.137395e+02	1.141860e+01	1.017480e+00	10	1.826514e-02	0	
1.119228e+00	11	6.290938e+02	1.338418e+01	1.119228e+00	11	2.083212e-02	0	
1.220976e+00	12	5.909059e+02	6.429914e+00	1.220976e+00	12	1.076432e-02	0	
1.322724e+00	13	5.564206e+02	3.025300e+01	1.322724e+00	13	5.156700e-02	0	
1.424472e+00	14	5.998292e+02	3.450217e+01	1.424472e+00	14	5.439140e-02	0	
1.526220e+00	15	5.812443e+02	4.832878e+01	1.526220e+00	15	7.676437e-02	0	
1.627968e+00	16	5.484129e+02	3.075106e+01	1.627968e+00	16	5.309560e-02	0	
1.729716e+00	17	5.615275e+02	4.442836e+01	1.729716e+00	17	7.331947e-02	0	
1.831464e+00	18	5.428670e+02	8.839619e+00	1.831464e+00	18	1.602232e-02	0	
1.933212e+00	19	5.661611e+02	2.029529e+01	1.933212e+00	19	3.460665e-02	0	
2.034960e+00	20	5.946975e+02	2.596490e+01	2.034960e+00	20	4.183418e-02	0	
2.136708e+00	21	5.431050e+02	2.438783e+01	2.136708e+00	21	4.297469e-02	0	
2.238456e+00	22	5.519983e+02	1.336140e+01	2.238456e+00	22	2.363345e-02	0	
2.340204e+00	23	5.776114e+02	4.273938e+00	2.340204e+00	23	7.344983e-03	0	
2.441952e+00	24	5.478248e+02	9.491816e+00	2.441952e+00	24	1.703128e-02	0	
2.543700e+00	25	5.510526e+02	1.145221e+01	2.543700e+00	25	2.035931e-02	0	
2.645448e+00	26	5.587008e+02	1.813453e+01	2.645448e+00	26	3.143797e-02	0	
2.747196e+00	27	5.592058e+02	1.406103e+01	2.747196e+00	27	2.452790e-02	0	
2.848944e+00	28	5.280319e+02	2.132948e+01	2.848944e+00	28	3.882595e-02	0	
2.950692e+00	29	5.590739e+02	9.120869e+00	2.950692e+00	29	1.605236e-02	0	
3.052440e+00	30	5.999461e+02	-6.911243e+00	3.052440e+00	30	-1.165402e-02	0	
3.154188e+00	31	6.249937e+02	-1.352556e+01	3.154188e+00	31	-2.211981e-02	0	
3.255936e+00	32	5.852199e+02	-9.055275e+00	3.255936e+00	32	-1.571647e-02	0	
3.357684e+00	33	5.921251e+02	-7.508096e+00	3.357684e+00	33	-1.284276e-02	0	
3.459432e+00	34	6.020571e+02	9.681726e-01	3.459432e+00	34	1.605526e-03	0	
3.561180e+00	35	5.678548e+02	-7.402841e+00	3.561180e+00	35	-1.320870e-02	0	
3.662928e+00	36	6.712164e+02	-3.001924e+01	3.662928e+00	36	-4.681749e-02	0	
3.764676e+00	37	6.053335e+02	-1.546256e+01	3.764676e+00	37	-2.621346e-02	0	
3.866424e+00	38	5.538666e+02	1.417397e+01	3.866424e+00	38	2.495239e-02	0	
3.968172e+00	39	5.638014e+02	1.240581e+01	3.968172e+00	39	2.153012e-02	0	
4.069920e+00	40	5.357426e+02	1.570164e+01	4.069920e+00	40	2.847367e-02	0	
4.171668e+00	41	5.770093e+02	-4.934736e+00	4.171668e+00	41	-8.626036e-03	0	
4.273416e+00	42	5.887750e+02	2.621064e+00	4.273416e+00	42	4.431994e-03	0	
4.375164e+00	43	5.306285e+02	1.867936e+01	4.375164e+00	43	3.400527e-02	0	
4.476912e+00	44	5.534880e+02	7.046084e+00	4.476912e+00	44	1.257030e-02	0	
4.578660e+00	45	5.510654e+02	1.246844e+01	4.578660e+00	45	2.212545e-02	0	
4.680408e+00	46	5.944410e+02	1.154562e+01	4.680408e+00	46	1.905260e-02	0	
4.782156e+00	47	5.661403e+02	5.418951e+00	4.782156e+00	47	9.480996e-03	0	
4.883904e+00	48	5.188134e+02	-7.972043e+00	4.883904e+00	48	-1.560571e-02	0	
4.985652e+00	49	5.885066e+02	1.650488e+01	4.985652e+00	49	2.728028e-02	0	
5.087400e+00	50	5.675056e+02	4.627208e+00	5.087400e+00	50	8.087647e-03	0	
5.189148e+00	51	5.498029e+02	-6.748914e-01	5.189148e+00	51	-1.229024e-03	0	
5.290896e+00	52	5.926211e+02	2.660925e+01	5.290896e+00	52	4.297149e-02	0	
5.392644e+00	53	5.713426e+02	1.677408e+01	5.392644e+00	53	2.852169e-02	0	
5.494392e+00	54	6.001578e+02	1.836475e+01	5.494392e+00	54	2.969132e-02	0	
5.596140e+00	55	5.805636e+02	2.322142e+01	5.596140e+00	55	3.845975e-02	0	
5.697888e+00	56	5.763937e+02	5.464629e+01	5.697888e+00	56	8.659719e-02	0	
5.799636e+00	57	5.907107e+02	2.515003e+01	5.799636e+00	57	4.083720e-02	0	
5.901384e+00	58	5.495932e+02	1.881142e+00	5.901384e+00	58	3.411114e-03	0	
6.003132e+00	59	5.911697e+02	3.585862e+01	6.003132e+00	59	5.718820e-02	0	
6.104880e+00	60	5.537115e+02	3.037426e+00	6.104880e+00	60	5.455648e-03	0	
6.206628e+00	61	5.293816e+02	-2.633627e+00	6.206628e+00	61	-4.999786e-03	0	
6.308376e+00	62	5.526891e+02	9.859163e+00	6.308376e+00	62	1.752590e-02	0	
6.410124e+00	63	5.598900e+02	1.271608e+01	6.410124e+00	63	2.220738e-02	0	
6.511872e+00	64	5.611319e+02	1.407727e+01	6.511872e+00	64	2.447331e-02	0	
6.613620e+00	65	5.719894e+02	5.517624e+00	6.613620e+00	65	9.554211e-03	0	
6.715368e+00	66	5.567735e+02	3.763224e+00	6.715368e+00	66	6.713608e-03	0	
6.817116e+00	67	5.546875e+02	1.254063e+01	6.817116e+00	67	2.210862e-02	0	
6.918864e+00	68	5.674531e+02	2.050737e+01	6.918864e+00	68	3.487882e-02	0	
7.020612e+00	69	5.613197e+02	1.980327e+01	7.020612e+00	69	3.407759e-02	0	
7.122360e+00	70	5.817163e+02	2.014375e+01	7.122360e+00	70	3.346916e-02	0	
7.224108e+00	71	5.753966e+02	1.264748e+01	7.224108e+00	71	2.150771e-02	0	
7.325856e+00	72	5.501584e+02	3.012112e+01	7.325856e+00	72	5.190795e-02	0	
7.427604e+00	73	5.725113e+02	1.349182e+01	7.427604e+00	73	2.302346e-02	0	
7.529352e+00	74	5.697243e+02	5.162813e+00	7.529352e+00	74	8.980568e-03	0	
7.631100e+00	75	5.579086e+02	2.313189e+01	7.631100e+00	75	3.981115e-02	0	
7.732848e+00	76	5.806263e+02	8.231180e+00	7.732848e+00	76	1.397822e-02	0	
7.834596e+00	77	5.626547e+02	1.672299e+01	7.834596e+00	77	2.886371e-02	0	
7.936344e+00	78	5.672119e+02	1.534461e+01	7.936344e+00	78	2.634012e-02	0	
8.038092e+00	79	5.725371e+02	1.272021e+01	8.038092e+00	79	2.173439e-02	0	
8.139840e+00	80	5.834591e+02	1.268420e+01	8.139840e+00	80	2.127710e-02	0	
8.241588e+00	81	5.911814e+02	4.542854e+00	8.241588e+00	81	7.625766e-03	0	
8.343336e+00	82	5.806062e+02	1.801458e+01	8.343336e+00	82	3.009348e-02	0	
8.445084e+00	83	5.787157e+02	1.331183e+01	8.445084e+00	83	2.248515e-02	0	
8.546832e+00	84	5.737128e+02	5.596426e+00	8.546832e+00	84	9.660516e-03	0	
8.648580e+00	85	5.827178e+02	1.690167e+01	8.648580e+00	85	2.818733e-02	0	
8.750328e+00	86	5.828554e+02	5.782998e+00	8.750328e+00	86	9.824364e-03	0	
8.852076e+00	87	5.958104e+02	1.370739e+01	8.852076e+00	87	2.248891e-02	0	
8.953824e+00	88	5.773979e+02	2.837821e+01	8.953824e+00	88	4.684604e-02	0	
9.055572e+00	89	5.879497e+02	1.485029e+01	9.055572e+00	89	2.463552e-02	0	
9.157320e+00	90	5.759473e+02	1.336647e+01	9.157320e+00	90	2.268141e-02	0	
9.259068e+00	91	6.120701e+02	2.781323e+01	9.259068e+00	91	4.346610e-02	0	
9.360816e+00	92	6.157506e+02	2.328494e+01	9.360816e+00	92	3.643763e-02	0	
9.462564e+00	93	6.040907e+02	1.606223e+01	9.462564e+00	93	2.590043e-02	0	
9.564312e+00	94	5.913288e+02	3.980039e+00	9.564312e+00	94	6.685671e-03	0	
9.666060e+00	95	5.695275e+02	3.279226e+01	9.666060e+00	95	5.444327e-02	0	
9.767808e+00	96	6.356318e+02	5.845234e+01	9.767808e+00	96	8.421506e-02	0	
9.869556e+00	97	6.130007e+02	1.873862e+01	9.869556e+00	97	2.966195e-02	0	
9.971304e+00	98	5.647280e+02	2.036032e+01	9.971304e+00	98	3.479871e-02	0	
1.007305e+01	99	5.567973e+02	1.752789e+01	1.007305e+01	99	3.051910e-02	0	
1.017480e+01	100	5.040687e+02	5.491674e+01	1.017480e+01	100	9.824360e-02	0	
1.027655e+01	101	5.528560e+02	3.338576e+01	1.027655e+01	101	5.694879e-02	0	
1.037830e+01	102	5.373460e+02	2.562644e+01	1.037830e+01	102	4.551988e-02	0	
1.048004e+01	103	6.072994e+02	-1.402836e+01	1.048004e+01	103	-2.364579e-02	0	
1.058179e+01	104	5.730358e+02	7.904288e+00	1.058179e+01	104	1.360603e-02	0	
1.068354e+01	105	5.584741e+02	8.519264e+00	1.068354e+01	105	1.502533e-02	0	
1.078529e+01	106	5.923240e+02	2.053367e+01	1.078529e+01	106	3.350479e-02	0	
1.088704e+01	107	5.534495e+02	1.631597e+01	1.088704e+01	107	2.863629e-02	0	
1.098878e+01	108	5.721137e+02	-2.993701e+00	1.098878e+01	108	-5.260228e-03	0	
1.109053e+01	109	5.711239e+02	1.608029e+01	1.109053e+01	109	2.738449e-02	0	
1.119228e+01	110	5.622891e+02	1.811420e+01	1.119228e+01	110	3.120968e-02	0	
1.129403e+01	111	5.774897e+02	1.356476e+01	1.129403e+01	111	2.295010e-02	0	
1.139578e+01	112	5.708170e+02	2.989664e+01	1.139578e+01	112	4.976854e-02	0	
1.149752e+01	113	5.756312e+02	3.843782e+01	1.149752e+01	113	6.259528e-02	0	
1.159927e+01	114	5.740275e+02	1.876971e+01	1.159927e+01	114	3.166295e-02	0	
1.170102e+01	115	5.735901e+02	1.948777e+01	1.170102e+01	115	3.285870e-02	0	
1.180277e+01	116	5.721750e+02	2.790930e+01	1.180277e+01	116	4.650897e-02	0	
1.190452e+01	117	6.029274e+02	3.554981e+01	1.190452e+01	117	5.567906e-02	0	
1.200626e+01	118	5.662026e+02	1.606139e+01	1.200626e+01	118	2.758438e-02	0	
1.210801e+01	119	5.769517e+02	3.184661e+01	1.210801e+01	119	5.231061e-02	0	
1.220976e+01	120	5.771451e+02	3.753855e+01	1.220976e+01	120	6.106971e-02	0	
1.231151e+01	121	6.211370e+02	1.642941e+01	1.231151e+01	121	2.576894e-02	0	
1.241326e+01	122	5.719572e+02	-4.650550e+00	1.241326e+01	122	-8.197595e-03	0	
1.251500e+01	123	5.980792e+02	2.926734e+01	1.251500e+01	123	4.665259e-02	0	
1.261675e+01	124	6.004821e+02	1.744479e+01	1.261675e+01	124	2.823116e-02	0	
1.271850e+01	125	6.289999e+02	9.805000e+00	1.271850e+01	125	1.534897e-02	0	
1.282025e+01	126	5.944056e+02	1.590740e+01	1.282025e+01	126	2.606433e-02	0	
1.292200e+01	127	6.290888e+02	1.225827e+01	1.292200e+01	127	1.911332e-02	0	
1.302374e+01	128	5.092690e+02	1.303762e+01	1.302374e+01	128	2.496162e-02	0	
1.312549e+01	129	6.001976e+02	2.095190e+01	1.312549e+01	129	3.373085e-02	0	
1.322724e+01	130	5.655165e+02	2.070336e+01	1.322724e+01	130	3.531672e-02	0	
1.332899e+01	131	5.491952e+02	2.501844e+01	1.332899e+01	131	4.356992e-02	0	
1.343074e+01	132	5.580971e+02	1.674388e+01	1.343074e+01	132	2.912785e-02	0	
1.353248e+01	133	5.349622e+02	2.069721e+01	1.353248e+01	133	3.724801e-02	0	
1.363423e+01	134	5.709198e+02	4.407407e+01	1.363423e+01	134	7.166587e-02	0	
1.373598e+01	135	6.026787e+02	2.430370e+01	1.373598e+01	135	3.876297e-02	0	
1.383773e+01	136	5.581462e+02	1.759933e+01	1.383773e+01	136	3.056790e-02	0	
1.393948e+01	137	5.771292e+02	2.414872e+01	1.393948e+01	137	4.016233e-02	0	
1.404122e+01	138	5.870222e+02	9.131073e+01	1.404122e+01	138	1.346105e-01	0	
1.414297e+01	139	6.015858e+02	3.407469e+01	1.414297e+01	139	5.360517e-02	0	
1.424472e+01	140	5.605628e+02	4.055470e+01	1.424472e+01	140	6.746551e-02	0	
1.434647e+01	141	5.928998e+02	3.062757e+01	1.434647e+01	141	4.911985e-02	0	
1.444822e+01	142	5.824457e+02	4.756692e+01	1.444822e+01	142	7.550154e-02	0	
1.454996e+01	143	6.264462e+02	3.702673e+01	1.454996e+01	143	5.580745e-02	0	
1.465171e+01	144	5.749763e+02	3.878938e+01	1.465171e+01	144	6.319900e-02	0	
1.475346e+01	145	6.259658e+02	3.163222e+01	1.475346e+01	145	4.810267e-02	0	
1.485521e+01	146	6.090286e+02	9.527632e+00	1.485521e+01	146	1.540302e-02	0	
1.495696e+01	147	6.214992e+02	3.932966e+01	1.495696e+01	147	5.951565e-02	0	
1.505870e+01	148	6.141773e+02	7.613461e+01	1.505870e+01	148	1.102902e-01	0	
1.516045e+01	149	6.158672e+02	3.119083e+01	1.516045e+01	149	4.820407e-02	0	
1.526220e+01	150	6.327470e+02	-1.203801e-01	1.526220e+01	150	-1.902862e-04	0	
1.536395e+01	151	6.297063e+02	3.985165e+01	1.536395e+01	151	5.951934e-02	0	
1.546570e+01	152	6.251088e+02	3.258312e+01	1.546570e+01	152	4.954162e-02	0	
1.556744e+01	153	6.400138e+02	2.377665e+01	1.556744e+01	153	3.581951e-02	0	
1.566919e+01	154	6.452260e+02	-7.771100e+00	1.566919e+01	154	-1.219082e-02	0	
1.577094e+01	155	6.171536e+02	7.150191e+01	1.577094e+01	155	1.038283e-01	0	
1.587269e+01	156	6.137380e+02	5.845523e+01	1.587269e+01	156	8.696194e-02	0	
1.597444e+01	157	5.741717e+02	4.107082e+01	1.597444e+01	157	6.675550e-02	0	
1.607618e+01	158	6.361192e+02	4.113455e+01	1.607618e+01	158	6.073728e-02	0	
1.617793e+01	159	6.238412e+02	5.883035e+01	1.617793e+01	159	8.617665e-02	0	
1.627968e+01	160	5.522388e+02	1.985674e+01	1.627968e+01	160	3.470878e-02	0	
1.638143e+01	161	5.399952e+02	1.911623e+01	1.638143e+01	161	3.419038e-02	0	
1.648318e+01	162	5.395894e+02	1.122764e+01	1.648318e+01	162	2.038361e-02	0	
1.658492e+01	163	5.523544e+02	2.293894e+01	1.658492e+01	163	3.987347e-02	0	
1.668667e+01	164	5.743142e+02	1.566797e+01	1.668667e+01	164	2.655668e-02	0	
1.678842e+01	165	5.432249e+02	2.058410e+01	1.678842e+01	165	3.650900e-02	0	
1.689017e+01	166	5.667310e+02	4.429147e+00	1.689017e+01	166	7.754650e-03	0	
1.699192e+01	167	5.192213e+02	2.586142e+00	1.699192e+01	167	4.956123e-03	0	
1.709366e+01	168	5.480670e+02	7.017542e+00	1.709366e+01	168	1.264229e-02	0	
1.719541e+01	169	5.492929e+02	6.934105e+00	1.719541e+01	169	1.246632e-02	0	
1.729716e+01	170	5.303770e+02	-3.467249e-01	1.729716e+01	170	-6.541606e-04	0	
1.739891e+01	171	5.970932e+02	4.133329e+00	1.739891e+01	171	6.874828e-03	0	
1.750066e+01	172	5.919862e+02	3.872197e+00	1.750066e+01	172	6.498519e-03	0	
1.760240e+01	173	5.530108e+02	-1.712369e-01	1.760240e+01	173	-3.097407e-04	0	
1.770415e+01	174	5.571453e+02	-4.924388e-01	1.770415e+01	174	-8.846425e-04	0	
1.780590e+01	175	5.711151e+02	4.440251e+00	1.780590e+01	175	7.714725e-03	0	
1.790765e+01	176	5.905903e+02	1.010054e+00	1.790765e+01	176	1.707325e-03	0	
1.800940e+01	177	5.669977e+02	-1.188418e+00	1.800940e+01	177	-2.100386e-03	0	
1.811114e+01	178	5.804549e+02	4.314466e+00	1.811114e+01	178	7.378064e-03	0	
1.821289e+01	179	5.930644e+02	1.623289e+01	1.821289e+01	179	2.664199e-02	0	
1.831464e+01	180	5.879938e+02	8.229031e+00	1.831464e+01	180	1.380194e-02	0	
1.841639e+01	181	5.761644e+02	7.207818e+00	1.841639e+01	181	1.235544e-02	0	
1.851814e+01	182	5.639346e+02	-1.623027e+00	1.851814e+01	182	-2.886348e-03	0	
1.861988e+01	183	5.787923e+02	1.564874e+01	1.861988e+01	183	2.632513e-02	0	
1.872163e+01	184	6.423291e+02	4.410705e+01	1.872163e+01	184	6.425514e-02	0	
1.882338e+01	185	5.755621e+02	2.009059e+01	1.882338e+01	185	3.372870e-02	0	
1.892513e+01	186	5.942363e+02	1.528549e+01	1.892513e+01	186	2.507784e-02	0	
1.902688e+01	187	5.998095e+02	1.976661e+01	1.902688e+01	187	3.190344e-02	0	
1.912862e+01	188	5.835454e+02	1.398983e+01	1.912862e+01	188	2.341256e-02	0	
1.923037e+01	189	5.544944e+02	2.919895e+01	1.923037e+01	189	5.002447e-02	0	
1.933212e+01	190	5.962484e+02	1.913828e+01	1.933212e+01	190	3.109960e-02	0	
1.943387e+01	191	5.662857e+02	1.263228e+01	1.943387e+01	191	2.182050e-02	0	
1.953562e+01	192	5.655906e+02	3.227003e+00	1.953562e+01	192	5.673177e-03	0	
1.963736e+01	193	5.895111e+02	1.969186e+01	1.963736e+01	193	3.232397e-02	0	
1.973911e+01	194	5.879136e+02	1.907309e+01	1.973911e+01	194	3.142258e-02	0	
1.984086e+01	195	5.851407e+02	1.293702e+01	1.984086e+01	195	2.163100e-02	0	
1.994261e+01	196	6.042052e+02	1.525046e+01	1.994261e+01	196	2.461913e-02	0	
2.004436e+01	197	5.945610e+02	2.032729e+01	2.004436e+01	197	3.305851e-02	0	
2.014610e+01	198	5.899859e+02	1.434659e+01	2.014610e+01	198	2.373956e-02	0	
2.024785e+01	199	5.845649e+02	2.918957e+01	2.024785e+01	199	4.755903e-02	0	
2.034960e+01	200	5.785396e+02	2.792078e+01	2.034960e+01	200	4.603892e-02	0	
2.045135e+01	201	5.583464e+02	5.062695e+01	2.045135e+01	201	8.313492e-02	0	
2.055310e+01	202	5.978024e+02	1.752454e+01	2.055310e+01	202	2.848005e-02	0	
2.065484e+01	203	5.758436e+02	1.999759e+01	2.065484e+01	203	3.356195e-02	0	
2.075659e+01	204	6.060095e+02	1.340085e+01	2.075659e+01	204	2.163485e-02	0	
2.085834e+01	205	5.979013e+02	1.350937e+01	2.085834e+01	205	2.209541e-02	0	
2.096009e+01	206	5.587900e+02	2.451245e+01	2.096009e+01	206	4.202357e-02	0	
2.106184e+01	207	5.642714e+02	3.482437e+01	2.106184e+01	207	5.812822e-02	0	
2.116358e+01	208	5.617016e+02	3.424520e+01	2.116358e+01	208	5.746352e-02	0	
2.126533e+01	209	5.500146e+02	2.011898e+01	2.126533e+01	209	3.528819e-02	0	
2.136708e+01	210	5.718702e+02	1.749639e+01	2.136708e+01	210	2.968677e-02	0	
2.146883e+01	211	5.546559e+02	2.856860e+01	2.146883e+01	211	4.898388e-02	0	
2.157058e+01	212	5.744408e+02	1.105941e+01	2.157058e+01	212	1.888882e-02	0	
2.167232e+01	213	5.639446e+02	2.656737e+01	2.167232e+01	213	4.499040e-02	0	
2.177407e+01	214	5.661412e+02	2.903925e+01	2.177407e+01	214	4.879067e-02	0	
2.187582e+01	215	5.894734e+02	9.683294e+00	2.187582e+01	215	1.616154e-02	0	
2.197757e+01	216	5.589555e+02	4.599424e+00	2.197757e+01	216	8.161448e-03	0	
2.207932e+01	217	5.630419e+02	2.058424e+01	2.207932e+01	217	3.526956e-02	0	
2.218106e+01	218	5.381103e+02	1.185260e+01	2.218106e+01	218	2.155164e-02	0	
2.228281e+01	219	6.144126e+02	2.132990e+01	2.228281e+01	219	3.355116e-02	0	
2.238456e+01	220	5.779556e+02	9.626543e+00	2.238456e+01	220	1.638331e-02	0	
2.248631e+01	221	6.293230e+02	4.343624e+00	2.248631e+01	221	6.854746e-03	0	
2.258806e+01	222	5.939925e+02	1.104696e+01	2.258806e+01	222	1.825825e-02	0	
2.268980e+01	223	5.948779e+02	1.411980e+01	2.268980e+01	223	2.318531e-02	0	
2.279155e+01	224	5.447768e+02	3.035529e+01	2.279155e+01	224	5.277968e-02	0	
2.289330e+01	225	5.811893e+02	2.896884e+01	2.289330e+01	225	4.747759e-02	0	
2.299505e+01	226	5.681592e+02	2.950324e+01	2.299505e+01	226	4.936439e-02	0	
2.309680e+01	227	5.649686e+02	2.058639e+01	2.309680e+01	227	3.515706e-02	0	
2.319854e+01	228	5.175682e+02	2.789202e+01	2.319854e+01	228	5.113484e-02	0	
2.330029e+01	229	5.460425e+02	3.107182e+01	2.330029e+01	229	5.383997e-02	0	
2.340204e+01	230	5.042833e+02	1.939772e+01	2.340204e+01	230	3.704110e-02	0	
2.350379e+01	231	5.848601e+02	2.626432e+01	2.350379e+01	231	4.297704e-02	0	
2.360554e+01	232	5.628219e+02	1.957174e+01	2.360554e+01	232	3.360569e-02	0	
2.370728e+01	233	5.599685e+02	3.560936e+00	2.370728e+01	233	6.318988e-03	0	
2.380903e+01	234	5.513916e+02	1.788080e+01	2.380903e+01	234	3.140992e-02	0	
2.391078e+01	235	5.744156e+02	4.899436e+00	2.391078e+01	235	8.457291e-03	0	
2.401253e+01	236	5.563018e+02	2.316623e+01	2.401253e+01	236	3.997844e-02	0	
2.411428e+01	237	5.814530e+02	1.406394e+01	2.411428e+01	237	2.361636e-02	0	
2.421602e+01	238	5.657949e+02	2.060015e+01	2.421602e+01	238	3.513016e-02	0	
2.431777e+01	239	5.971380e+02	1.264456e+01	2.431777e+01	239	2.073618e-02	0	
2.441952e+01	240	5.619239e+02	9.461055e+00	2.441952e+01	240	1.655811e-02	0	
2.452127e+01	241	5.476916e+02	7.634993e-01	2.452127e+01	241	1.392091e-03	0	
2.462302e+01	242	5.592136e+02	1.717473e+01	2.462302e+01	242	2.979715e-02	0	
2.472476e+01	243	6.274524e+02	3.285901e+01	2.472476e+01	243	4.976290e-02	0	
2.482651e+01	244	5.213565e+02	1.695016e+01	2.482651e+01	244	3.148793e-02	0	
2.492826e+01	245	6.034723e+02	2.131154e+01	2.492826e+01	245	3.411026e-02	0	
2.503001e+01	246	5.792479e+02	1.149954e+01	2.503001e+01	246	1.946609e-02	0	
2.513176e+01	247	4.946102e+02	4.259832e+01	2.513176e+01	247	7.929569e-02	0	
2.523350e+01	248	8.777993e+01	2.631337e+02	2.523350e+01	248	7.498532e-01	7.000000e-01	
2.533525e+01	249	8.559599e+01	2.711752e+02	2.533525e+01	249	7.600816e-01	7.000000e-01	
2.543700e+01	250	2.306369e+02	2.037914e+02	2.543700e+01	250	4.691025e-01	7.000000e-01	
2.553875e+01	251	7.203138e+01	2.818420e+02	2.553875e+01	251	7.964487e-01	7.000000e-01	
2.564050e+01	252	1.199994e+02	2.621325e+02	2.564050e+01	252	6.859739e-01	7.000000e-01	
2.574224e+01	253	9.974335e+01	2.619904e+02	2.574224e+01	253	7.242631e-01	7.000000e-01	
2.584399e+01	254	9.002582e+01	2.500636e+02	2.584399e+01	254	7.352878e-01	7.000000e-01	
2.594574e+01	255	8.316630e+01	2.687315e+02	2.594574e+01	255	7.636635e-01	7.000000e-01	
2.604749e+01	256	7.872346e+01	2.836650e+02	2.604749e+01	256	7.827650e-01	7.000000e-01	
2.614924e+01	257	5.948215e+02	2.376073e+01	2.614924e+01	257	3.841159e-02	0	
2.625098e+01	258	5.992533e+02	2.274038e+01	2.625098e+01	258	3.656047e-02	0	
2.635273e+01	259	5.960637e+02	1.963555e+01	2.635273e+01	259	3.189146e-02	0	
2.645448e+01	260	5.924025e+02	3.198577e+01	2.645448e+01	260	5.122737e-02	0	
2.655623e+01	261	5.992068e+02	2.275589e+01	2.655623e+01	261	3.658723e-02	0	
2.665798e+01	262	6.404718e+02	8.445155e+00	2.665798e+01	262	1.301423e-02	0	
2.675972e+01	263	6.230135e+02	1.366402e+01	2.675972e+01	263	2.146145e-02	0	
2.686147e+01	264	5.533125e+02	4.147046e+01	2.686147e+01	264	6.972369e-02	0	
2.696322e+01	265	6.778119e+01	3.327278e+02	2.696322e+01	265	8.307624e-01	7.000000e-01	
2.706497e+01	266	7.515692e+01	3.457017e+02	2.706497e+01	266	8.214200e-01	7.000000e-01	
2.716672e+01	267	6.899430e+01	3.262709e+02	2.716672e+01	267	8.254481e-01	7.000000e-01	
2.726846e+01	268	6.840527e+01	3.332654e+02	2.726846e+01	268	8.296981e-01	7.000000e-01	
2.737021e+01	269	7.377905e+01	3.163276e+02	2.737021e+01	269	8.108747e-01	7.000000e-01	
2.747196e+01	270	8.601083e+01	3.654538e+02	2.747196e+01	270	8.094849e-01	7.000000e-01	
2.757371e+01	271	8.145495e+01	3.368710e+02	2.757371e+01	271	8.052835e-01	7.000000e-01	
2.767546e+01	272	7.263771e+01	3.680823e+02	2.767546e+01	272	8.351840e-01	7.000000e-01	
2.777720e+01	273	8.611942e+01	3.658370e+02	2.777720e+01	273	8.094519e-01	7.000000e-01	
2.787895e+01	274	6.792971e+01	2.545503e+02	2.787895e+01	274	7.893522e-01	7.000000e-01	
2.798070e+01	275	9.637005e+01	2.700736e+02	2.798070e+01	275	7.370126e-01	7.000000e-01	
2.808245e+01	276	4.217838e+01	2.670350e+02	2.808245e+01	276	8.635946e-01	7.000000e-01	
2.818420e+01	277	7.528978e+01	3.011310e+02	2.818420e+01	277	7.999851e-01	7.000000e-01	
2.828594e+01	278	7.625646e+01	3.139148e+02	2.828594e+01	278	8.045564e-01	7.000000e-01	
2.838769e+01	279	8.625621e+01	2.793967e+02	2.838769e+01	279	7.641036e-01	7.000000e-01	
2.848944e+01	280	6.181522e+01	3.377695e+02	2.848944e+01	280	8.453013e-01	7.000000e-01	
2.859119e+01	281	6.746470e+01	3.380988e+02	2.859119e+01	281	8.336519e-01	7.000000e-01	
2.869294e+01	282	6.495081e+01	3.220910e+02	2.869294e+01	282	8.321866e-01	7.000000e-01	
2.879468e+01	283	7.602575e+01	3.097802e+02	2.879468e+01	283	8.029430e-01	7.000000e-01	
2.889643e+01	284	5.921856e+01	3.103946e+02	2.889643e+01	284	8.397823e-01	7.000000e-01	
2.899818e+01	285	6.059924e+01	3.235549e+02	2.899818e+01	285	8.422528e-01	7.000000e-01	
2.909993e+01	286	6.746621e+01	3.381007e+02	2.909993e+01	286	8.336496e-01	7.000000e-01	
2.920168e+01	287	5.521546e+01	3.119927e+02	2.920168e+01	287	8.496344e-01	7.000000e-01	
2.930342e+01	288	8.269062e+01	3.129655e+02	2.930342e+01	288	7.910038e-01	7.000000e-01	
2.940517e+01	289	5.744372e+01	3.133963e+02	2.940517e+01	289	8.450984e-01	7.000000e-01	
2.950692e+01	290	5.294974e+01	3.046677e+02	2.950692e+01	290	8.519375e-01	7.000000e-01	
2.960867e+01	291	7.242329e+01	3.178418e+02	2.960867e+01	291	8.144254e-01	7.000000e-01	
2.971042e+01	292	6.957014e+01	3.558906e+02	2.971042e+01	292	8.364828e-01	7.000000e-01	
2.981216e+01	293	7.969921e+01	3.612602e+02	2.981216e+01	293	8.192595e-01	7.000000e-01	
2.991391e+01	294	9.182130e+01	3.306823e+02	2.991391e+01	294	7.826733e-01	7.000000e-01	
3.001566e+01	295	6.529038e+01	3.397096e+02	3.001566e+01	295	8.387892e-01	7.000000e-01	
3.011741e+01	296	7.585558e+01	3.407389e+02	3.011741e+01	296	8.179151e-01	7.000000e-01	
3.021916e+01	297	7.854074e+01	3.347178e+02	3.021916e+01	297	8.099477e-01	7.000000e-01	
3.032090e+01	298	8.069991e+01	3.587404e+02	3.032090e+01	298	8.163575e-01	7.000000e-01	
3.042265e+01	299	6.813533e+01	3.091138e+02	3.042265e+01	299	8.193890e-01	7.000000e-01	
3.052440e+01	300	7.538427e+01	3.193002e+02	3.052440e+01	300	8.090012e-01	7.000000e-01	
3.062615e+01	301	6.826452e+01	3.075130e+02	3.062615e+01	301	8.183379e-01	7.000000e-01	
3.072790e+01	302	8.820621e+01	3.075038e+02	3.072790e+01	302	7.770938e-01	7.000000e-01	
3.082964e+01	303	6.751822e+01	3.064922e+02	3.082964e+01	303	8.194750e-01	7.000000e-01	
3.093139e+01	304	7.089057e+01	3.054362e+02	3.093139e+01	304	8.116250e-01	7.000000e-01	
3.103314e+01	305	3.290505e+01	3.176416e+02	3.103314e+01	305	9.061322e-01	7.000000e-01	
3.113489e+01	306	7.117361e+01	3.218561e+02	3.113489e+01	306	8.189104e-01	7.000000e-01	
3.123664e+01	307	5.648092e+01	3.114519e+02	3.123664e+01	307	8.464912e-01	7.000000e-01	
3.133838e+01	308	5.938741e+01	3.184492e+02	3.133838e+01	308	8.428225e-01	7.000000e-01	
3.144013e+01	309	5.542330e+01	3.109733e+02	3.144013e+01	309	8.487341e-01	7.000000e-01	
3.154188e+01	310	6.747282e+01	2.937973e+02	3.154188e+01	310	8.132344e-01	7.000000e-01	
3.164363e+01	311	5.279342e+02	3.441399e+01	3.164363e+01	311	6.119694e-02	0	
3.174538e+01	312	5.346504e+02	3.134149e+01	3.174538e+01	312	5.537445e-02	0	
3.184712e+01	313	5.288543e+02	2.610860e+01	3.184712e+01	313	4.704567e-02	0	
3.194887e+01	314	5.430241e+02	2.234417e+01	3.194887e+01	314	3.952144e-02	0	
3.205062e+01	315	5.246825e+02	4.233602e+01	3.205062e+01	315	7.466426e-02	0	
3.215237e+01	316	6.270379e+02	3.368507e+01	3.215237e+01	316	5.098214e-02	0	
3.225412e+01	317	5.207307e+02	3.044768e+01	3.225412e+01	317	5.524106e-02	0	
3.235586e+01	318	5.591209e+02	1.661298e+01	3.235586e+01	318	2.885531e-02	0	
3.245761e+01	319	5.580047e+02	3.032245e+01	3.245761e+01	319	5.154012e-02	0	
3.255936e+01	320	5.624653e+02	2.529530e+01	3.255936e+01	320	4.303674e-02	0	
3.266111e+01	321	5.713641e+02	2.643177e+01	3.266111e+01	321	4.421538e-02	0	
3.276286e+01	322	6.218494e+02	1.867330e+01	3.276286e+01	322	2.915322e-02	0	
3.286460e+01	323	5.595264e+02	2.090153e+01	3.286460e+01	323	3.601055e-02	0	
3.296635e+01	324	5.864519e+02	2.422236e+01	3.296635e+01	324	3.966494e-02	0	
3.306810e+01	325	5.644450e+02	2.852368e+01	3.306810e+01	325	4.810318e-02	0	
3.316985e+01	326	5.574254e+02	1.858090e+01	3.316985e+01	326	3.225815e-02	0	
3.327160e+01	327	5.550450e+02	2.646392e+01	3.327160e+01	327	4.550905e-02	0	
3.337334e+01	328	5.654298e+02	2.691543e+01	3.337334e+01	328	4.543876e-02	0	
3.347509e+01	329	5.209486e+02	3.446845e+01	3.347509e+01	329	6.205868e-02	0	
3.357684e+01	330	5.982860e+02	4.831501e+01	3.357684e+01	330	7.472152e-02	0	
3.367859e+01	331	5.802837e+02	3.215190e+01	3.367859e+01	331	5.249842e-02	0	
3.378034e+01	332	5.611907e+02	2.717257e+01	3.378034e+01	332	4.618332e-02	0	
3.388208e+01	333	5.982759e+02	4.832596e+01	3.388208e+01	333	7.473836e-02	0	
3.398383e+01	334	5.443972e+02	3.256620e+01	3.398383e+01	334	5.644413e-02	0	
3.408558e+01	335	5.832407e+02	3.278609e+01	3.408558e+01	335	5.322186e-02	0	
3.418733e+01	336	5.811108e+02	3.262210e+01	3.418733e+01	336	5.315358e-02	0	
3.428908e+01	337	5.728270e+02	3.458626e+01	3.428908e+01	337	5.694025e-02	0	
3.439082e+01	338	5.533046e+02	3.354972e+01	3.439082e+01	338	5.716874e-02	0	
3.449257e+01	339	5.683349e+02	3.042687e+01	3.449257e+01	339	5.081632e-02	0	
3.459432e+01	340	5.667662e+02	6.462814e+01	3.459432e+01	340	1.023578e-01	0	
3.469607e+01	341	6.205864e+02	2.028553e+01	3.469607e+01	341	3.165302e-02	0	
3.479782e+01	342	5.553501e+02	2.498461e+01	3.479782e+01	342	4.305207e-02	0	
3.489956e+01	343	6.180881e+02	3.838541e+00	3.489956e+01	343	6.172016e-03	0	
3.500131e+01	344	6.237512e+02	2.262790e+00	3.500131e+01	344	3.614600e-03	0	
3.510306e+01	345	6.036103e+02	9.277977e+00	3.510306e+01	345	1.513812e-02	0	
3.520481e+01	346	6.526780e+02	-1.495747e+01	3.520481e+01	346	-2.345458e-02	0	
3.530656e+01	347	6.057968e+02	1.759300e+01	3.530656e+01	347	2.822151e-02	0	
3.540830e+01	348	6.126357e+02	3.496303e+00	3.540830e+01	348	5.674601e-03	0	
3.551005e+01	349	6.461603e+02	2.887276e+00	3.551005e+01	349	4.448481e-03	0	
3.561180e+01	350	6.035255e+02	5.991086e+00	3.561180e+01	350	9.829242e-03	0	
3.571355e+01	351	6.128592e+02	3.340493e+00	3.571355e+01	351	5.421121e-03	0	
3.581530e+01	352	6.165308e+02	4.587084e+00	3.581530e+01	352	7.385207e-03	0	
3.591704e+01	353	5.672884e+02	3.072424e+01	3.591704e+01	353	5.137724e-02	0	
3.601879e+01	354	5.969389e+02	2.272137e+01	3.601879e+01	354	3.666746e-02	0	
3.612054e+01	355	5.751404e+02	1.513092e+01	3.612054e+01	355	2.563384e-02	0	
3.622229e+01	356	5.936760e+02	6.645397e+00	3.622229e+01	356	1.106973e-02	0	
3.632404e+01	357	6.004764e+02	2.278054e+01	3.632404e+01	357	3.655080e-02	0	
3.642578e+01	358	6.094709e+02	2.182065e+01	3.642578e+01	358	3.456509e-02	0	
3.652753e+01	359	6.044193e+02	2.159921e+01	3.652753e+01	359	3.450251e-02	0	
3.662928e+01	360	5.902834e+02	4.096532e+01	3.662928e+01	360	6.489569e-02	0	
3.673103e+01	361	5.881313e+02	2.291480e+01	3.673103e+01	361	3.750093e-02	0	
3.683278e+01	362	6.379102e+02	1.053509e+01	3.683278e+01	362	1.624669e-02	0	
3.693452e+01	363	5.836575e+02	1.274324e+01	3.693452e+01	363	2.136691e-02	0	
3.703627e+01	364	5.884954e+02	2.008477e+01	3.703627e+01	364	3.300267e-02	0	
3.713802e+01	365	5.936874e+02	1.936830e+01	3.713802e+01	365	3.159305e-02	0	
3.723977e+01	366	5.877712e+02	1.715691e+01	3.723977e+01	366	2.836190e-02	0	
3.734152e+01	367	5.848999e+02	2.027438e+01	3.734152e+01	367	3.350172e-02	0	
3.744326e+01	368	5.692809e+02	1.372616e+01	3.744326e+01	368	2.354373e-02	0	
3.754501e+01	369	5.650538e+02	1.894578e+01	3.754501e+01	369	3.244143e-02	0	
3.764676e+01	370	5.869772e+02	1.753661e+01	3.764676e+01	370	2.900944e-02	0	
3.774851e+01	371	5.826262e+02	1.437333e+01	3.774851e+01	371	2.407595e-02	0	
3.785026e+01	372	5.008993e+02	4.902517e+01	3.785026e+01	372	8.914892e-02	0	
3.795200e+01	373	5.456807e+02	6.982987e+00	3.795200e+01	373	1.263515e-02	0	
3.805375e+01	374	5.553504e+02	-2.537048e+00	3.805375e+01	374	-4.589339e-03	0	
3.815550e+01	375	5.611134e+02	1.577479e+01	3.815550e+01	375	2.734462e-02	0	
3.825725e+01	376	5.467555e+02	2.218487e+01	3.825725e+01	376	3.899331e-02	0	
3.835900e+01	377	5.555789e+02	-5.107171e-01	3.835900e+01	377	-9.200980e-04	0	
3.846074e+01	378	5.834132e+02	-1.507012e+01	3.846074e+01	378	-2.651589e-02	0	
3.856249e+01	379	5.862133e+01	3.146376e+02	3.856249e+01	379	8.429473e-01	7.000000e-01	
3.866424e+01	380	5.960155e+01	3.114151e+02	3.866424e+01	380	8.393561e-01	7.000000e-01	
3.876599e+01	381	3.340438e+01	3.218490e+02	3.876599e+01	381	9.059703e-01	7.000000e-01	
3.886774e+01	382	5.437137e+01	3.043194e+02	3.886774e+01	382	8.484171e-01	7.000000e-01	
3.896948e+01	383	1.010433e+02	3.015828e+02	3.896948e+01	383	7.490394e-01	7.000000e-01	
3.907123e+01	384	7.545045e+01	3.058962e+02	3.907123e+01	384	8.021473e-01	7.000000e-01	
3.917298e+01	385	6.674823e+01	3.046408e+02	3.917298e+01	385	8.202741e-01	7.000000e-01	
3.927473e+01	386	7.579352e+01	3.169001e+02	3.927473e+01	386	8.069907e-01	7.000000e-01	
3.937648e+01	387	1.119962e+02	3.042118e+02	3.937648e+01	387	7.309129e-01	7.000000e-01	
3.947822e+01	388	5.770772e+01	3.202446e+02	3.947822e+01	388	8.473148e-01	7.000000e-01	
3.957997e+01	389	5.757881e+01	3.064492e+02	3.957997e+01	389	8.418286e-01	7.000000e-01	
3.968172e+01	390	6.932676e+01	3.204739e+02	3.968172e+01	390	8.221482e-01	7.000000e-01	
3.978347e+01	391	8.305166e+01	3.369183e+02	3.978347e+01	391	8.022438e-01	7.000000e-01	
3.988522e+01	392	5.839294e+02	3.052143e+00	3.988522e+01	392	5.199726e-03	0	
3.998696e+01	393	6.064301e+02	4.041272e+00	3.998696e+01	393	6.619921e-03	0	
4.008871e+01	394	6.263345e+02	1.576243e+01	4.008871e+01	394	2.454837e-02	0	
4.019046e+01	395	6.249125e+02	-7.437130e+00	4.019046e+01	395	-1.204442e-02	0	
4.029221e+01	396	5.908251e+02	6.646105e+00	4.029221e+01	396	1.112372e-02	0	
4.039396e+01	397	6.411624e+02	-9.235708e+00	4.039396e+01	397	-1.461516e-02	0	
4.049570e+01	398	6.263206e+02	-7.739426e+00	4.049570e+01	398	-1.251158e-02	0	
4.059745e+01	399	6.081439e+02	2.621367e+01	4.059745e+01	399	4.132318e-02	0	
4.069920e+01	400	5.989361e+02	8.806905e+00	4.069920e+01	400	1.449117e-02	0	
4.080095e+01	401	6.125793e+02	3.285994e+01	4.080095e+01	401	5.091097e-02	0	
4.090270e+01	402	6.192726e+02	4.861408e+01	4.090270e+01	402	7.278792e-02	0	
4.100444e+01	403	6.218138e+02	3.436241e+01	4.100444e+01	403	5.236766e-02	0	
4.110619e+01	404	6.175075e+02	4.775399e+01	4.110619e+01	404	7.178229e-02	0	
4.120794e+01	405	6.293051e+02	3.501393e+01	4.120794e+01	405	5.270650e-02	0	
4.130969e+01	406	6.486970e+02	3.129580e+01	4.130969e+01	406	4.602372e-02	0	
4.141144e+01	407	6.183792e+02	3.915780e+01	4.141144e+01	407	5.955224e-02	0	
4.151318e+01	408	6.035615e+02	3.503952e+01	4.151318e+01	408	5.486919e-02	0	
4.161493e+01	409	6.205402e+02	3.288415e+01	4.161493e+01	409	5.032587e-02	0	
4.171668e+01	410	6.224990e+02	3.242021e+01	4.171668e+01	410	4.950261e-02	0	
4.181843e+01	411	6.175300e+02	3.009197e+01	4.181843e+01	411	4.646533e-02	0	
4.192018e+01	412	6.202995e+02	2.557013e+01	4.192018e+01	412	3.959023e-02	0	
4.202192e+01	413	6.021111e+02	1.874950e+01	4.202192e+01	413	3.019921e-02	0	
4.212367e+01	414	6.358134e+02	3.167433e+01	4.212367e+01	414	4.745305e-02	0	
4.222542e+01	415	5.762477e+02	3.095568e+01	4.222542e+01	415	5.098074e-02	0	
4.232717e+01	416	5.612803e+02	3.235006e+01	4.232717e+01	416	5.449529e-02	0	
4.242892e+01	417	5.196045e+02	2.471030e+01	4.242892e+01	417	4.539708e-02	0	
4.253066e+01	418	6.097011e+02	2.674143e+01	4.253066e+01	418	4.201704e-02	0	
4.263241e+01	419	5.612481e+02	3.309642e+01	4.263241e+01	419	5.568558e-02	0	
4.273416e+01	420	5.815152e+02	2.251089e+01	4.273416e+01	420	3.726808e-02	0	
4.283591e+01	421	5.942206e+02	2.445581e+01	4.283591e+01	421	3.952924e-02	0	
4.293766e+01	422	6.036919e+02	2.308736e+01	4.293766e+01	422	3.683491e-02	0	
4.303940e+01	423	5.655514e+02	3.212007e+01	4.303940e+01	423	5.374202e-02	0	
4.314115e+01	424	5.785416e+02	1.131793e+01	4.314115e+01	424	1.918750e-02	0	
4.324290e+01	425	5.815045e+02	2.835210e+01	4.324290e+01	425	4.648978e-02	0	
4.334465e+01	426	6.040826e+02	2.693576e+01	4.334465e+01	426	4.268617e-02	0	
4.344640e+01	427	5.692792e+02	2.369331e+01	4.344640e+01	427	3.995684e-02	0	
4.354814e+01	428	5.987924e+02	3.594095e+01	4.354814e+01	428	5.662370e-02	0	
4.364989e+01	429	5.864039e+02	2.148434e+01	4.364989e+01	429	3.534258e-02	0	
4.375164e+01	430	6.283882e+02	2.951786e+01	4.375164e+01	430	4.486637e-02	0	
4.385339e+01	431	5.925435e+02	2.504631e+01	4.385339e+01	431	4.055493e-02	0	
4.395514e+01	432	6.155954e+02	3.325800e+01	4.395514e+01	432	5.125657e-02	0	
4.405688e+01	433	6.035538e+02	3.251774e+01	4.405688e+01	433	5.112277e-02	0	
4.415863e+01	434	5.922679e+02	1.531276e+01	4.415863e+01	434	2.520284e-02	0	
4.426038e+01	435	5.799055e+02	1.303022e+01	4.426038e+01	435	2.197577e-02	0	
4.436213e+01	436	5.836075e+02	2.294782e+01	4.436213e+01	436	3.783302e-02	0	
4.446388e+01	437	5.626548e+02	8.143656e+00	4.446388e+01	437	1.426713e-02	0	
4.456562e+01	438	6.093939e+02	5.105309e+00	4.456562e+01	438	8.308081e-03	0	
4.466737e+01	439	5.975732e+02	6.637531e+00	4.466737e+01	439	1.098546e-02	0	
4.476912e+01	440	5.788886e+02	6.840456e+00	4.476912e+01	440	1.167853e-02	0	
4.487087e+01	441	6.041484e+02	1.412449e+01	4.487087e+01	441	2.284507e-02	0	
4.497262e+01	442	5.647279e+02	9.395266e+00	4.497262e+01	442	1.636455e-02	0	
4.507436e+01	443	5.649516e+02	-8.814190e-01	4.507436e+01	443	-1.562605e-03	0	
4.517611e+01	444	5.935940e+02	1.534839e+01	4.517611e+01	444	2.520500e-02	0	
4.527786e+01	445	5.423677e+02	1.015229e+01	4.527786e+01	445	1.837452e-02	0	
4.537961e+01	446	5.643903e+02	1.885174e+01	4.537961e+01	446	3.232233e-02	0	
4.548136e+01	447	5.757942e+02	6.041103e+00	4.548136e+01	447	1.038284e-02	0	
4.558310e+01	448	6.048638e+02	3.202061e+01	4.558310e+01	448	5.027696e-02	0	
4.568485e+01	449	6.439664e+02	2.873057e+01	4.568485e+01	449	4.270953e-02	0	
4.578660e+01	450	6.015210e+02	1.966958e+01	4.578660e+01	450	3.166432e-02	0	
4.588835e+01	451	5.667298e+02	3.832154e+01	4.588835e+01	451	6.333601e-02	0	
4.599010e+01	452	5.772651e+02	3.743270e+01	4.599010e+01	452	6.089610e-02	0	
4.609184e+01	453	5.545979e+02	4.206244e+01	4.609184e+01	453	7.049646e-02	0	
4.619359e+01	454	5.823165e+02	3.530064e+01	4.619359e+01	454	5.715619e-02	0	
4.629534e+01	455	5.844698e+02	3.852882e+01	4.629534e+01	455	6.184415e-02	0	
4.639709e+01	456	5.573683e+02	1.604577e+01	4.639709e+01	456	2.798287e-02	0	
4.649884e+01	457	5.445488e+02	1.676677e+01	4.649884e+01	457	2.987049e-02	0	
4.660058e+01	458	4.737483e+02	4.391212e+01	4.660058e+01	458	8.482804e-02	0	
4.670233e+01	459	5.833056e+02	3.572900e+01	4.670233e+01	459	5.771729e-02	0	
4.680408e+01	460	5.759555e+02	6.025989e+00	4.680408e+01	460	1.035426e-02	0	
4.690583e+01	461	5.431591e+02	3.658160e+01	4.690583e+01	461	6.309993e-02	0	
4.700758e+01	462	5.847195e+02	1.287778e+01	4.700758e+01	462	2.154926e-02	0	
4.710932e+01	463	5.492157e+02	-2.853571e+01	4.710932e+01	463	-5.480470e-02	0	
4.721107e+01	464	5.650307e+02	5.887159e+00	4.721107e+01	464	1.031174e-02	0	
4.731282e+01	465	5.658652e+02	5.506237e+00	4.731282e+01	465	9.636878e-03	0	
4.741457e+01	466	5.411651e+02	3.136105e+00	4.741457e+01	466	5.761709e-03	0	
4.751632e+01	467	5.585426e+02	1.077403e+01	4.751632e+01	467	1.892450e-02	0	
4.761806e+01	468	5.577405e+02	9.406729e+00	4.761806e+01	468	1.658604e-02	0	
4.771981e+01	469	5.546397e+02	1.472155e+01	4.771981e+01	469	2.585626e-02	0	
4.782156e+01	470	5.855744e+02	1.189057e+01	4.782156e+01	470	1.990170e-02	0	
4.792331e+01	471	6.246906e+02	-1.582401e+00	4.792331e+01	471	-2.539528e-03	0	
4.802506e+01	472	5.415722e+02	1.303267e+01	4.802506e+01	472	2.349902e-02	0	
4.812680e+01	473	5.489505e+02	1.105060e+01	4.812680e+01	473	1.973318e-02	0	
4.822855e+01	474	5.613924e+02	4.856904e+00	4.822855e+01	474	8.577324e-03	0	
4.833030e+01	475	5.481766e+02	6.350681e-01	4.833030e+01	475	1.157169e-03	0	
4.843205e+01	476	5.585119e+02	1.080674e+01	4.843205e+01	476	1.898188e-02	0	
4.853380e+01	477	5.544401e+02	7.266832e+00	4.853380e+01	477	1.293705e-02	0	
4.863554e+01	478	5.807972e+02	1.040791e+01	4.863554e+01	478	1.760457e-02	0	
4.873729e+01	479	5.362266e+02	1.331323e+01	4.873729e+01	479	2.422614e-02	0	
4.883904e+01	480	5.466100e+02	5.560971e+00	4.883904e+01	480	1.007110e-02	0	
4.894079e+01	481	5.551711e+02	8.434369e+00	4.894079e+01	481	1.496502e-02	0	
4.904254e+01	482	5.956302e+02	1.974879e+01	4.904254e+01	482	3.209208e-02	0	
4.914428e+01	483	5.840612e+02	1.986887e+01	4.914428e+01	483	3.289929e-02	0	
4.924603e+01	484	5.661515e+02	6.369014e+00	4.924603e+01	484	1.112452e-02	0	
4.934778e+01	485	5.608561e+02	2.508895e+01	4.934778e+01	485	4.281792e-02	0	
4.944953e+01	486	5.945171e+02	1.661042e+01	4.944953e+01	486	2.717996e-02	0	
4.955128e+01	487	5.913796e+02	1.055157e+01	4.955128e+01	487	1.752953e-02	0	
4.965302e+01	488	5.901679e+02	8.011726e+00	4.965302e+01	488	1.339351e-02	0	
4.975477e+01	489	5.519977e+02	1.624229e+01	4.975477e+01	489	2.858350e-02	0	
4.985652e+01	490	5.917601e+02	2.006423e+01	4.985652e+01	490	3.279410e-02	0	
4.995827e+01	491	5.556367e+02	2.572400e+01	4.995827e+01	491	4.424792e-02	0	
5.006002e+01	492	5.527069e+02	1.633710e+01	5.006002e+01	492	2.870973e-02	0	
5.016176e+01	493	5.890413e+02	1.151217e+01	5.016176e+01	493	1.916927e-02	0	
5.026351e+01	494	6.409044e+02	-2.422837e+01	5.026351e+01	494	-3.928865e-02	0	
5.036526e+01	495	5.564795e+02	5.166013e+00	5.036526e+01	495	9.197996e-03	0	
5.046701e+01	496	5.556192e+02	1.372891e+01	5.046701e+01	496	2.411338e-02	0	
5.056876e+01	497	6.428758e+02	7.336953e+00	5.056876e+01	497	1.128393e-02	0	
5.067050e+01	498	5.725214e+02	6.960841e+00	5.067050e+01	498	1.201217e-02	0	
5.077225e+01	499	5.489842e+02	2.249032e+01	5.077225e+01	499	3.935490e-02	0	
5.087400e+01	500	5.923068e+02	8.377312e+00	5.087400e+01	500	1.394629e-02	0	
5.097575e+01	501	5.520334e+02	-2.880047e+00	5.097575e+01	501	-5.244522e-03	0	
5.107750e+01	502	5.688300e+02	1.329175e+01	5.107750e+01	502	2.283328e-02	0	
5.117924e+01	503	5.505103e+02	2.288180e+01	5.117924e+01	503	3.990603e-02	0	
5.128099e+01	504	5.560149e+02	2.052531e+00	5.128099e+01	504	3.677927e-03	0	
5.138274e+01	505	5.500240e+02	1.016564e+01	5.138274e+01	505	1.814678e-02	0	
5.148449e+01	506	5.793278e+02	2.926142e+01	5.148449e+01	506	4.808074e-02	0	
5.158624e+01	507	5.520163e+02	6.835690e+00	5.158624e+01	507	1.223166e-02	0	
5.168798e+01	508	5.841328e+02	2.684958e+01	5.168798e+01	508	4.394493e-02	0	
5.178973e+01	509	5.615501e+02	2.516815e+01	5.178973e+01	509	4.289648e-02	0	
5.189148e+01	510	5.674035e+02	3.267773e+01	5.189148e+01	510	5.445551e-02	0	
5.199323e+01	511	5.773345e+02	2.274757e+01	5.199323e+01	511	3.790743e-02	0	
5.209498e+01	512	5.897626e+02	2.212489e+01	5.209498e+01	512	3.615843e-02	0	
5.219672e+01	513	6.251857e+02	8.654289e+00	5.219672e+01	513	1.365374e-02	0	
5.229847e+01	514	5.553723e+02	2.194318e+01	5.229847e+01	514	3.800899e-02	0	
5.240022e+01	515	6.506505e+02	1.026855e+01	5.240022e+01	515	1.553677e-02	0	
5.250197e+01	516	6.251865e+02	8.665988e+00	5.250197e+01	516	1.367193e-02	0	
5.260372e+01	517	5.914573e+02	2.081814e+01	5.260372e+01	517	3.400127e-02	0	
5.270546e+01	518	5.567949e+02	2.244456e+01	5.270546e+01	518	3.874833e-02	0	
5.280721e+01	519	5.568030e+02	1.891299e+01	5.280721e+01	519	3.285125e-02	0	
5.290896e+01	520	5.645668e+02	2.760865e+01	5.290896e+01	520	4.662242e-02	0	
5.301071e+01	521	6.330395e+02	5.282010e+00	5.301071e+01	521	8.274843e-03	0	
5.311246e+01	522	5.891072e+02	1.392919e+01	5.311246e+01	522	2.309842e-02	0	
5.321420e+01	523	5.534119e+02	1.979617e+01	5.321420e+01	523	3.453575e-02	0	
5.331595e+01	524	5.814087e+02	1.594569e+01	5.331595e+01	524	2.669385e-02	0	
5.341770e+01	525	5.771714e+02	2.145869e+01	5.341770e+01	525	3.584633e-02	0	
5.351945e+01	526	5.721897e+02	1.456662e+01	5.351945e+01	526	2.482567e-02	0	
5.362120e+01	527	4.714718e+02	3.158500e+01	5.362120e+01	527	6.278615e-02	0	
5.372294e+01	528	5.440364e+02	7.786619e+00	5.372294e+01	528	1.411072e-02	0	
5.382469e+01	529	5.801822e+02	1.243821e+01	5.382469e+01	529	2.098849e-02	0	
5.392644e+01	530	5.490320e+02	1.099401e+00	5.392644e+01	530	1.998433e-03	0	
5.402819e+01	531	5.649740e+02	1.825276e+01	5.402819e+01	531	3.129616e-02	0	
5.412994e+01	532	5.683740e+02	4.145185e+00	5.412994e+01	532	7.240255e-03	0	
5.423168e+01	533	5.842404e+02	-1.074705e+01	5.423168e+01	533	-1.873962e-02	0	
5.433343e+01	534	5.445389e+02	1.008131e+01	5.433343e+01	534	1.817696e-02	0	
5.443518e+01	535	5.617657e+02	1.117285e+01	5.443518e+01	535	1.950096e-02	0	
5.453693e+01	536	5.538168e+02	-3.977506e+00	5.453693e+01	536	-7.233943e-03	0	
5.463868e+01	537	5.483128e+02	1.391572e+01	5.463868e+01	537	2.475100e-02	0	
5.474042e+01	538	5.697396e+02	1.376454e+00	5.474042e+01	538	2.410113e-03	0	
5.484217e+01	539	5.685849e+02	1.554473e+01	5.484217e+01	539	2.661178e-02	0	
5.494392e+01	540	5.456317e+02	2.361578e+01	5.494392e+01	540	4.148596e-02	0	
5.504567e+01	541	5.821508e+02	2.795217e+01	5.504567e+01	541	4.581550e-02	0	
5.514742e+01	542	5.404854e+02	2.280202e+01	5.514742e+01	542	4.048026e-02	0	
5.524916e+01	543	5.737544e+02	1.769895e+01	5.524916e+01	543	2.992451e-02	0	
5.535091e+01	544	5.647981e+02	1.594482e+01	5.535091e+01	544	2.745590e-02	0	
5.545266e+01	545	5.532760e+02	1.740713e+01	5.545266e+01	545	3.050227e-02	0	
5.555441e+01	546	5.848407e+02	-2.484866e+01	5.555441e+01	546	-4.437324e-02	0	
5.565616e+01	547	6.274590e+02	-2.916118e+01	5.565616e+01	547	-4.874024e-02	0	
5.575790e+01	548	6.572110e+02	-2.240112e+01	5.575790e+01	548	-3.528792e-02	0	
5.585965e+01	549	5.126217e+02	-2.734171e+01	5.585965e+01	549	-5.634213e-02	0	
5.596140e+01	550	6.127433e+02	-2.841569e+01	5.596140e+01	550	-4.862972e-02	0	
5.606315e+01	551	6.087076e+02	-1.949433e+01	5.606315e+01	551	-3.308535e-02	0	
5.616490e+01	552	5.933500e+02	2.375576e+01	5.616490e+01	552	3.849544e-02	0	
5.626664e+01	553	6.139051e+02	1.722775e+01	5.626664e+01	553	2.729655e-02	0	
5.636839e+01	554	5.977094e+02	2.602417e+01	5.636839e+01	554	4.172322e-02	0	
5.647014e+01	555	5.896564e+02	4.014614e+01	5.647014e+01	555	6.374401e-02	0	
5.657189e+01	556	5.810760e+02	1.909113e+01	5.657189e+01	556	3.180969e-02	0	
5.667364e+01	557	6.038572e+02	2.932947e+01	5.667364e+01	557	4.632042e-02	0	
5.677538e+01	558	5.962554e+02	1.961561e+01	5.677538e+01	558	3.185019e-02	0	
5.687713e+01	559	5.771636e+02	8.810892e+00	5.687713e+01	559	1.503631e-02	0	
5.697888e+01	560	5.882351e+02	2.099148e+01	5.697888e+01	560	3.445595e-02	0	
5.708063e+01	561	5.857679e+02	2.239566e+01	5.708063e+01	561	3.682506e-02	0	
5.718238e+01	562	5.558812e+02	9.616431e+00	5.718238e+01	562	1.700525e-02	0	
5.728412e+01	563	5.412134e+02	1.674314e+00	5.728412e+01	563	3.084089e-03	0	
5.738587e+01	564	5.006344e+02	-5.573893e+00	5.738587e+01	564	-1.125901e-02	0	
5.748762e+01	565	5.409556e+02	6.689739e+00	5.748762e+01	565	1.221546e-02	0	
5.758937e+01	566	5.792029e+02	1.412102e+01	5.758937e+01	566	2.379985e-02	0	
5.769112e+01	567	5.010560e+02	-5.686123e+00	5.769112e+01	567	-1.147854e-02	0	
5.779286e+01	568	5.927112e+02	5.898770e+00	5.779286e+01	568	9.854113e-03	0	
5.789461e+01	569	5.742645e+02	1.095253e+01	5.789461e+01	569	1.871533e-02	0	
5.799636e+01	570	6.119327e+02	-5.647073e+00	5.799636e+01	570	-9.314212e-03	0	
5.809811e+01	571	5.509090e+02	1.050922e+01	5.809811e+01	571	1.871906e-02	0	
5.819986e+01	572	6.496268e+02	1.464935e+00	5.819986e+01	572	2.249967e-03	0	
5.830160e+01	573	5.751320e+02	-2.203696e+01	5.830160e+01	573	-3.984299e-02	0	
5.840335e+01	574	5.908032e+02	2.030369e+01	5.840335e+01	574	3.322445e-02	0	
5.850510e+01	575	5.948641e+02	1.414690e+01	5.850510e+01	575	2.322930e-02	0	
5.860685e+01	576	5.966519e+02	6.588289e+00	5.860685e+01	576	1.092150e-02	0	
5.870860e+01	577	5.644021e+02	5.633911e+00	5.870860e+01	577	9.883430e-03	0	
5.881034e+01	578	6.090849e+02	3.030935e+01	5.881034e+01	578	4.740323e-02	0	
5.891209e+01	579	5.743306e+02	1.707632e+01	5.891209e+01	579	2.887406e-02	0	
5.901384e+01	580	5.919950e+02	5.693541e+00	5.901384e+01	580	9.525933e-03	0	
5.911559e+01	581	5.414428e+02	-1.060303e+01	5.911559e+01	581	-1.997407e-02	0	
5.921734e+01	582	5.534051e+02	7.227701e+00	5.921734e+01	582	1.289204e-02	0	
5.931908e+01	583	5.727964e+02	4.960773e+00	5.931908e+01	583	8.586259e-03	0	
5.942083e+01	584	5.847089e+02	1.391016e+01	5.942083e+01	584	2.323708e-02	0	
5.952258e+01	585	5.567885e+02	5.460802e+00	5.952258e+01	585	9.712421e-03	0	
5.962433e+01	586	5.411566e+02	-2.488002e+00	5.962433e+01	586	-4.618799e-03	0	
5.972608e+01	587	5.198264e+02	-1.961808e+00	5.972608e+01	587	-3.788264e-03	0	
5.982782e+01	588	5.923543e+02	1.114210e+01	5.982782e+01	588	1.846258e-02	0	
5.992957e+01	589	5.041412e+02	4.920698e-01	5.992957e+01	589	9.751038e-04	0	
6.003132e+01	590	5.375279e+02	1.276436e+00	6.003132e+01	590	2.369016e-03	0	
6.013307e+01	591	5.165270e+02	-1.721262e-01	6.013307e+01	591	-3.333486e-04	0	
6.023482e+01	592	5.337897e+02	2.216227e+01	6.023482e+01	592	3.986364e-02	0	
6.033656e+01	593	5.356624e+02	-1.140901e+01	6.033656e+01	593	-2.176240e-02	0	
6.043831e+01	594	5.149181e+02	-9.095059e-04	6.043831e+01	594	-1.766315e-06	0	
6.054006e+01	595	5.165479e+02	-1.682982e+00	6.054006e+01	595	-3.268784e-03	0	
6.064181e+01	596	5.356625e+02	-1.140878e+01	6.064181e+01	596	-2.176194e-02	0	
6.074356e+01	597	5.122334e+02	4.424644e+01	6.074356e+01	597	7.951131e-02	0	
6.084530e+01	598	5.723202e+02	3.366053e+01	6.084530e+01	598	5.554720e-02	0	
6.094705e+01	599	5.292805e+02	1.049147e+01	6.094705e+01	599	1.943686e-02	0	
6.104880e+01	600	5.976529e+02	2.562115e+01	6.104880e+01	600	4.110736e-02	0	
6.115055e+01	601	5.956614e+02	2.187434e+01	6.115055e+01	601	3.542198e-02	0	
6.125230e+01	602	5.401031e+02	2.812222e+01	6.125230e+01	602	4.949132e-02	0	
6.135404e+01	603	5.732551e+02	3.181156e+01	6.135404e+01	603	5.257530e-02	0	
6.145579e+01	604	5.868440e+02	2.124262e+01	6.145579e+01	604	3.493354e-02	0	
6.155754e+01	605	5.715436e+02	3.269667e+01	6.155754e+01	605	5.411203e-02	0	
6.165929e+01	606	5.787058e+02	2.580402e+01	6.165929e+01	606	4.268586e-02	0	
6.176104e+01	607	5.764749e+02	3.207670e+00	6.176104e+01	607	5.533494e-03	0	
6.186278e+01	608	5.780942e+02	7.669208e+00	6.186278e+01	608	1.309267e-02	0	
6.196453e+01	609	5.710150e+02	1.006805e+01	6.196453e+01	609	1.732635e-02	0	
6.206628e+01	610	5.962665e+02	1.870309e+01	6.206628e+01	610	3.041303e-02	0	
6.216803e+01	611	5.794832e+02	2.075401e+01	6.216803e+01	611	3.457635e-02	0	
6.226978e+01	612	5.609054e+02	3.254162e+01	6.226978e+01	612	5.483492e-02	0	
6.237152e+01	613	5.586674e+02	2.384596e+01	6.237152e+01	613	4.093633e-02	0	
6.247327e+01	614	5.623608e+02	2.111290e+01	6.247327e+01	614	3.618484e-02	0	
6.257502e+01	615	5.740172e+02	1.992093e+01	6.257502e+01	615	3.354041e-02	0	
6.267677e+01	616	5.608863e+02	8.515516e+00	6.267677e+01	616	1.495520e-02	0	
6.277852e+01	617	5.849025e+02	4.849034e+01	6.277852e+01	617	7.655650e-02	0	
6.288026e+01	618	5.645842e+02	2.279166e+01	6.288026e+01	618	3.880251e-02	0	
6.298201e+01	619	5.788167e+02	5.624266e+01	6.298201e+01	619	8.856284e-02	0	
6.308376e+01	620	6.201596e+02	5.126003e+01	6.308376e+01	620	7.634574e-02	0	
6.318551e+01	621	5.643841e+02	5.516318e+01	6.318551e+01	621	8.903789e-02	0	
6.328726e+01	622	5.789536e+02	4.781264e+01	6.328726e+01	622	7.628464e-02	0	
6.338900e+01	623	5.982355e+02	2.499613e+01	6.338900e+01	623	4.010729e-02	0	
6.349075e+01	624	5.752806e+02	3.893869e+01	6.349075e+01	624	6.339542e-02	0	
6.359250e+01	625	5.828312e+02	3.015345e+01	6.359250e+01	625	4.919120e-02	0	
6.369425e+01	626	6.019077e+02	2.879700e+01	6.369425e+01	626	4.565845e-02	0	
6.379600e+01	627	5.528176e+02	1.926826e+01	6.379600e+01	627	3.368071e-02	0	
6.389774e+01	628	5.905934e+02	3.531881e+01	6.389774e+01	628	5.642774e-02	0	
6.399949e+01	629	5.895601e+02	4.704651e+01	6.399949e+01	629	7.390201e-02	0	
6.410124e+01	630	5.846735e+02	3.371566e+01	6.410124e+01	630	5.452175e-02	0	
6.420299e+01	631	5.820088e+02	5.045501e+01	6.420299e+01	631	7.977533e-02	0	
6.430474e+01	632	5.878356e+02	3.974318e+01	6.430474e+01	632	6.332779e-02	0	
6.440648e+01	633	6.204177e+02	4.711595e+01	6.440648e+01	633	7.058213e-02	0	
6.450823e+01	634	5.584178e+02	6.110224e+01	6.450823e+01	634	9.862835e-02	0	
6.460998e+01	635	5.537035e+02	5.018725e+01	6.460998e+01	635	8.310651e-02	0	
6.471173e+01	636	5.917666e+02	4.119601e+01	6.471173e+01	636	6.508443e-02	0	
6.481348e+01	637	6.006194e+02	1.602863e+01	6.481348e+01	637	2.599316e-02	0	
6.491522e+01	638	6.055264e+02	1.671540e+01	6.491522e+01	638	2.686319e-02	0	
6.501697e+01	639	5.903713e+02	4.581589e+01	6.501697e+01	639	7.201637e-02	0	
6.511872e+01	640	5.711029e+02	1.998368e+01	6.511872e+01	640	3.380838e-02	0	
6.522047e+01	641	5.853738e+02	1.460778e+01	6.522047e+01	641	2.434705e-02	0	
6.532222e+01	642	5.584054e+02	2.503034e+01	6.532222e+01	642	4.290162e-02	0	
6.542396e+01	643	5.978610e+02	9.962844e+00	6.542396e+01	643	1.639101e-02	0	
6.552571e+01	644	5.662817e+02	2.177887e+01	6.552571e+01	644	3.703508e-02	0	
6.562746e+01	645	5.856072e+02	1.360689e+01	6.562746e+01	645	2.270789e-02	0	
6.572921e+01	646	5.957181e+02	1.075441e+01	6.572921e+01	646	1.773272e-02	0	
6.583096e+01	647	6.133244e+02	2.589465e+01	6.583096e+01	647	4.050982e-02	0	
6.593270e+01	648	6.041522e+02	2.959035e+01	6.593270e+01	648	4.669144e-02	0	
6.603445e+01	649	6.245266e+02	2.685500e+01	6.603445e+01	649	4.122775e-02	0	
6.613620e+01	650	6.453366e+02	2.469581e+01	6.613620e+01	650	3.685763e-02	0	
6.623795e+01	651	6.101058e+02	2.946969e+01	6.623795e+01	651	4.607695e-02	0	
6.633970e+01	652	6.283786e+02	2.177542e+01	6.633970e+01	652	3.349271e-02	0	
6.644144e+01	653	6.226952e+02	2.892480e+01	6.644144e+01	653	4.438906e-02	0	
6.654319e+01	654	5.680527e+02	1.899576e+01	6.654319e+01	654	3.235808e-02	0	
6.664494e+01	655	6.048445e+02	3.655587e+01	6.664494e+01	655	5.699384e-02	0	
6.674669e+01	656	5.978143e+02	1.341564e+01	6.674669e+01	656	2.194860e-02	0	
6.684844e+01	657	5.780636e+02	3.178481e+01	6.684844e+01	657	5.211920e-02	0	
6.695018e+01	658	5.702646e+02	1.949413e+01	6.695018e+01	658	3.305442e-02	0	
6.705193e+01	659	5.903030e+02	1.687170e+01	6.705193e+01	659	2.778722e-02	0	
6.715368e+01	660	5.861165e+02	3.336395e+01	6.715368e+01	660	5.385795e-02	0	
6.725543e+01	661	5.832843e+02	1.411342e+01	6.725543e+01	661	2.362483e-02	0	
6.735718e+01	662	5.777285e+02	1.431827e+01	6.735718e+01	662	2.418436e-02	0	
6.745892e+01	663	6.402082e+02	4.273088e+01	6.745892e+01	663	6.256909e-02	0	
6.756067e+01	664	5.385057e+02	3.306026e+01	6.756067e+01	664	5.784155e-02	0	
6.766242e+01	665	6.438726e+02	1.647531e+01	6.766242e+01	665	2.494944e-02	0	
6.776417e+01	666	5.877937e+02	3.419065e+01	6.776417e+01	666	5.497027e-02	0	
6.786592e+01	667	5.806299e+02	8.014196e+00	6.786592e+01	667	1.361467e-02	0	
6.796766e+01	668	6.037795e+02	3.424993e+01	6.796766e+01	668	5.368080e-02	0	
6.806941e+01	669	6.175824e+02	2.646006e+01	6.806941e+01	669	4.108434e-02	0	
6.817116e+01	670	5.868578e+02	-3.419804e+00	6.817116e+01	670	-5.861469e-03	0	
6.827291e+01	671	5.805533e+02	-7.040813e-01	6.827291e+01	671	-1.214249e-03	0	
6.837466e+01	672	5.944318e+02	7.652064e+00	6.837466e+01	672	1.270930e-02	0	
6.847640e+01	673	5.858812e+02	-3.653968e+00	6.847640e+01	673	-6.275845e-03	0	
6.857815e+01	674	5.803877e+02	1.452420e-01	6.857815e+01	674	2.501874e-04	0	
6.867990e+01	675	6.127019e+02	1.232434e+01	6.867990e+01	675	1.971812e-02	0	
6.878165e+01	676	5.814584e+02	1.054758e+00	6.878165e+01	676	1.810702e-03	0	
6.888340e+01	677	6.216287e+02	1.050266e+01	6.888340e+01	677	1.661468e-02	0	
6.898514e+01	678	5.788083e+02	4.057125e+00	6.898514e+01	678	6.960655e-03	0	
6.908689e+01	679	5.927482e+02	5.418976e+00	6.908689e+01	679	9.059300e-03	0	
6.918864e+01	680	6.188012e+02	1.579791e+01	6.918864e+01	680	2.489431e-02	0	
6.929039e+01	681	5.956531e+02	9.762296e+00	6.929039e+01	681	1.612495e-02	0	
6.939214e+01	682	6.197252e+02	8.816027e+00	6.939214e+01	682	1.402617e-02	0	
6.949388e+01	683	6.126087e+02	1.301719e+01	6.949388e+01	683	2.080667e-02	0	
6.959563e+01	684	6.240204e+02	2.267150e+01	6.959563e+01	684	3.505765e-02	0	
6.969738e+01	685	6.172293e+02	1.525740e+01	6.969738e+01	685	2.412288e-02	0	
6.979913e+01	686	6.001434e+02	-5.731069e+00	6.979913e+01	686	-9.641572e-03	0	
6.990088e+01	687	6.339542e+02	1.601985e+01	6.990088e+01	687	2.464691e-02	0	
7.000262e+01	688	6.169207e+02	1.887372e+01	7.000262e+01	688	2.968526e-02	0	
7.010437e+01	689	6.431603e+02	4.998832e+00	7.010437e+01	689	7.712353e-03	0	
7.020612e+01	690	5.899148e+02	1.285556e+01	7.020612e+01	690	2.132746e-02	0	
7.030787e+01	691	6.231550e+02	1.423976e+01	7.030787e+01	691	2.234057e-02	0	
7.040962e+01	692	6.433543e+02	5.552502e+00	7.040962e+01	692	8.556702e-03	0	
7.051136e+01	693	5.987622e+02	1.489195e+01	7.051136e+01	693	2.426766e-02	0	
7.061311e+01	694	6.142601e+02	2.142780e+01	7.061311e+01	694	3.370805e-02	0	
7.071486e+01	695	5.615784e+02	1.656738e+01	7.071486e+01	695	2.865606e-02	0	
7.081661e+01	696	6.079361e+02	2.021427e+01	7.081661e+01	696	3.218062e-02	0	
7.091836e+01	697	5.263891e+02	-8.562377e+00	7.091836e+01	697	-1.653522e-02	0	
7.102010e+01	698	6.002878e+02	1.866321e+01	7.102010e+01	698	3.015297e-02	0	
7.112185e+01	699	5.728752e+02	2.596435e+01	7.112185e+01	699	4.335777e-02	0	
7.122360e+01	700	5.878752e+02	1.958762e+01	7.122360e+01	700	3.224497e-02	0	
7.132535e+01	701	5.241247e+02	-4.124137e+00	7.132535e+01	701	-7.931024e-03	0	
7.142710e+01	702	5.659510e+02	8.619084e+00	7.142710e+01	702	1.500093e-02	0	
7.152884e+01	703	5.734666e+02	1.908771e+01	7.152884e+01	703	3.221259e-02	0	
7.163059e+01	704	5.739681e+02	3.514204e+00	7.163059e+01	704	6.085388e-03	0	
7.173234e+01	705	5.924990e+02	3.083029e+01	7.173234e+01	705	4.946068e-02	0	
7.183409e+01	706	5.518644e+02	6.934799e+01	7.183409e+01	706	1.116333e-01	0	
7.193584e+01	707	5.715638e+02	1.378941e+01	7.193584e+01	707	2.355742e-02	0	
7.203758e+01	708	5.716144e+02	-7.209827e-01	7.203758e+01	708	-1.262902e-03	0	
7.213933e+01	709	5.742397e+02	1.473140e+01	7.213933e+01	709	2.501209e-02	0	
7.224108e+01	710	5.742330e+02	2.651979e+01	7.224108e+01	710	4.414426e-02	0	
7.234283e+01	711	5.259149e+02	9.422791e+00	7.234283e+01	711	1.760158e-02	0	
7.244458e+01	712	5.660249e+02	1.208308e+01	7.244458e+01	712	2.090108e-02	0	
7.254632e+01	713	5.716677e+02	-6.999832e-01	7.254632e+01	713	-1.225959e-03	0	
7.264807e+01	714	5.808308e+02	1.073530e+01	7.264807e+01	714	1.814725e-02	0	
7.274982e+01	715	6.004500e+02	2.356421e-01	7.274982e+01	715	3.922886e-04	0	
7.285157e+01	716	5.045213e+02	1.763918e+00	7.285157e+01	716	3.484040e-03	0	
7.295332e+01	717	5.269858e+02	1.075755e+01	7.295332e+01	717	2.000499e-02	0	
7.305506e+01	718	5.319258e+02	1.888274e+01	7.305506e+01	718	3.428186e-02	0	
7.315681e+01	719	4.983469e+02	5.957813e-01	7.315681e+01	719	1.194088e-03	0	
7.325856e+01	720	5.098625e+02	6.749815e+00	7.325856e+01	720	1.306553e-02	0	
7.336031e+01	721	5.423522e+02	7.609602e+00	7.336031e+01	721	1.383660e-02	0	
7.346206e+01	722	5.734890e+02	1.415781e+01	7.346206e+01	722	2.409238e-02	0	
7.356380e+01	723	5.371698e+02	2.483753e+01	7.356380e+01	723	4.419432e-02	0	
7.366555e+01	724	5.971095e+02	2.323380e+01	7.366555e+01	724	3.745313e-02	0	
7.376730e+01	725	6.047991e+02	2.476263e+01	7.376730e+01	725	3.933312e-02	0	
7.386905e+01	726	5.693317e+02	1.462829e+01	7.386905e+01	726	2.505016e-02	0	
7.397080e+01	727	5.852919e+02	3.047884e+01	7.397080e+01	727	4.949706e-02	0	
7.407254e+01	728	5.979828e+02	1.370672e+01	7.407254e+01	728	2.240797e-02	0	
7.417429e+01	729	6.548479e+02	1.664116e+01	7.417429e+01	729	2.478247e-02	0	
7.427604e+01	730	5.785336e+02	1.326962e+01	7.427604e+01	730	2.242235e-02	0	
7.437779e+01	731	6.127604e+02	2.243620e+01	7.437779e+01	731	3.532166e-02	0	
7.447954e+01	732	5.727203e+02	3.448624e+01	7.447954e+01	732	5.679491e-02	0	
7.458128e+01	733	6.022589e+02	2.369052e+01	7.458128e+01	733	3.784734e-02	0	
7.468303e+01	734	6.042279e+02	3.783984e+01	7.468303e+01	734	5.893434e-02	0	
7.478478e+01	735	6.164889e+02	3.383606e+01	7.478478e+01	735	5.202947e-02	0	
7.488653e+01	736	6.106921e+02	1.902252e+01	7.488653e+01	736	3.020816e-02	0	
7.498828e+01	737	5.829019e+02	1.913773e-01	7.498828e+01	737	3.282104e-04	0	
7.509002e+01	738	5.799027e+02	-8.665082e-01	7.509002e+01	738	-1.496466e-03	0	
7.519177e+01	739	5.684272e+02	1.922379e+01	7.519177e+01	739	3.271294e-02	0	
7.529352e+01	740	5.764684e+02	2.401882e+00	7.529352e+01	740	4.149258e-03	0	
7.539527e+01	741	5.810542e+02	-1.791937e+00	7.539527e+01	741	-3.093481e-03	0	
7.549702e+01	742	5.751415e+02	-7.925884e+00	7.549702e+01	742	-1.397332e-02	0	
7.559876e+01	743	5.856067e+02	1.751954e+01	7.559876e+01	743	2.904788e-02	0	
7.570051e+01	744	5.868984e+02	1.479206e+00	7.570051e+01	744	2.514042e-03	0	
7.580226e+01	745	5.722011e+02	-7.578750e+00	7.580226e+01	745	-1.342269e-02	0	
7.590401e+01	746	6.319133e+02	1.147826e+01	7.590401e+01	746	1.784024e-02	0	
7.600576e+01	747	6.176918e+02	5.831187e+00	7.600576e+01	747	9.352000e-03	0	
7.610750e+01	748	5.666033e+02	1.790677e+01	7.610750e+01	748	3.063552e-02	0	
7.620925e+01	749	6.022636e+02	-2.714426e+00	7.620925e+01	749	-4.527445e-03	0	
7.631100e+01	750	6.193076e+02	6.187515e+00	7.631100e+01	750	9.892188e-03	0	
7.641275e+01	751	6.560730e+02	7.913622e+00	7.641275e+01	751	1.191835e-02	0	
7.651450e+01	752	4.513487e+02	4.607491e+01	7.651450e+01	752	9.262711e-02	0	
7.661624e+01	753	5.100833e+02	2.551740e+01	7.661624e+01	753	4.764258e-02	0	
7.671799e+01	754	5.420167e+02	2.362173e+01	7.671799e+01	754	4.176118e-02	0	
7.681974e+01	755	5.572250e+02	2.350600e+01	7.681974e+01	755	4.047657e-02	0	
7.692149e+01	756	5.383634e+02	2.815265e+01	7.692149e+01	756	4.969436e-02	0	
7.702324e+01	757	5.364254e+02	3.311327e+01	7.702324e+01	757	5.814051e-02	0	
7.712498e+01	758	5.197722e+02	2.033496e+01	7.712498e+01	758	3.764986e-02	0	
7.722673e+01	759	5.513133e+02	2.103855e+01	7.722673e+01	759	3.675807e-02	0	
7.732848e+01	760	5.240253e+02	1.580618e+01	7.732848e+01	760	2.927984e-02	0	
7.743023e+01	761	6.266649e+02	2.319881e+01	7.743023e+01	761	3.569796e-02	0	
7.753198e+01	762	5.360965e+02	4.898273e+01	7.753198e+01	762	8.371982e-02	0	
7.763372e+01	763	6.022520e+02	-1.485381e+00	7.763372e+01	763	-2.472476e-03	0	
7.773547e+01	764	5.866830e+02	3.088967e+00	7.773547e+01	764	5.237562e-03	0	
7.783722e+01	765	5.362277e+02	1.177308e+01	7.783722e+01	765	2.148369e-02	0	
7.793897e+01	766	5.648621e+02	1.521542e+01	7.793897e+01	766	2.622998e-02	0	
7.804072e+01	767	5.896057e+02	6.810579e+00	7.804072e+01	767	1.141917e-02	0	
7.814246e+01	768	5.361737e+02	1.176386e+01	7.814246e+01	768	2.146934e-02	0	
7.824421e+01	769	5.920433e+02	8.587334e+00	7.824421e+01	769	1.429720e-02	0	
7.834596e+01	770	5.952967e+02	1.636959e+01	7.834596e+01	770	2.676229e-02	0	
7.844771e+01	771	5.730639e+02	3.060433e+00	7.844771e+01	771	5.312105e-03	0	
7.854946e+01	772	5.856675e+02	-3.157633e+00	7.854946e+01	772	-5.420737e-03	0	
7.865120e+01	773	5.690694e+02	-4.058829e+00	7.865120e+01	773	-7.183634e-03	0	
7.875295e+01	774	5.966392e+02	-1.283974e+01	7.875295e+01	774	-2.199341e-02	0	
7.885470e+01	775	6.312222e+02	-9.053025e+00	7.885470e+01	775	-1.455074e-02	0	
7.895645e+01	776	6.003381e+02	-3.127146e+00	7.895645e+01	776	-5.236250e-03	0	
7.905820e+01	777	5.840368e+02	1.400950e+01	7.905820e+01	777	2.342544e-02	0	
7.915994e+01	778	5.857431e+02	1.651974e+01	7.915994e+01	778	2.742945e-02	0	
7.926169e+01	779	5.646822e+02	-1.904711e+00	7.926169e+01	779	-3.384483e-03	0	
7.936344e+01	780	5.757908e+02	1.903760e+00	7.936344e+01	780	3.295444e-03	0	
7.946519e+01	781	5.660454e+02	1.731875e+01	7.946519e+01	781	2.968772e-02	0	
7.956694e+01	782	5.949439e+02	1.351630e+01	7.956694e+01	782	2.221394e-02	0	
7.966868e+01	783	5.635803e+02	7.611166e+00	7.966868e+01	783	1.332507e-02	0	
7.977043e+01	784	5.960160e+02	1.855580e+01	7.977043e+01	784	3.019305e-02	0	
7.987218e+01	785	5.561842e+02	1.874052e+01	7.987218e+01	785	3.259648e-02	0	
7.997393e+01	786	5.568092e+02	8.236296e+00	7.997393e+01	786	1.457634e-02	0	
8.007568e+01	787	6.192604e+02	2.125181e+01	8.007568e+01	787	3.317940e-02	0	
8.017742e+01	788	6.378097e+02	2.125680e+01	8.017742e+01	788	3.225289e-02	0	
8.027917e+01	789	6.533624e+02	1.769095e+01	8.027917e+01	789	2.636296e-02	0	
8.038092e+01	790	6.152848e+02	6.446919e+00	8.038092e+01	790	1.036929e-02	0	
8.048267e+01	791	6.383642e+02	2.148381e+01	8.048267e+01	791	3.255873e-02	0	
8.058442e+01	792	6.114201e+02	4.127600e+01	8.058442e+01	792	6.323923e-02	0	
8.068616e+01	793	6.548300e+02	3.374689e+01	8.068616e+01	793	4.900962e-02	0	
8.078791e+01	794	6.383952e+02	2.434646e+01	8.078791e+01	794	3.673597e-02	0	
8.088966e+01	795	6.549235e+02	6.808467e+00	8.088966e+01	795	1.028886e-02	0	
8.099141e+01	796	6.687577e+02	-5.630146e+00	8.099141e+01	796	-8.490291e-03	0	
8.109316e+01	797	5.799305e+02	3.296603e+01	8.109316e+01	797	5.378727e-02	0	
8.119490e+01	798	6.197890e+02	3.550203e+01	8.119490e+01	798	5.417750e-02	0	
8.129665e+01	799	6.006376e+02	2.717962e+01	8.129665e+01	799	4.329225e-02	0	
8.139840e+01	800	6.340943e+02	2.218292e+01	8.139840e+01	800	3.380114e-02	0	
8.150015e+01	801	6.307444e+02	1.868848e+01	8.150015e+01	801	2.877662e-02	0	
8.160190e+01	802	6.428457e+02	9.213686e+00	8.160190e+01	802	1.413013e-02	0	
8.170364e+01	803	5.661017e+02	5.728871e+00	8.170364e+01	803	1.001848e-02	0	
8.180539e+01	804	5.732576e+02	7.618134e+00	8.180539e+01	804	1.311491e-02	0	
8.190714e+01	805	5.922131e+02	2.857796e+01	8.190714e+01	805	4.603475e-02	0	
8.200889e+01	806	5.532296e+02	1.363604e+01	8.200889e+01	806	2.405515e-02	0	
8.211064e+01	807	5.547854e+02	1.418158e+01	8.211064e+01	807	2.492514e-02	0	
8.221238e+01	808	5.939935e+02	7.865559e+00	8.221238e+01	808	1.306877e-02	0	
8.231413e+01	809	5.694539e+02	9.043985e+00	8.231413e+01	809	1.563357e-02	0	
8.241588e+01	810	5.456375e+02	1.552596e+01	8.241588e+01	810	2.766745e-02	0	
8.251763e+01	811	5.724416e+02	8.361661e+00	8.251763e+01	811	1.439672e-02	0	
8.261938e+01	812	5.679419e+02	7.080293e+00	8.261938e+01	812	1.231308e-02	0	
8.272112e+01	813	5.623815e+02	6.572977e+00	8.272112e+01	813	1.155273e-02	0	
8.282287e+01	814	5.788695e+02	5.235670e+00	8.282287e+01	814	8.963574e-03	0	
8.292462e+01	815	5.763715e+02	4.145808e+00	8.292462e+01	815	7.141575e-03	0	
8.302637e+01	816	5.480145e+02	1.713383e+01	8.302637e+01	816	3.031740e-02	0	
8.312812e+01	817	5.803134e+02	5.998052e+00	8.312812e+01	817	1.023015e-02	0	
8.322986e+01	818	5.750860e+02	-8.681480e-01	8.322986e+01	818	-1.511879e-03	0	
8.333161e+01	819	5.865941e+02	-2.460772e+00	8.333161e+01	819	-4.212689e-03	0	
8.343336e+01	820	5.954232e+02	1.223353e+00	8.343336e+01	820	2.050381e-03	0	
8.353511e+01	821	5.896355e+02	4.208047e+00	8.353511e+01	821	7.086121e-03	0	
8.363686e+01	822	5.658550e+02	8.284667e+00	8.363686e+01	822	1.442971e-02	0	
8.373860e+01	823	5.782499e+02	1.079779e+01	8.373860e+01	823	1.833093e-02	0	
8.384035e+01	824	5.667605e+02	2.991256e+00	8.384035e+01	824	5.250104e-03	0	
8.394210e+01	825	5.772010e+02	-9.652289e+00	8.394210e+01	825	-1.700698e-02	0	
8.404385e+01	826	5.748952e+02	4.436421e+00	8.404385e+01	826	7.657826e-03	0	
8.414560e+01	827	6.105252e+02	-7.860178e-01	8.414560e+01	827	-1.289105e-03	0	
8.424734e+01	828	5.815441e+02	4.074953e+00	8.424734e+01	828	6.958368e-03	0	
8.434909e+01	829	5.972518e+02	-1.295309e-01	8.434909e+01	829	-2.169253e-04	0	
8.445084e+01	830	5.934468e+02	1.574700e+01	8.445084e+01	830	2.584892e-02	0	
8.455259e+01	831	5.862598e+02	2.022730e+01	8.455259e+01	831	3.335157e-02	0	
8.465434e+01	832	5.737213e+02	-2.878059e+00	8.465434e+01	832	-5.041768e-03	0	
8.475608e+01	833	5.758716e+02	1.103661e+01	8.475608e+01	833	1.880466e-02	0	
8.485783e+01	834	5.539562e+02	1.201537e+01	8.485783e+01	834	2.122964e-02	0	
8.495958e+01	835	5.707641e+02	8.989192e+00	8.495958e+01	835	1.550520e-02	0	
8.506133e+01	836	5.842047e+02	2.577520e+01	8.506133e+01	836	4.225582e-02	0	
8.516308e+01	837	5.275571e+02	1.732696e+01	8.516308e+01	837	3.179935e-02	0	
8.526482e+01	838	5.918974e+02	1.605310e+01	8.526482e+01	838	2.640527e-02	0	
8.536657e+01	839	5.878111e+02	8.565145e+00	8.536657e+01	839	1.436198e-02	0	
8.546832e+01	840	5.273632e+02	1.875105e+01	8.546832e+01	840	3.433540e-02	0	
8.557007e+01	841	4.961985e+02	2.335966e+01	8.557007e+01	841	4.496063e-02	0	
8.567182e+01	842	5.496301e+02	1.907278e+01	8.567182e+01	842	3.353734e-02	0	
8.577356e+01	843	5.316727e+02	1.249820e+01	8.577356e+01	843	2.296742e-02	0	
8.587531e+01	844	5.003768e+02	1.921430e+01	8.587531e+01	844	3.697966e-02	0	
8.597706e+01	845	5.206824e+02	8.930952e+00	8.597706e+01	845	1.686315e-02	0	
8.607881e+01	846	5.127518e+02	1.906214e+01	8.607881e+01	846	3.584363e-02	0	
8.618056e+01	847	4.936484e+02	2.913868e+01	8.618056e+01	847	5.573718e-02	0	
8.628230e+01	848	6.132798e+02	1.490341e+01	8.628230e+01	848	2.372462e-02	0	
8.638405e+01	849	5.659217e+02	2.216115e+01	8.638405e+01	849	3.768372e-02	0	
8.648580e+01	850	5.594673e+02	1.718830e+01	8.648580e+01	850	2.980687e-02	0	
8.658755e+01	851	5.531182e+02	2.408741e+01	8.658755e+01	851	4.173107e-02	0	
8.668930e+01	852	5.887248e+02	1.518249e+01	8.668930e+01	852	2.514043e-02	0	
8.679104e+01	853	5.682829e+02	2.377909e+01	8.679104e+01	853	4.016318e-02	0	
8.689279e+01	854	5.346523e+02	2.429862e+01	8.689279e+01	854	4.347183e-02	0	
8.699454e+01	855	6.002429e+02	1.712038e+01	8.699454e+01	855	2.773145e-02	0	
8.709629e+01	856	5.544816e+02	1.291519e+01	8.709629e+01	856	2.276218e-02	0	
8.719804e+01	857	5.745390e+02	2.156763e+01	8.719804e+01	857	3.618083e-02	0	
8.729978e+01	858	5.370890e+02	2.841762e+01	8.729978e+01	858	5.025161e-02	0	
8.740153e+01	859	5.505395e+02	2.324595e+01	8.740153e+01	859	4.051331e-02	0	
8.750328e+01	860	9.106216e+01	2.813281e+02	8.750328e+01	860	7.554658e-01	7.000000e-01	
8.760503e+01	861	4.806399e+01	2.954512e+02	8.760503e+01	861	8.600819e-01	7.000000e-01	
8.770678e+01	862	6.777988e+01	2.791576e+02	8.770678e+01	862	8.046337e-01	7.000000e-01	
8.780852e+01	863	5.519671e+01	2.808233e+02	8.780852e+01	863	8.357339e-01	7.000000e-01	
8.791027e+01	864	6.584194e+01	2.859628e+02	8.791027e+01	864	8.128452e-01	7.000000e-01	
8.801202e+01	865	1.460406e+02	2.640885e+02	8.801202e+01	865	6.439155e-01	7.000000e-01	
8.811377e+01	866	1.035851e+02	2.642241e+02	8.811377e+01	866	7.183727e-01	7.000000e-01	
8.821552e+01	867	5.179642e+01	2.841163e+02	8.821552e+01	867	8.458039e-01	7.000000e-01	
8.831726e+01	868	5.137132e+01	3.021658e+02	8.831726e+01	868	8.546933e-01	7.000000e-01	
8.841901e+01	869	5.840107e+02	9.389998e+00	8.841901e+01	869	1.582404e-02	0	
8.852076e+01	870	5.842936e+02	1.834487e+00	8.852076e+01	870	3.129840e-03	0	
8.862251e+01	871	5.728511e+02	1.007018e+00	8.862251e+01	871	1.754821e-03	0	
8.872426e+01	872	5.726844e+02	-1.503105e+01	8.872426e+01	872	-2.695411e-02	0	
8.882600e+01	873	5.923367e+02	-2.372465e+00	8.882600e+01	873	-4.021371e-03	0	
8.892775e+01	874	5.645371e+02	3.006781e+00	8.892775e+01	874	5.297883e-03	0	
8.902950e+01	875	5.845970e+02	-1.077038e+01	8.902950e+01	875	-1.876940e-02	0	
8.913125e+01	876	5.748952e+02	7.179551e+00	8.913125e+01	876	1.233441e-02	0	
8.923300e+01	877	5.847312e+02	3.456588e+00	8.923300e+01	877	5.876674e-03	0	
8.933474e+01	878	5.978635e+02	2.674094e-01	8.933474e+01	878	4.470750e-04	0	
8.943649e+01	879	5.906205e+02	3.086842e+01	8.943649e+01	879	4.966850e-02	0	
8.953824e+01	880	5.970406e+02	3.956395e+01	8.953824e+01	880	6.214839e-02	0	
8.963999e+01	881	6.329237e+02	3.266782e+01	8.963999e+01	881	4.908088e-02	0	
8.974174e+01	882	5.640475e+02	1.151786e+01	8.974174e+01	882	2.001138e-02	0	
8.984348e+01	883	6.229322e+02	3.286134e+01	8.984348e+01	883	5.010928e-02	0	
8.994523e+01	884	5.941201e+02	1.310226e+01	8.994523e+01	884	2.157737e-02	0	
9.004698e+01	885	5.866895e+02	3.951939e+01	9.004698e+01	885	6.310896e-02	0	
9.014873e+01	886	6.104324e+02	3.175064e+01	9.014873e+01	886	4.944173e-02	0	
9.025048e+01	887	5.992421e+02	2.839128e+01	9.025048e+01	887	4.523545e-02	0	
9.035222e+01	888	6.010101e+02	4.100038e+01	9.035222e+01	888	6.386248e-02	0	
9.045397e+01	889	6.035390e+02	2.303584e+01	9.045397e+01	889	3.676471e-02	0	
9.055572e+01	890	6.220807e+02	1.462479e+01	9.055572e+01	890	2.296947e-02	0	
9.065747e+01	891	5.936415e+02	3.657277e+01	9.065747e+01	891	5.803228e-02	0	
9.075922e+01	892	5.938211e+02	3.968135e+01	9.075922e+01	892	6.263804e-02	0	
9.086096e+01	893	5.932986e+02	3.886496e+01	9.086096e+01	893	6.147928e-02	0	
9.096271e+01	894	6.558285e+02	2.323907e+01	9.096271e+01	894	3.422203e-02	0	
9.106446e+01	895	5.924436e+02	5.123340e+01	9.106446e+01	895	7.959489e-02	0	
9.116621e+01	896	6.205540e+02	4.589194e+01	9.116621e+01	896	6.886071e-02	0	
9.126796e+01	897	5.308340e+02	5.189173e+01	9.126796e+01	897	8.905001e-02	0	
9.136970e+01	898	5.930850e+02	2.513619e+01	9.136970e+01	898	4.065889e-02	0	
9.147145e+01	899	5.770290e+02	2.599693e+01	9.147145e+01	899	4.311080e-02	0	
9.157320e+01	900	5.691168e+02	2.664657e+01	9.157320e+01	900	4.472677e-02	0	
9.167495e+01	901	5.959233e+02	4.013021e+01	9.167495e+01	901	6.309251e-02	0	
9.177670e+01	902	5.774516e+02	4.421432e+01	9.177670e+01	902	7.112232e-02	0	
9.187844e+01	903	6.093619e+02	1.957618e+01	9.187844e+01	903	3.112577e-02	0	
9.198019e+01	904	5.983644e+02	2.456895e+01	9.198019e+01	904	3.944074e-02	0	
9.208194e+01	905	5.646963e+02	2.056378e+01	9.208194e+01	905	3.513614e-02	0	
9.218369e+01	906	5.924470e+02	1.372428e+01	9.218369e+01	906	2.264093e-02	0	
9.228544e+01	907	5.735370e+02	2.465759e+01	9.228544e+01	907	4.122002e-02	0	
9.238718e+01	908	5.933991e+02	2.240924e+01	9.238718e+01	908	3.638996e-02	0	
9.248893e+01	909	5.514204e+02	7.553163e+00	9.248893e+01	909	1.351256e-02	0	
9.259068e+01	910	5.600718e+02	5.590522e+00	9.259068e+01	910	9.883144e-03	0	
9.269243e+01	911	5.652732e+02	5.455800e+00	9.269243e+01	911	9.559353e-03	0	
9.279418e+01	912	5.207643e+02	1.447102e+00	9.279418e+01	912	2.771104e-03	0	
9.289592e+01	913	5.839033e+02	1.493004e+01	9.289592e+01	913	2.493188e-02	0	
9.299767e+01	914	5.404298e+02	8.390613e+00	9.299767e+01	914	1.528845e-02	0	
9.309942e+01	915	5.544454e+02	1.073825e+00	9.309942e+01	915	1.933011e-03	0	
9.320117e+01	916	5.544933e+02	4.434442e+00	9.320117e+01	916	7.933838e-03	0	
9.330292e+01	917	5.878023e+02	1.519709e+00	9.330292e+01	917	2.578741e-03	0	
9.340466e+01	918	5.691449e+02	-6.162362e+00	9.340466e+01	918	-1.094592e-02	0	
9.350641e+01	919	5.809245e+02	-8.576660e+00	9.350641e+01	919	-1.498505e-02	0	
9.360816e+01	920	5.965850e+02	-5.225997e+00	9.360816e+01	920	-8.837266e-03	0	
9.370991e+01	921	5.861465e+02	-6.796179e+00	9.370991e+01	921	-1.173069e-02	0	
9.381166e+01	922	5.694745e+02	-1.426099e+01	9.381166e+01	922	-2.568560e-02	0	
9.391340e+01	923	5.508277e+02	8.422626e-01	9.391340e+01	923	1.526751e-03	0	
9.401515e+01	924	6.350263e+02	-1.854713e+01	9.401515e+01	924	-3.008557e-02	0	
9.411690e+01	925	5.773304e+02	-1.839533e+00	9.411690e+01	925	-3.196459e-03	0	
9.421865e+01	926	6.240815e+02	9.417784e+00	9.421865e+01	926	1.486629e-02	0	
9.432040e+01	927	6.207623e+02	1.279204e+01	9.432040e+01	927	2.019091e-02	0	
9.442214e+01	928	5.987216e+02	4.771268e+00	9.442214e+01	928	7.906088e-03	0	
9.452389e+01	929	6.010736e+02	9.427487e+00	9.452389e+01	929	1.544221e-02	0	
9.462564e+01	930	6.345753e+02	6.820623e+00	9.462564e+01	930	1.063403e-02	0	
9.472739e+01	931	6.206977e+02	1.527769e+01	9.472739e+01	931	2.402245e-02	0	
9.482914e+01	932	6.213490e+02	3.724969e+00	9.482914e+01	932	5.959245e-03	0	
9.493088e+01	933	6.268446e+02	2.405514e+00	9.493088e+01	933	3.822826e-03	0	
9.503263e+01	934	5.847545e+02	1.407905e+01	9.503263e+01	934	2.351079e-02	0	
9.513438e+01	935	6.073725e+02	1.747471e+01	9.513438e+01	935	2.796637e-02	0	
9.523613e+01	936	5.254025e+02	2.598074e+01	9.523613e+01	936	4.711921e-02	0	
9.533788e+01	937	5.147223e+02	3.029746e+01	9.533788e+01	937	5.558965e-02	0	
9.543962e+01	938	6.526115e+02	1.710473e+01	9.543962e+01	938	2.554027e-02	0	
9.554137e+01	939	6.060194e+02	1.282841e+01	9.554137e+01	939	2.072951e-02	0	
9.564312e+01	940	5.744938e+02	-6.782188e+00	9.564312e+01	940	-1.194654e-02	0	
9.574487e+01	941	6.035580e+02	1.762390e+01	9.574487e+01	941	2.837156e-02	0	
9.584662e+01	942	6.052621e+02	2.019737e+01	9.584662e+01	942	3.229205e-02	0	
9.594836e+01	943	6.504622e+02	1.444735e+01	9.594836e+01	943	2.172829e-02	0	
9.605011e+01	944	5.958967e+02	1.415224e+01	9.605011e+01	944	2.319853e-02	0	
9.615186e+01	945	614	1.110476e+01	9.615186e+01	945	1.776464e-02	0	
9.625361e+01	946	6.413696e+02	3.524289e+01	9.625361e+01	946	5.208726e-02	0	
9.635536e+01	947	6.043531e+02	1.664681e+01	9.635536e+01	947	2.680646e-02	0	
9.645710e+01	948	5.203669e+02	2.362833e+01	9.645710e+01	948	4.343481e-02	0	
9.655885e+01	949	6.496381e+02	2.709874e+01	9.655885e+01	949	4.004325e-02	0	
9.666060e+01	950	5.998683e+02	1.881836e+01	9.666060e+01	950	3.041662e-02	0	
9.676235e+01	951	5.671286e+02	1.031619e+01	9.676235e+01	951	1.786524e-02	0	
9.686410e+01	952	5.816490e+02	1.619317e+01	9.686410e+01	952	2.708603e-02	0	
9.696584e+01	953	5.765724e+02	9.796007e+00	9.696584e+01	953	1.670623e-02	0	
9.706759e+01	954	5.418846e+02	1.727708e+01	9.706759e+01	954	3.089818e-02	0	
9.716934e+01	955	5.739354e+02	1.948388e+01	9.716934e+01	955	3.283324e-02	0	
9.727109e+01	956	6.054504e+02	2.013105e+01	9.727109e+01	956	3.217974e-02	0	
9.737284e+01	957	5.566919e+02	1.500314e+01	9.737284e+01	957	2.624326e-02	0	
9.747458e+01	958	5.769123e+02	9.245470e+00	9.747458e+01	958	1.577301e-02	0	
9.757633e+01	959	5.682842e+02	8.567213e+00	9.757633e+01	959	1.485168e-02	0	
9.767808e+01	960	5.713492e+02	1.616459e+01	9.767808e+01	960	2.751355e-02	0	
9.777983e+01	961	5.387583e+02	2.667469e+01	9.777983e+01	961	4.717569e-02	0	
9.788158e+01	962	5.785287e+02	1.785062e+01	9.788158e+01	962	2.993165e-02	0	
9.798332e+01	963	6.116944e+02	3.800873e+00	9.798332e+01	963	6.175308e-03	0	
9.808507e+01	964	5.596607e+02	2.115077e+01	9.808507e+01	964	3.641590e-02	0	
9.818682e+01	965	5.666210e+02	-5.014381e+00	9.818682e+01	965	-8.928636e-03	0	
9.828857e+01	966	5.848110e+02	-1.502436e+01	9.828857e+01	966	-2.636840e-02	0	
9.839032e+01	967	5.787870e+02	1.028650e+01	9.839032e+01	967	1.746217e-02	0	
9.849206e+01	968	5.225006e+02	-2.274691e+01	9.849206e+01	968	-4.551624e-02	0	
9.859381e+01	969	5.059328e+02	-1.294112e+01	9.859381e+01	969	-2.625018e-02	0	
9.869556e+01	970	5.476260e+02	1.103504e+01	9.869556e+01	970	1.975266e-02	0	
9.879731e+01	971	5.793504e+02	3.618721e+00	9.879731e+01	971	6.207397e-03	0	
9.889906e+01	972	5.178227e+02	-1.094316e+01	9.889906e+01	972	-2.158927e-02	0	
9.900080e+01	973	5.732352e+02	2.112962e+01	9.900080e+01	973	3.554992e-02	0	
9.910255e+01	974	5.639896e+02	-5.767952e+00	9.910255e+01	974	-1.033273e-02	0	
9.920430e+01	975	6.014203e+02	1.581876e+01	9.920430e+01	975	2.562825e-02	0	
9.930605e+01	976	5.460057e+02	6.615429e+01	9.930605e+01	976	1.080670e-01	0	
9.940780e+01	977	5.491843e+02	3.817346e+01	9.940780e+01	977	6.499184e-02	0	
9.950954e+01	978	6.102034e+02	1.671627e+01	9.950954e+01	978	2.666413e-02	0	
9.961129e+01	979	5.881272e+02	2.131386e+01	9.961129e+01	979	3.497280e-02	0	
9.971304e+01	980	5.823381e+02	9.385066e+00	9.971304e+01	980	1.586057e-02	0	
9.981479e+01	981	6.608655e+02	1.409715e+01	9.981479e+01	981	2.088582e-02	0	
9.991654e+01	982	5.790866e+02	2.911011e+01	9.991654e+01	982	4.786298e-02	0	
1.000183e+02	983	6.348158e+02	1.698425e+01	1.000183e+02	983	2.605745e-02	0	
1.001200e+02	984	6.582788e+02	2.408585e+01	1.001200e+02	984	3.529762e-02	0	
1.002218e+02	985	6.586334e+02	9.340176e+00	1.002218e+02	985	1.398285e-02	0	
1.003235e+02	986	6.816120e+02	1.319130e+01	1.003235e+02	986	1.898566e-02	0	
1.004253e+02	987	6.381621e+02	1.713048e+01	1.004253e+02	987	2.614173e-02	0	
1.005270e+02	988	6.525572e+02	1.431741e+01	1.005270e+02	988	2.146942e-02	0	
1.006288e+02	989	5.954530e+02	7.773010e-01	1.006288e+02	989	1.303693e-03	0	
1.007305e+02	990	6.643583e+02	7.730896e+00	1.007305e+02	990	1.150278e-02	0	
1.008323e+02	991	6.327812e+02	1.069770e+01	1.008323e+02	991	1.662479e-02	0	
1.009340e+02	992	5.862868e+02	6.695940e-01	1.009340e+02	992	1.140790e-03	0	
1.010358e+02	993	6.147841e+02	3.077628e+00	1.010358e+02	993	4.981095e-03	0	
1.011375e+02	994	5.792891e+02	-5.245067e+00	1.011375e+02	994	-9.137046e-03	0	
1.012393e+02	995	5.986866e+02	2.935510e-01	1.012393e+02	995	4.900847e-04	0	
1.013410e+02	996	6.141830e+02	4.807788e+00	1.013410e+02	996	7.767140e-03	0	
1.014428e+02	997	5.639048e+02	3.329141e+00	1.014428e+02	997	5.869079e-03	0	
1.015445e+02	998	5.890435e+02	-2.527939e+00	1.015445e+02	998	-4.310097e-03	0	
1.016463e+02	999	5.793897e+02	-6.309714e+00	1.016463e+02	999	-1.101018e-02	0	
1.017480e+02	1000	5.389713e+02	2.089551e+00	1.017480e+02	1000	3.861952e-03	0	
1.018497e+02	1001	5.786301e+02	1.198880e+01	1.018497e+02	1001	2.029871e-02	0	
1.019515e+02	1002	5.681954e+02	-1.386556e+00	1.019515e+02	1002	-2.446250e-03	0	
1.020532e+02	1003	5.955854e+02	8.829780e+00	1.020532e+02	1003	1.460880e-02	0	
1.021550e+02	1004	5.824926e+02	6.201694e+00	1.021550e+02	1004	1.053466e-02	0	
1.022567e+02	1005	5.521597e+02	5.519635e+00	1.022567e+02	1005	9.897507e-03	0	
1.023585e+02	1006	5.768507e+02	3.466345e+00	1.023585e+02	1006	5.973192e-03	0	
1.024602e+02	1007	5.749587e+02	2.001333e+01	1.024602e+02	1007	3.363743e-02	0	
1.025620e+02	1008	5.730128e+02	-2.102600e-01	1.025620e+02	1008	-3.670724e-04	0	
1.026637e+02	1009	6.039944e+02	-4.635564e+00	1.026637e+02	1009	-7.734205e-03	0	
1.027655e+02	1010	5.570214e+02	6.087360e+00	1.027655e+02	1010	1.081027e-02	0	
1.028672e+02	1011	5.715594e+02	1.075602e+01	1.028672e+02	1011	1.847112e-02	0	
1.029690e+02	1012	5.535015e+02	1.575600e+01	1.029690e+02	1012	2.767816e-02	0	
1.030707e+02	1013	5.893869e+02	9.257543e+00	1.030707e+02	1013	1.546418e-02	0	
1.031725e+02	1014	5.589193e+02	1.150187e+01	1.031725e+02	1014	2.016382e-02	0	
1.032742e+02	1015	5.590761e+02	1.683619e+01	1.032742e+02	1015	2.923395e-02	0	
1.033760e+02	1016	6.020684e+02	2.783644e+01	1.033760e+02	1016	4.419150e-02	0	
1.034777e+02	1017	5.584342e+02	1.493852e+01	1.034777e+02	1017	2.605377e-02	0	
1.035795e+02	1018	5.696477e+02	9.652895e+00	1.035795e+02	1018	1.666302e-02	0	
1.036812e+02	1019	6.033266e+02	3.146638e+01	1.036812e+02	1019	4.956951e-02	0	
1.037830e+02	1020	5.913866e+02	2.650744e+00	1.037830e+02	1020	4.462251e-03	0	
1.038847e+02	1021	5.838037e+02	-1.270611e+01	1.038847e+02	1021	-2.224858e-02	0	
1.039865e+02	1022	6.121213e+02	-4.486189e+00	1.039865e+02	1022	-7.383031e-03	0	
1.040882e+02	1023	5.783696e+02	2.046826e+01	1.040882e+02	1023	3.417997e-02	0	
1.041900e+02	1024	5.796889e+02	6.819569e+00	1.041900e+02	1024	1.162740e-02	0	
1.042917e+02	1025	5.811869e+02	2.628510e+01	1.042917e+02	1025	4.326965e-02	0	
1.043934e+02	1026	5.744535e+02	2.006898e+01	1.043934e+02	1026	3.375647e-02	0	
1.044952e+02	1027	6.077061e+02	1.878002e+01	1.044952e+02	1027	2.997675e-02	0	
1.045969e+02	1028	5.720683e+02	1.035470e+01	1.045969e+02	1028	1.777866e-02	0	
1.046987e+02	1029	6.205228e+02	2.280212e+01	1.046987e+02	1029	3.544417e-02	0	
1.048004e+02	1030	5.947011e+02	1.513814e+01	1.048004e+02	1030	2.482316e-02	0	
1.049022e+02	1031	6.490621e+02	1.458180e+01	1.049022e+02	1031	2.197233e-02	0	
1.050039e+02	1032	5.988637e+02	7.763125e-01	1.050039e+02	1032	1.294631e-03	0	
1.051057e+02	1033	6.399759e+02	1.781974e+01	1.051057e+02	1033	2.709009e-02	0	
1.052074e+02	1034	5.871892e+02	2.910241e+01	1.052074e+02	1034	4.722182e-02	0	
1.053092e+02	1035	5.743739e+02	2.195828e+01	1.053092e+02	1035	3.682223e-02	0	
1.054109e+02	1036	6.242886e+02	1.683552e+01	1.054109e+02	1036	2.625938e-02	0	
1.055127e+02	1037	6.052849e+02	1.949912e+01	1.055127e+02	1037	3.120938e-02	0	
1.056144e+02	1038	5.735089e+02	1.042874e+01	1.056144e+02	1038	1.785934e-02	0	
1.057162e+02	1039	5.816540e+02	1.282606e+01	1.057162e+02	1039	2.157526e-02	0	
1.058179e+02	1040	6.023333e+02	2.410798e+01	1.058179e+02	1040	3.848402e-02	0	
1.059197e+02	1041	5.642593e+02	3.286961e+01	1.059197e+02	1041	5.504609e-02	0	
1.060214e+02	1042	5.630565e+02	2.814353e+01	1.060214e+02	1042	4.760407e-02	0	
1.061232e+02	1043	5.778892e+02	2.990115e+01	1.061232e+02	1043	4.919649e-02	0	
1.062249e+02	1044	5.544306e+02	1.352812e+01	1.062249e+02	1044	2.381884e-02	0	
1.063267e+02	1045	5.872317e+02	-6.709340e+00	1.063267e+02	1045	-1.155742e-02	0	
1.064284e+02	1046	5.723035e+02	6.898226e+00	1.064284e+02	1046	1.190989e-02	0	
1.065302e+02	1047	5.962509e+02	-6.217202e+00	1.065302e+02	1047	-1.053703e-02	0	
1.066319e+02	1048	5.443086e+02	2.768069e+01	1.066319e+02	1048	4.839372e-02	0	
1.067337e+02	1049	5.460233e+02	2.306009e+01	1.067337e+02	1049	4.052146e-02	0	
1.068354e+02	1050	5.878775e+02	2.715048e+00	1.068354e+02	1050	4.597159e-03	0	
1.069371e+02	1051	5.651967e+02	1.651312e+01	1.069371e+02	1051	2.838721e-02	0	
1.070389e+02	1052	5.666720e+02	1.203726e+01	1.070389e+02	1052	2.080019e-02	0	
1.071406e+02	1053	5.347130e+02	2.850287e+01	1.071406e+02	1053	5.060736e-02	0	
1.072424e+02	1054	5.455930e+02	2.866145e+01	1.072424e+02	1054	4.991071e-02	0	
1.073441e+02	1055	5.635308e+02	1.608932e+01	1.073441e+02	1055	2.775839e-02	0	
1.074459e+02	1056	6.009009e+02	4.123803e+00	1.074459e+02	1056	6.815925e-03	0	
1.075476e+02	1057	5.900184e+02	2.013495e+01	1.075476e+02	1057	3.299982e-02	0	
1.076494e+02	1058	5.407108e+02	2.559189e+01	1.076494e+02	1058	4.519119e-02	0	
1.077511e+02	1059	5.528136e+02	2.772066e+01	1.077511e+02	1059	4.775026e-02	0	
1.078529e+02	1060	6.492779e+02	9.722034e+00	1.078529e+02	1060	1.475271e-02	0	
1.079546e+02	1061	5.982350e+02	3.690170e+00	1.079546e+02	1061	6.130613e-03	0	
1.080564e+02	1062	6.063687e+02	2.213704e+00	1.080564e+02	1062	3.637476e-03	0	
1.081581e+02	1063	6.438306e+02	9.583307e+00	1.081581e+02	1063	1.466652e-02	0	
1.082599e+02	1064	5.782248e+02	7.536575e+00	1.082599e+02	1064	1.286629e-02	0	
1.083616e+02	1065	5.844220e+02	1.915215e+01	1.083616e+02	1065	3.173123e-02	0	
1.084634e+02	1066	5.605663e+02	3.977233e+01	1.084634e+02	1066	6.624983e-02	0	
1.085651e+02	1067	5.671239e+02	3.463890e+01	1.085651e+02	1067	5.756238e-02	0	
1.086669e+02	1068	5.921899e+02	7.438912e+00	1.086669e+02	1068	1.240586e-02	0	
1.087686e+02	1069	5.702669e+02	1.996418e+01	1.087686e+02	1069	3.382435e-02	0	
1.088704e+02	1070	5.724704e+02	2.958298e+01	1.088704e+02	1070	4.913681e-02	0	
1.089721e+02	1071	5.685620e+02	-1.326024e-01	1.089721e+02	1071	-2.332786e-04	0	
1.090739e+02	1072	5.570349e+02	-3.193522e+00	1.090739e+02	1072	-5.766131e-03	0	
1.091756e+02	1073	5.535678e+02	6.139621e+00	1.091756e+02	1073	1.096934e-02	0	
1.092774e+02	1074	5.244931e+02	7.075872e+00	1.092774e+02	1074	1.331130e-02	0	
1.093791e+02	1075	5.933780e+02	2.237051e+00	1.093791e+02	1075	3.755867e-03	0	
1.094808e+02	1076	5.869258e+02	-4.045781e+00	1.094808e+02	1076	-6.941019e-03	0	
1.095826e+02	1077	5.662323e+02	5.140798e+00	1.095826e+02	1077	8.997270e-03	0	
1.096843e+02	1078	5.778763e+02	2.401347e+01	1.096843e+02	1078	3.989679e-02	0	
1.097861e+02	1079	5.310173e+02	-9.478122e+00	1.097861e+02	1079	-1.817337e-02	0	
1.098878e+02	1080	5.569064e+02	3.687708e+00	1.098878e+02	1080	6.578214e-03	0	
1.099896e+02	1081	5.774820e+02	2.859995e+01	1.099896e+02	1081	4.718826e-02	0	
1.100913e+02	1082	6.549284e+01	3.146035e+02	1.100913e+02	1082	8.276941e-01	7.000000e-01	
1.101931e+02	1083	6.796132e+01	3.241314e+02	1.101931e+02	1083	8.266703e-01	7.000000e-01	
1.102948e+02	1084	4.374946e+01	3.182929e+02	1.102948e+02	1084	8.791593e-01	7.000000e-01	
1.103966e+02	1085	6.207085e+01	3.246276e+02	1.103966e+02	1085	8.394851e-01	7.000000e-01	
1.104983e+02	1086	5.087915e+01	3.276915e+02	1.104983e+02	1086	8.656020e-01	7.000000e-01	
1.106001e+02	1087	4.814678e+01	3.262178e+02	1.106001e+02	1087	8.713907e-01	7.000000e-01	
1.107018e+02	1088	7.659015e+01	3.281013e+02	1.107018e+02	1088	8.107443e-01	7.000000e-01	
1.108036e+02	1089	5.243905e+01	3.303247e+02	1.108036e+02	1089	8.629989e-01	7.000000e-01	
1.109053e+02	1090	6.290335e+01	3.234960e+02	1.109053e+02	1090	8.372064e-01	7.000000e-01	
1.110071e+02	1091	6.011779e+01	3.108821e+02	1.110071e+02	1091	8.379574e-01	7.000000e-01	
1.111088e+02	1092	5.513601e+01	3.174167e+02	1.111088e+02	1092	8.520048e-01	7.000000e-01	
1.112106e+02	1093	5.374369e+01	3.242197e+02	1.112106e+02	1093	8.578072e-01	7.000000e-01	
1.113123e+02	1094	5.567148e+01	2.998620e+02	1.113123e+02	1094	8.434142e-01	7.000000e-01	
1.114141e+02	1095	6.180136e+01	3.160947e+02	1.114141e+02	1095	8.364594e-01	7.000000e-01	
1.115158e+02	1096	6.586105e+01	3.230856e+02	1.115158e+02	1096	8.306682e-01	7.000000e-01	
1.116176e+02	1097	7.059252e+01	3.122375e+02	1.116176e+02	1097	8.156035e-01	7.000000e-01	
1.117193e+02	1098	5.992412e+01	3.048583e+02	1.117193e+02	1098	8.357264e-01	7.000000e-01	
1.118211e+02	1099	5.272204e+01	3.290333e+02	1.118211e+02	1099	8.618957e-01	7.000000e-01	
1.119228e+02	1100	6.866238e+01	3.285002e+02	1.119228e+02	1100	8.271177e-01	7.000000e-01	
1.120245e+02	1101	6.175961e+01	2.892957e+02	1.120245e+02	1101	8.240744e-01	7.000000e-01	
1.121263e+02	1102	8.558435e+01	3.295207e+02	1.121263e+02	1102	7.938248e-01	7.000000e-01	
1.122280e+02	1103	5.402341e+01	3.703428e+02	1.122280e+02	1103	8.726962e-01	7.000000e-01	
1.123298e+02	1104	8.749754e+01	3.430644e+02	1.123298e+02	1104	7.967829e-01	7.000000e-01	
1.124315e+02	1105	1.037225e+02	3.195016e+02	1.124315e+02	1105	7.549230e-01	7.000000e-01	
1.125333e+02	1106	7.467071e+01	3.357493e+02	1.125333e+02	1106	8.180627e-01	7.000000e-01	
1.126350e+02	1107	4.814063e+01	2.912904e+02	1.126350e+02	1107	8.581726e-01	7.000000e-01	
1.127368e+02	1108	5.875082e+01	3.049093e+02	1.127368e+02	1108	8.384458e-01	7.000000e-01	
1.128385e+02	1109	4.870632e+01	3.019678e+02	1.128385e+02	1109	8.611066e-01	7.000000e-01	
1.129403e+02	1110	5.761161e+01	3.128601e+02	1.129403e+02	1110	8.444912e-01	7.000000e-01	
1.130420e+02	1111	4.416128e+01	3.295109e+02	1.130420e+02	1111	8.818181e-01	7.000000e-01	
1.131438e+02	1112	6.459438e+01	3.146711e+02	1.131438e+02	1112	8.296856e-01	7.000000e-01	
1.132455e+02	1113	6.405893e+01	3.068020e+02	1.132455e+02	1113	8.272697e-01	7.000000e-01	
1.133473e+02	1114	4.861245e+01	3.230533e+02	1.133473e+02	1114	8.692038e-01	7.000000e-01	
1.134490e+02	1115	5.967773e+01	3.033545e+02	1.134490e+02	1115	8.356131e-01	7.000000e-01	
1.135508e+02	1116	5.822430e+02	-2.357638e+01	1.135508e+02	1116	-4.220116e-02	0	
1.136525e+02	1117	5.684335e+02	2.112997e+01	1.136525e+02	1117	3.584003e-02	0	
1.137543e+02	1118	5.544571e+02	1.662399e+01	1.137543e+02	1118	2.910968e-02	0	
1.138560e+02	1119	5.813072e+02	-2.164122e+01	1.138560e+02	1119	-3.866810e-02	0	
1.139578e+02	1120	5.384515e+02	2.514978e+01	1.139578e+02	1120	4.462336e-02	0	
1.140595e+02	1121	5.396570e+02	6.400962e+01	1.140595e+02	1121	1.060347e-01	0	
1.141613e+02	1122	5.863626e+02	7.751399e+00	1.141613e+02	1122	1.304699e-02	0	
1.142630e+02	1123	5.604388e+02	1.427673e+01	1.142630e+02	1123	2.484139e-02	0	
1.143648e+02	1124	5.506650e+02	2.354887e+01	1.143648e+02	1124	4.101063e-02	0	
1.144665e+02	1125	5.394060e+02	1.457389e+01	1.144665e+02	1125	2.630762e-02	0	
1.145682e+02	1126	5.708119e+02	-1.767524e+00	1.145682e+02	1126	-3.106127e-03	0	
1.146700e+02	1127	5.754613e+02	2.297839e+01	1.146700e+02	1127	3.839717e-02	0	
1.147717e+02	1128	5.607765e+02	9.983708e+00	1.147717e+02	1128	1.749195e-02	0	
1.148735e+02	1129	5.931523e+02	3.526482e+01	1.148735e+02	1129	5.611690e-02	0	
1.149752e+02	1130	5.335995e+02	3.372493e+01	1.149752e+02	1130	5.944558e-02	0	
1.150770e+02	1131	5.594504e+02	4.377819e+01	1.150770e+02	1131	7.257314e-02	0	
1.151787e+02	1132	5.673168e+02	5.196363e+01	1.151787e+02	1132	8.390969e-02	0	
1.152805e+02	1133	5.624435e+02	3.089926e+01	1.152805e+02	1133	5.207658e-02	0	
1.153822e+02	1134	6.028415e+02	-1.406926e+00	1.153822e+02	1134	-2.339284e-03	0	
1.154840e+02	1135	5.936360e+02	1.156884e+01	1.154840e+02	1135	1.911558e-02	0	
1.155857e+02	1136	5.748357e+02	-2.444984e+00	1.155857e+02	1136	-4.271530e-03	0	
1.156875e+02	1137	5.969682e+02	1.334686e+01	1.156875e+02	1137	2.186880e-02	0	
1.157892e+02	1138	5.297028e+02	2.025538e+01	1.157892e+02	1138	3.683076e-02	0	
1.158910e+02	1139	5.849982e+02	1.317823e+01	1.158910e+02	1139	2.203067e-02	0	
1.159927e+02	1140	5.480418e+02	9.166169e+00	1.159927e+02	1140	1.645018e-02	0	
1.160945e+02	1141	5.700308e+02	9.283478e+00	1.160945e+02	1141	1.602494e-02	0	
1.161962e+02	1142	5.405515e+02	2.082480e+01	1.161962e+02	1142	3.709597e-02	0	
1.162980e+02	1143	5.441016e+02	1.572365e+01	1.162980e+02	1143	2.808671e-02	0	
1.163997e+02	1144	5.305152e+02	1.427319e+01	1.163997e+02	1144	2.619951e-02	0	
1.165015e+02	1145	5.188036e+02	2.529440e+01	1.165015e+02	1145	4.648868e-02	0	
1.166032e+02	1146	5.242919e+02	1.953561e+01	1.166032e+02	1146	3.592244e-02	0	
1.167050e+02	1147	5.217238e+02	2.220580e+01	1.167050e+02	1147	4.082477e-02	0	
1.168067e+02	1148	5.450433e+02	-7.473306e+00	1.168067e+02	1148	-1.390201e-02	0	
1.169085e+02	1149	6.534640e+02	3.085459e+00	1.169085e+02	1149	4.699507e-03	0	
1.170102e+02	1150	5.632191e+02	-1.370301e+00	1.170102e+02	1150	-2.438914e-03	0	
1.171119e+02	1151	5.771537e+02	3.683502e+00	1.171119e+02	1151	6.341712e-03	0	
1.172137e+02	1152	5.613445e+02	5.571588e-01	1.172137e+02	1152	9.915593e-04	0	
1.173154e+02	1153	5.764158e+02	-9.141144e+00	1.173154e+02	1153	-1.611414e-02	0	
1.174172e+02	1154	6.176892e+02	-1.445119e+01	1.174172e+02	1154	-2.395603e-02	0	
1.175189e+02	1155	6.465847e+02	-9.468029e+00	1.175189e+02	1155	-1.486075e-02	0	
1.176207e+02	1156	5.452167e+02	-4.002274e+00	1.176207e+02	1156	-7.394988e-03	0	
1.177224e+02	1157	5.713147e+02	-9.510653e+00	1.177224e+02	1157	-1.692877e-02	0	
1.178242e+02	1158	6.150315e+02	-1.486638e+01	1.178242e+02	1158	-2.477048e-02	0	
1.179259e+02	1159	5.821582e+02	5.987468e-02	1.179259e+02	1159	1.028389e-04	0	
