time at 532nm	frame at 532nm	I_1 at 532nm(counts)	I_2 at 532nm(counts)	time at 532nm	frame at 532nm	FRET_1>2	discr.FRET_1>2	
1.017480e-01	1	2.189859e+02	6.133973e+00	1.017480e-01	1	2.724759e-02	0	
2.034960e-01	2	2.189859e+02	6.133973e+00	2.034960e-01	2	2.724759e-02	0	
3.052440e-01	3	2.229585e+02	1.272921e+01	3.052440e-01	3	5.400880e-02	0	
4.069920e-01	4	2.231485e+02	6.913746e+00	4.069920e-01	4	3.005163e-02	0	
5.087400e-01	5	2.210090e+02	2.656639e+01	5.087400e-01	5	1.073063e-01	0	
6.104880e-01	6	2.254395e+02	-6.412541e+00	6.104880e-01	6	-2.927741e-02	0	
7.122360e-01	7	2.120606e+02	1.015414e+01	7.122360e-01	7	4.569517e-02	0	
8.139840e-01	8	2.222969e+02	1.135860e+01	8.139840e-01	8	4.861259e-02	0	
9.157320e-01	9	2.089840e+02	4.465523e+01	9.157320e-01	9	1.760581e-01	0	
1.017480e+00	10	2.133119e+02	3.301615e+01	1.017480e+00	10	1.340333e-01	0	
1.119228e+00	11	2.535017e+02	5.051916e+01	1.119228e+00	11	1.661700e-01	0	
1.220976e+00	12	2.026405e+02	4.373302e+01	1.220976e+00	12	1.775070e-01	0	
1.322724e+00	13	2.320256e+02	5.014429e+01	1.322724e+00	13	1.777096e-01	0	
1.424472e+00	14	2.235369e+02	3.440724e+01	1.424472e+00	14	1.333903e-01	0	
1.526220e+00	15	2.218890e+02	4.093039e+01	1.526220e+00	15	1.557358e-01	0	
1.627968e+00	16	2.207462e+02	-7.580902e+00	1.627968e+00	16	-3.556349e-02	0	
1.729716e+00	17	1.740164e+02	4.886045e+00	1.729716e+00	17	2.731123e-02	0	
1.831464e+00	18	1.885855e+02	-2.588408e+00	1.831464e+00	18	-1.391639e-02	0	
1.933212e+00	19	2.193670e+02	-1.637176e+01	1.933212e+00	19	-8.065096e-02	0	
2.034960e+00	20	2.052020e+02	-2.319515e+01	2.034960e+00	20	-1.274411e-01	0	
2.136708e+00	21	1.977624e+02	2.874469e+00	2.136708e+00	21	1.432672e-02	0	
2.238456e+00	22	1.996008e+02	-9.918015e+00	2.238456e+00	22	-5.228738e-02	0	
2.340204e+00	23	1.918993e+02	-2.478598e+00	2.340204e+00	23	-1.308515e-02	0	
2.441952e+00	24	2.067140e+02	2.784609e+01	2.441952e+00	24	1.187162e-01	0	
2.543700e+00	25	1.931824e+02	-5.504757e-01	2.543700e+00	25	-2.857656e-03	0	
2.645448e+00	26	1.996203e+02	-3.051569e-01	2.645448e+00	26	-1.531027e-03	0	
2.747196e+00	27	2.036710e+02	-2.040630e-01	2.747196e+00	27	-1.002930e-03	0	
2.848944e+00	28	1.934321e+02	5.853274e+00	2.848944e+00	28	2.937132e-02	0	
2.950692e+00	29	1.873559e+02	4.281148e+00	2.950692e+00	29	2.233988e-02	0	
3.052440e+00	30	1.924053e+02	2.080869e-01	3.052440e+00	30	1.080335e-03	0	
3.154188e+00	31	2.177232e+02	-4.719789e+00	3.154188e+00	31	-2.215828e-02	0	
3.255936e+00	32	2.350865e+02	2.028787e+01	3.255936e+00	32	7.944364e-02	0	
3.357684e+00	33	1.994665e+02	1.772675e+00	3.357684e+00	33	8.808797e-03	0	
3.459432e+00	34	2.221852e+02	3.188780e+01	3.459432e+00	34	1.255064e-01	0	
3.561180e+00	35	2.125334e+02	9.228179e+00	3.561180e+00	35	4.161306e-02	0	
3.662928e+00	36	1.892851e+01	2.521620e+02	3.662928e+00	36	9.301764e-01	7.000000e-01	
3.764676e+00	37	1.884819e+01	2.409509e+02	3.764676e+00	37	9.274509e-01	7.000000e-01	
3.866424e+00	38	2.821016e+01	2.370309e+02	3.866424e+00	38	8.936433e-01	7.000000e-01	
3.968172e+00	39	1.826152e+01	2.326721e+02	3.968172e+00	39	9.272257e-01	7.000000e-01	
4.069920e+00	40	1.417296e+01	2.544185e+02	4.069920e+00	40	9.472323e-01	7.000000e-01	
4.171668e+00	41	1.606521e+01	2.172473e+02	4.171668e+00	41	9.311430e-01	7.000000e-01	
4.273416e+00	42	2.399792e+01	2.470310e+02	4.273416e+00	42	9.114562e-01	7.000000e-01	
4.375164e+00	43	1.537221e+01	2.540467e+02	4.375164e+00	43	9.429431e-01	7.000000e-01	
4.476912e+00	44	9.538638e+01	1.970698e+02	4.476912e+00	44	6.738439e-01	7.000000e-01	
4.578660e+00	45	7.159350e+01	1.997548e+02	4.578660e+00	45	7.361564e-01	7.000000e-01	
4.680408e+00	46	2.171846e+01	2.276477e+02	4.680408e+00	46	9.129053e-01	7.000000e-01	
4.782156e+00	47	2.901229e+01	3.132906e+02	4.782156e+00	47	9.152438e-01	7.000000e-01	
4.883904e+00	48	6.081597e+01	3.121413e+02	4.883904e+00	48	8.369358e-01	7.000000e-01	
4.985652e+00	49	4.741628e+01	3.080865e+02	4.985652e+00	49	8.666219e-01	7.000000e-01	
5.087400e+00	50	2.901535e+01	3.132904e+02	5.087400e+00	50	9.152356e-01	7.000000e-01	
5.189148e+00	51	1.909141e+02	5.111411e+00	5.189148e+00	51	2.607523e-02	0	
5.290896e+00	52	2.026254e+02	3.903613e+00	5.290896e+00	52	1.890104e-02	0	
5.392644e+00	53	2.011575e+02	3.224974e+00	5.392644e+00	53	1.577911e-02	0	
5.494392e+00	54	1.936897e+02	2.817173e+00	5.494392e+00	54	1.433626e-02	0	
5.596140e+00	55	2.119236e+02	9.434393e+00	5.596140e+00	55	4.262052e-02	0	
5.697888e+00	56	1.841312e+02	5.691319e+00	5.697888e+00	56	2.998232e-02	0	
5.799636e+00	57	2.100106e+02	3.302773e+00	5.799636e+00	57	1.548320e-02	0	
5.901384e+00	58	1.978212e+02	2.537281e+00	5.901384e+00	58	1.266371e-02	0	
6.003132e+00	59	1.962531e+02	4.152051e+00	6.003132e+00	59	2.071828e-02	0	
6.104880e+00	60	2.079997e+02	-3.219067e+00	6.104880e+00	60	-1.571959e-02	0	
6.206628e+00	61	2.017950e+02	-9.373379e-01	6.206628e+00	61	-4.666677e-03	0	
6.308376e+00	62	1.925046e+02	-1.614603e+01	6.308376e+00	62	-9.155228e-02	0	
6.410124e+00	63	2.173706e+02	-7.020569e+00	6.410124e+00	63	-3.337565e-02	0	
6.511872e+00	64	1.851765e+02	-1.678852e+01	6.511872e+00	64	-9.970142e-02	0	
6.613620e+00	65	2.081272e+02	-2.665340e+00	6.613620e+00	65	-1.297243e-02	0	
6.715368e+00	66	1.865047e+02	4.589743e+00	6.715368e+00	66	2.401819e-02	0	
6.817116e+00	67	1.899567e+02	6.987514e+00	6.817116e+00	67	3.547966e-02	0	
6.918864e+00	68	1.950384e+02	6.729399e+00	6.918864e+00	68	3.335220e-02	0	
7.020612e+00	69	1.867675e+02	5.718153e-01	7.020612e+00	69	3.052297e-03	0	
7.122360e+00	70	1.973687e+02	-1.150062e+01	7.122360e+00	70	-6.187518e-02	0	
7.224108e+00	71	1.731057e+02	-1.175624e+00	7.224108e+00	71	-6.837803e-03	0	
7.325856e+00	72	1.925846e+02	4.630015e-02	7.325856e+00	72	2.403568e-04	0	
7.427604e+00	73	1.964569e+02	-3.157601e+00	7.427604e+00	73	-1.633529e-02	0	
7.529352e+00	74	1.748454e+02	9.840344e+00	7.529352e+00	74	5.328156e-02	0	
7.631100e+00	75	1.864100e+02	1.687555e+01	7.631100e+00	75	8.301402e-02	0	
7.732848e+00	76	1.879611e+02	1.829828e+01	7.732848e+00	76	8.871490e-02	0	
7.834596e+00	77	1.731016e+02	1.258610e+01	7.834596e+00	77	6.778101e-02	0	
7.936344e+00	78	1.847778e+02	1.143106e+01	7.936344e+00	78	5.825965e-02	0	
8.038092e+00	79	1.800785e+02	1.404774e+01	8.038092e+00	79	7.236394e-02	0	
8.139840e+00	80	1.790974e+02	8.449400e+00	8.139840e+00	80	4.505222e-02	0	
8.241588e+00	81	1.712873e+02	1.188133e+01	8.241588e+00	81	6.486553e-02	0	
8.343336e+00	82	1.924201e+02	-3.456549e+00	8.343336e+00	82	-1.829215e-02	0	
8.445084e+00	83	1.781764e+02	8.208175e+00	8.445084e+00	83	4.403892e-02	0	
8.546832e+00	84	1.787029e+02	1.469144e+01	8.546832e+00	84	7.596624e-02	0	
8.648580e+00	85	2.115536e+02	1.553558e+01	8.648580e+00	85	6.841180e-02	0	
8.750328e+00	86	1.844613e+02	-5.760170e-01	8.750328e+00	86	-3.132480e-03	0	
8.852076e+00	87	1.471769e+02	4.919004e+00	8.852076e+00	87	3.234146e-02	0	
8.953824e+00	88	2.227928e+02	-1.217395e+01	8.953824e+00	88	-5.780086e-02	0	
9.055572e+00	89	1.734374e+02	8.171665e+00	9.055572e+00	89	4.499591e-02	0	
9.157320e+00	90	1.938278e+02	-1.985159e+01	9.157320e+00	90	-1.141052e-01	0	
9.259068e+00	91	2.148370e+02	-9.208450e+00	9.259068e+00	91	-4.478196e-02	0	
9.360816e+00	92	1.486191e+02	8.823271e+00	9.360816e+00	92	5.604127e-02	0	
9.462564e+00	93	1.877770e+02	2.906502e-01	9.462564e+00	93	1.545456e-03	0	
9.564312e+00	94	1.914214e+02	4.986596e+00	9.564312e+00	94	2.538897e-02	0	
9.666060e+00	95	2.070055e+02	-1.929965e+00	9.666060e+00	95	-9.410996e-03	0	
9.767808e+00	96	1.826788e+02	6.158645e+00	9.767808e+00	96	3.261347e-02	0	
9.869556e+00	97	1.564235e+02	1.526611e+01	9.869556e+00	97	8.891691e-02	0	
9.971304e+00	98	2.421048e+02	4.811170e+00	9.971304e+00	98	1.948505e-02	0	
1.007305e+01	99	2.315883e+02	1.939961e+01	1.007305e+01	99	7.729301e-02	0	
1.017480e+01	100	2.081443e+02	4.392887e+00	1.017480e+01	100	2.066879e-02	0	
1.027655e+01	101	2.668291e+02	2.811220e+00	1.027655e+01	101	1.042581e-02	0	
1.037830e+01	102	2.297468e+02	2.717664e+01	1.037830e+01	102	1.057772e-01	0	
1.048004e+01	103	2.170863e+02	1.423831e+01	1.048004e+01	103	6.155121e-02	0	
1.058179e+01	104	2.112380e+02	2.544419e+01	1.058179e+01	104	1.075036e-01	0	
1.068354e+01	105	2.325838e+02	4.995445e+00	1.068354e+01	105	2.102644e-02	0	
1.078529e+01	106	2.001137e+02	4.422784e+00	1.078529e+01	106	2.162345e-02	0	
1.088704e+01	107	2.062701e+02	6.755232e-01	1.088704e+01	107	3.264255e-03	0	
1.098878e+01	108	2.090818e+02	6.646889e+00	1.098878e+01	108	3.081134e-02	0	
1.109053e+01	109	2.102232e+02	-6.905902e+00	1.109053e+01	109	-3.396613e-02	0	
1.119228e+01	110	2.139690e+02	2.832668e+00	1.119228e+01	110	1.306571e-02	0	
1.129403e+01	111	1.945008e+02	-4.427261e+00	1.129403e+01	111	-2.329236e-02	0	
1.139578e+01	112	2.100070e+02	-7.960221e+00	1.139578e+01	112	-3.939791e-02	0	
1.149752e+01	113	2.038693e+02	7.304813e+00	1.149752e+01	113	3.459142e-02	0	
1.159927e+01	114	2.109309e+02	8.630499e+00	1.159927e+01	114	3.930791e-02	0	
1.170102e+01	115	2.279610e+02	-1.308476e+01	1.170102e+01	115	-6.089440e-02	0	
1.180277e+01	116	2.139384e+02	-5.074409e+00	1.180277e+01	116	-2.429528e-02	0	
1.190452e+01	117	2.092239e+02	3.016243e+00	1.190452e+01	117	1.421146e-02	0	
1.200626e+01	118	2.166293e+02	1.493101e+01	1.200626e+01	118	6.448001e-02	0	
1.210801e+01	119	2.145712e+02	9.806836e-01	1.210801e+01	119	4.549641e-03	0	
1.220976e+01	120	2.027805e+02	3.768223e+01	1.220976e+01	120	1.567072e-01	0	
1.231151e+01	121	2.028333e+02	1.744826e+01	1.231151e+01	121	7.920890e-02	0	
1.241326e+01	122	2.297463e+02	5.002581e+00	1.241326e+01	122	2.131035e-02	0	
1.251500e+01	123	2.097921e+02	1.701473e+01	1.251500e+01	123	7.501860e-02	0	
1.261675e+01	124	2.150206e+02	1.209382e+01	1.261675e+01	124	5.324990e-02	0	
1.271850e+01	125	2.243314e+02	7.299282e+00	1.271850e+01	125	3.151259e-02	0	
1.282025e+01	126	1.955745e+02	6.211008e+00	1.282025e+01	126	3.078025e-02	0	
1.292200e+01	127	1.984117e+02	6.822583e+00	1.292200e+01	127	3.324290e-02	0	
1.302374e+01	128	2.205675e+02	1.531907e+01	1.302374e+01	128	6.494253e-02	0	
1.312549e+01	129	2.115302e+02	1.433965e+01	1.312549e+01	129	6.348634e-02	0	
1.322724e+01	130	2.202611e+02	1.381491e+01	1.322724e+01	130	5.901891e-02	0	
1.332899e+01	131	1.912495e+02	-4.543932e+00	1.332899e+01	131	-2.433742e-02	0	
1.343074e+01	132	1.722041e+02	-2.569741e+00	1.343074e+01	132	-1.514871e-02	0	
1.353248e+01	133	2.092970e+02	5.644686e+00	1.353248e+01	133	2.626148e-02	0	
1.363423e+01	134	2.462551e+02	3.331127e+01	1.363423e+01	134	1.191534e-01	0	
1.373598e+01	135	2.248300e+02	2.973178e+01	1.373598e+01	135	1.167959e-01	0	
1.383773e+01	136	2.337314e+02	3.651865e+01	1.383773e+01	136	1.351291e-01	0	
1.393948e+01	137	2.255825e+02	3.553478e+01	1.393948e+01	137	1.360874e-01	0	
1.404122e+01	138	2.309566e+02	4.927763e+01	1.404122e+01	138	1.758444e-01	0	
1.414297e+01	139	2.287722e+02	2.000617e+01	1.414297e+01	139	8.041764e-02	0	
1.424472e+01	140	2.256563e+02	3.455588e+01	1.424472e+01	140	1.327989e-01	0	
1.434647e+01	141	2.240270e+02	1.958725e+01	1.434647e+01	141	8.040273e-02	0	
1.444822e+01	142	2.041896e+02	5.065312e+01	1.444822e+01	142	1.987623e-01	0	
1.454996e+01	143	2.430313e+02	3.067853e+01	1.454996e+01	143	1.120841e-01	0	
1.465171e+01	144	2.342286e+02	2.136361e+00	1.465171e+01	144	9.038400e-03	0	
1.475346e+01	145	2.262136e+02	3.680957e+01	1.475346e+01	145	1.399480e-01	0	
1.485521e+01	146	2.156570e+02	4.042237e+01	1.485521e+01	146	1.578509e-01	0	
1.495696e+01	147	2.414588e+02	9.084448e+00	1.495696e+01	147	3.625900e-02	0	
1.505870e+01	148	2.454021e+02	8.955121e+00	1.505870e+01	148	3.520687e-02	0	
1.516045e+01	149	2.328858e+02	7.921570e+00	1.516045e+01	149	3.289588e-02	0	
1.526220e+01	150	2.346952e+02	5.495594e+00	1.526220e+01	150	2.288012e-02	0	
1.536395e+01	151	2.391562e+02	1.034165e+01	1.536395e+01	151	4.144986e-02	0	
1.546570e+01	152	2.318095e+02	3.413852e+00	1.546570e+01	152	1.451324e-02	0	
1.556744e+01	153	2.361735e+02	1.362306e+01	1.556744e+01	153	5.453662e-02	0	
1.566919e+01	154	2.148678e+02	-2.697255e+00	1.566919e+01	154	-1.271267e-02	0	
1.577094e+01	155	2.529935e+02	2.909544e+00	1.577094e+01	155	1.136971e-02	0	
1.587269e+01	156	2.186876e+02	9.801905e+00	1.587269e+01	156	4.289871e-02	0	
1.597444e+01	157	2.328764e+02	5.376659e+00	1.597444e+01	157	2.256701e-02	0	
1.607618e+01	158	2.342200e+02	-1.400401e+00	1.607618e+01	158	-6.014962e-03	0	
1.617793e+01	159	2.377540e+02	7.419790e+00	1.617793e+01	159	3.026339e-02	0	
1.627968e+01	160	2.469737e+02	1.474372e+00	1.627968e+01	160	5.934327e-03	0	
1.638143e+01	161	1.826576e+02	8.014533e-02	1.638143e+01	161	4.385811e-04	0	
1.648318e+01	162	2.130951e+02	-1.551297e+00	1.648318e+01	162	-7.333219e-03	0	
1.658492e+01	163	2.337222e+02	3.206880e+01	1.658492e+01	163	1.206542e-01	0	
1.668667e+01	164	2.592431e+02	1.580832e+01	1.668667e+01	164	5.747405e-02	0	
1.678842e+01	165	2.583669e+02	1.623578e+01	1.678842e+01	165	5.912462e-02	0	
1.689017e+01	166	2.688299e+02	6.960226e+00	1.689017e+01	166	2.523740e-02	0	
1.699192e+01	167	2.640363e+02	1.531636e+01	1.699192e+01	167	5.482804e-02	0	
1.709366e+01	168	2.463929e+02	1.723489e+01	1.709366e+01	168	6.537585e-02	0	
1.719541e+01	169	2.090146e+02	4.790344e+01	1.719541e+01	169	1.864542e-01	0	
1.729716e+01	170	2.135240e+02	4.314262e+01	1.729716e+01	170	1.680882e-01	0	
1.739891e+01	171	2.303570e+02	4.354316e+01	1.739891e+01	171	1.589746e-01	0	
1.750066e+01	172	2.332655e+02	3.309771e+01	1.750066e+01	172	1.242578e-01	0	
1.760240e+01	173	2.133013e+02	4.410635e+01	1.760240e+01	173	1.713482e-01	0	
1.770415e+01	174	2.182752e+02	4.542633e+01	1.770415e+01	174	1.722642e-01	0	
1.780590e+01	175	2.058069e+02	4.780020e+01	1.780590e+01	175	1.884813e-01	0	
1.790765e+01	176	2.405504e+02	3.996517e+01	1.790765e+01	176	1.424704e-01	0	
1.800940e+01	177	2.188675e+02	4.122281e+01	1.800940e+01	177	1.584942e-01	0	
1.811114e+01	178	2.208936e+02	4.808918e+01	1.811114e+01	178	1.787816e-01	0	
1.821289e+01	179	2.006059e+02	3.581005e+01	1.821289e+01	179	1.514705e-01	0	
1.831464e+01	180	1.600795e+02	5.027507e+01	1.831464e+01	180	2.390016e-01	0	
1.841639e+01	181	2.296308e+02	4.488851e+01	1.841639e+01	181	1.635168e-01	0	
1.851814e+01	182	2.226744e+02	3.315083e+01	1.851814e+01	182	1.295839e-01	0	
1.861988e+01	183	2.378437e+02	1.233113e+01	1.861988e+01	183	4.929005e-02	0	
1.872163e+01	184	2.384198e+02	1.087441e+01	1.872163e+01	184	4.362079e-02	0	
1.882338e+01	185	2.120778e+02	3.985534e+01	1.882338e+01	185	1.581981e-01	0	
1.892513e+01	186	2.437043e+02	3.188740e+01	1.892513e+01	186	1.157052e-01	0	
1.902688e+01	187	2.548535e+02	-1.924393e+01	1.902688e+01	187	-8.167720e-02	0	
1.912862e+01	188	2.509302e+02	-2.282739e+01	1.912862e+01	188	-1.000750e-01	0	
1.923037e+01	189	2.325782e+02	-9.138853e-02	1.923037e+01	189	-3.930912e-04	0	
1.933212e+01	190	2.548035e+02	-1.917023e+01	1.933212e+01	190	-8.135621e-02	0	
1.943387e+01	191	2.470675e+02	-1.868977e+01	1.943387e+01	191	-8.183710e-02	0	
1.953562e+01	192	2.264746e+02	2.697397e+01	1.953562e+01	192	1.064278e-01	0	
1.963736e+01	193	2.062927e+02	5.728255e+00	1.963736e+01	193	2.701740e-02	0	
1.973911e+01	194	1.971546e+02	2.088648e+01	1.973911e+01	194	9.579149e-02	0	
1.984086e+01	195	2.427662e+02	6.294265e-02	1.984086e+01	195	2.592055e-04	0	
1.994261e+01	196	2.174316e+02	2.138422e+01	1.994261e+01	196	8.954273e-02	0	
2.004436e+01	197	2.363941e+02	4.980870e+00	2.004436e+01	197	2.063540e-02	0	
2.014610e+01	198	2.314998e+02	1.091408e+01	2.014610e+01	198	4.502250e-02	0	
2.024785e+01	199	2.714931e+02	-1.062512e+01	2.024785e+01	199	-4.072987e-02	0	
2.034960e+01	200	2.492951e+02	-1.504626e+01	2.034960e+01	200	-6.423195e-02	0	
2.045135e+01	201	2.158267e+02	1.684540e+01	2.045135e+01	201	7.239974e-02	0	
2.055310e+01	202	2.370617e+02	-3.435872e+00	2.055310e+01	202	-1.470673e-02	0	
2.065484e+01	203	2.353054e+02	4.405406e+01	2.065484e+01	203	1.576967e-01	0	
2.075659e+01	204	2.641075e+02	2.347609e+01	2.075659e+01	204	8.163223e-02	0	
2.085834e+01	205	1.796607e+02	-2.863275e-01	2.085834e+01	205	-1.596256e-03	0	
2.096009e+01	206	2.430552e+02	2.915365e+01	2.096009e+01	206	1.071003e-01	0	
2.106184e+01	207	1.509230e+02	5.794931e+00	2.106184e+01	207	3.697682e-02	0	
2.116358e+01	208	1.817025e+02	7.325171e+00	2.116358e+01	208	3.875184e-02	0	
2.126533e+01	209	1.868582e+02	-1.155463e+00	2.126533e+01	209	-6.222111e-03	0	
2.136708e+01	210	1.706242e+02	-3.035984e+00	2.136708e+01	210	-1.811574e-02	0	
2.146883e+01	211	1.935901e+02	-8.784448e+00	2.146883e+01	211	-4.753344e-02	0	
2.157058e+01	212	1.899857e+02	-2.000399e-01	2.157058e+01	212	-1.054031e-03	0	
2.167232e+01	213	2.112304e+02	-1.617036e+01	2.167232e+01	213	-8.289940e-02	0	
2.177407e+01	214	1.780768e+02	-1.180789e+00	2.177407e+01	214	-6.675046e-03	0	
2.187582e+01	215	1.713659e+02	1.214679e+00	2.187582e+01	215	7.038330e-03	0	
2.197757e+01	216	2.567758e+02	-2.755119e+01	2.197757e+01	216	-1.201930e-01	0	
2.207932e+01	217	2.103929e+02	3.849689e+00	2.207932e+01	217	1.796883e-02	0	
2.218106e+01	218	1.438263e+02	-6.756735e-01	2.218106e+01	218	-4.720018e-03	0	
2.228281e+01	219	1.954868e+02	-8.789642e+00	2.228281e+01	219	-4.707968e-02	0	
2.238456e+01	220	2.044134e+02	-8.882081e-01	2.238456e+01	220	-4.364119e-03	0	
2.248631e+01	221	1.907585e+02	1.980092e+01	2.248631e+01	221	9.403958e-02	0	
2.258806e+01	222	2.119093e+02	5.932415e+01	2.258806e+01	222	2.187199e-01	0	
2.268980e+01	223	1.769972e+02	6.289226e+01	2.268980e+01	223	2.621718e-01	0	
2.279155e+01	224	2.125648e+02	1.881438e+00	2.279155e+01	224	8.773472e-03	0	
2.289330e+01	225	1.902349e+02	4.271482e+01	2.289330e+01	225	1.833650e-01	0	
2.299505e+01	226	1.906623e+02	-5.330047e+00	2.299505e+01	226	-2.875941e-02	0	
2.309680e+01	227	1.966926e+02	5.096903e+01	2.309680e+01	227	2.058011e-01	0	
2.319854e+01	228	2.407727e+02	1.133875e+01	2.319854e+01	228	4.497515e-02	0	
2.330029e+01	229	1.867065e+02	5.822951e+00	2.330029e+01	229	3.024447e-02	0	
2.340204e+01	230	1.839171e+02	-6.318243e+00	2.340204e+01	230	-3.557592e-02	0	
2.350379e+01	231	1.997579e+02	-4.213443e+00	2.350379e+01	231	-2.154724e-02	0	
2.360554e+01	232	1.877044e+02	9.591574e+00	2.360554e+01	232	4.861515e-02	0	
2.370728e+01	233	1.710696e+02	4.140743e+00	2.370728e+01	233	2.363298e-02	0	
2.380903e+01	234	1.717296e+02	1.391387e+01	2.380903e+01	234	7.494942e-02	0	
2.391078e+01	235	1.881002e+02	-2.589712e+00	2.391078e+01	235	-1.395992e-02	0	
2.401253e+01	236	1.808238e+02	1.333831e+01	2.401253e+01	236	6.869677e-02	0	
2.411428e+01	237	1.777054e+02	2.714011e+01	2.411428e+01	237	1.324906e-01	0	
2.421602e+01	238	1.829779e+02	2.448523e+01	2.421602e+01	238	1.180221e-01	0	
2.431777e+01	239	1.797888e+02	2.733393e+01	2.431777e+01	239	1.319697e-01	0	
2.441952e+01	240	1.806380e+02	1.704439e+01	2.441952e+01	240	8.622108e-02	0	
2.452127e+01	241	1.601991e+02	3.504903e+01	2.452127e+01	241	1.795102e-01	0	
2.462302e+01	242	1.755942e+02	1.556660e+01	2.462302e+01	242	8.143197e-02	0	
2.472476e+01	243	1.963213e+02	4.107849e+01	2.472476e+01	243	1.730351e-01	0	
2.482651e+01	244	2.050296e+02	3.711615e+01	2.482651e+01	244	1.532802e-01	0	
2.492826e+01	245	1.740252e+02	2.187983e+01	2.492826e+01	245	1.116859e-01	0	
2.503001e+01	246	1.952219e+02	3.780811e+01	2.503001e+01	246	1.622457e-01	0	
2.513176e+01	247	2.048459e+02	4.194301e+01	2.513176e+01	247	1.699550e-01	0	
2.523350e+01	248	1.892713e+02	3.910912e+01	2.523350e+01	248	1.712455e-01	0	
2.533525e+01	249	2.006603e+02	4.124703e+01	2.533525e+01	249	1.705076e-01	0	
2.543700e+01	250	2.101503e+02	3.678900e+01	2.543700e+01	250	1.489799e-01	0	
2.553875e+01	251	1.993320e+02	4.273201e+01	2.553875e+01	251	1.765319e-01	0	
2.564050e+01	252	2.026375e+02	4.302259e+01	2.564050e+01	252	1.751306e-01	0	
2.574224e+01	253	2.059303e+02	4.596362e+01	2.574224e+01	253	1.824721e-01	0	
2.584399e+01	254	2.295595e+02	5.758928e+01	2.584399e+01	254	2.005555e-01	0	
2.594574e+01	255	1.741243e+02	1.012947e+00	2.594574e+01	255	5.783733e-03	0	
2.604749e+01	256	1.780366e+02	-6.230265e+00	2.604749e+01	256	-3.626330e-02	0	
2.614924e+01	257	1.642783e+02	2.544942e+01	2.614924e+01	257	1.341365e-01	0	
2.625098e+01	258	1.757115e+02	1.072147e+00	2.625098e+01	258	6.064741e-03	0	
2.635273e+01	259	1.636532e+02	-4.955464e+00	2.635273e+01	259	-3.122580e-02	0	
2.645448e+01	260	1.500221e+02	-8.014523e+00	2.645448e+01	260	-5.643729e-02	0	
2.655623e+01	261	1.607248e+02	3.501788e+00	2.655623e+01	261	2.132291e-02	0	
2.665798e+01	262	1.776070e+02	-2.009752e+00	2.665798e+01	262	-1.144524e-02	0	
2.675972e+01	263	1.599503e+02	-9.041992e+00	2.675972e+01	263	-5.991713e-02	0	
2.686147e+01	264	1.841887e+02	1.268724e+01	2.686147e+01	264	6.444282e-02	0	
2.696322e+01	265	1.717437e+02	-5.070762e+00	2.696322e+01	265	-3.042343e-02	0	
2.706497e+01	266	1.872212e+02	1.117141e+01	2.706497e+01	266	5.630961e-02	0	
2.716672e+01	267	1.831851e+02	4.434397e+00	2.716672e+01	267	2.363505e-02	0	
2.726846e+01	268	1.674814e+02	7.707407e+00	2.726846e+01	268	4.399486e-02	0	
2.737021e+01	269	1.735939e+02	1.431012e+01	2.737021e+01	269	7.615654e-02	0	
2.747196e+01	270	2.006184e+02	2.515190e+01	2.747196e+01	270	1.114048e-01	0	
2.757371e+01	271	1.741772e+02	-1.683904e+01	2.757371e+01	271	-1.070245e-01	0	
2.767546e+01	272	1.706613e+02	-1.459011e+01	2.767546e+01	272	-9.348369e-02	0	
2.777720e+01	273	1.682906e+02	-1.701095e+00	2.777720e+01	273	-1.021130e-02	0	
2.787895e+01	274	1.782412e+02	2.458386e+00	2.787895e+01	274	1.360482e-02	0	
2.798070e+01	275	1.703906e+02	-1.338066e+01	2.798070e+01	275	-8.522174e-02	0	
2.808245e+01	276	1.744796e+02	-1.664969e+01	2.808245e+01	276	-1.054913e-01	0	
2.818420e+01	277	1.530966e+02	5.161290e+01	2.818420e+01	277	2.521275e-01	0	
2.828594e+01	278	1.591519e+02	1.120126e+01	2.828594e+01	278	6.575317e-02	0	
2.838769e+01	279	1.843546e+02	-2.529145e+00	2.838769e+01	279	-1.390974e-02	0	
2.848944e+01	280	1.768118e+02	3.623868e+00	2.848944e+01	280	2.008399e-02	0	
2.859119e+01	281	1.661710e+02	1.413689e+01	2.859119e+01	281	7.840417e-02	0	
2.869294e+01	282	4.098385e+01	1.737699e+02	2.869294e+01	282	8.091589e-01	7.000000e-01	
2.879468e+01	283	4.975951e+01	1.789022e+02	2.879468e+01	283	7.823881e-01	7.000000e-01	
2.889643e+01	284	3.828982e+01	1.870040e+02	2.889643e+01	284	8.300450e-01	7.000000e-01	
2.899818e+01	285	3.059425e+01	1.797177e+02	2.899818e+01	285	8.545292e-01	7.000000e-01	
2.909993e+01	286	3.194758e+01	1.769569e+02	2.909993e+01	286	8.470709e-01	7.000000e-01	
2.920168e+01	287	4.219024e+01	1.875800e+02	2.920168e+01	287	8.163807e-01	7.000000e-01	
2.930342e+01	288	3.468702e+01	1.776177e+02	2.930342e+01	288	8.366168e-01	7.000000e-01	
2.940517e+01	289	2.890630e+01	1.767884e+02	2.940517e+01	289	8.594699e-01	7.000000e-01	
2.950692e+01	290	2.922646e+01	1.908739e+02	2.950692e+01	290	8.672130e-01	7.000000e-01	
2.960867e+01	291	2.986633e+01	1.838337e+02	2.960867e+01	291	8.602418e-01	7.000000e-01	
2.971042e+01	292	2.579979e+01	1.714646e+02	2.971042e+01	292	8.692121e-01	7.000000e-01	
2.981216e+01	293	3.461533e+01	1.539057e+02	2.981216e+01	293	8.163848e-01	7.000000e-01	
2.991391e+01	294	1.386534e+01	1.734544e+02	2.991391e+01	294	9.259804e-01	7.000000e-01	
3.001566e+01	295	2.696522e+01	1.605374e+02	3.001566e+01	295	8.561875e-01	7.000000e-01	
3.011741e+01	296	2.425001e+01	1.661284e+02	3.011741e+01	296	8.726221e-01	7.000000e-01	
3.021916e+01	297	2.324639e+01	1.648529e+02	3.021916e+01	297	8.764143e-01	7.000000e-01	
3.032090e+01	298	3.413487e+01	1.537150e+02	3.032090e+01	298	8.182864e-01	7.000000e-01	
3.042265e+01	299	2.480027e+01	1.674897e+02	3.042265e+01	299	8.710267e-01	7.000000e-01	
3.052440e+01	300	1.494160e+01	1.749196e+02	3.052440e+01	300	9.213025e-01	7.000000e-01	
3.062615e+01	301	5.064883e+01	2.016210e+02	3.062615e+01	301	7.992276e-01	7.000000e-01	
3.072790e+01	302	4.544158e+01	2.337937e+02	3.072790e+01	302	8.372642e-01	7.000000e-01	
3.082964e+01	303	2.925446e+01	2.514108e+02	3.082964e+01	303	8.957674e-01	7.000000e-01	
3.093139e+01	304	2.717580e+01	2.417186e+02	3.093139e+01	304	8.989350e-01	7.000000e-01	
3.103314e+01	305	5.506526e+01	2.558156e+02	3.103314e+01	305	8.228734e-01	7.000000e-01	
3.113489e+01	306	5.167769e+01	2.423183e+02	3.113489e+01	306	8.242231e-01	7.000000e-01	
3.123664e+01	307	3.479826e+01	2.537530e+02	3.123664e+01	307	8.794035e-01	7.000000e-01	
3.133838e+01	308	5.448385e+00	2.613023e+02	3.133838e+01	308	9.795750e-01	7.000000e-01	
3.144013e+01	309	1.871184e+02	-3.236653e+01	3.144013e+01	309	-2.091511e-01	7.000000e-01	
3.154188e+01	310	1.971138e+02	-2.811584e+01	3.154188e+01	310	-1.663679e-01	0	
3.164363e+01	311	1.730248e+02	-5.765987e+00	3.164363e+01	311	-3.447344e-02	0	
3.174538e+01	312	2.008291e+02	-5.781860e+01	3.174538e+01	312	-4.042962e-01	0	
3.184712e+01	313	1.737068e+02	1.512413e+01	3.184712e+01	313	8.009350e-02	0	
3.194887e+01	314	1.596773e+02	1.884372e+01	3.194887e+01	314	1.055546e-01	0	
3.205062e+01	315	1.711564e+02	1.845312e+01	3.205062e+01	315	9.732170e-02	0	
3.215237e+01	316	1.695357e+02	1.540155e+01	3.215237e+01	316	8.327987e-02	0	
3.225412e+01	317	1.825549e+02	9.163895e+00	3.225412e+01	317	4.779863e-02	0	
3.235586e+01	318	1.666396e+02	1.662311e+01	3.235586e+01	318	9.070645e-02	0	
3.245761e+01	319	1.624056e+02	1.820390e+01	3.245761e+01	319	1.007915e-01	0	
3.255936e+01	320	1.495284e+02	2.418693e+01	3.255936e+01	320	1.392331e-01	0	
3.266111e+01	321	1.601098e+02	1.417906e+01	3.266111e+01	321	8.135379e-02	0	
3.276286e+01	322	1.827852e+02	1.598591e+01	3.276286e+01	322	8.042371e-02	0	
3.286460e+01	323	1.661838e+02	1.688472e+01	3.286460e+01	323	9.223170e-02	0	
3.296635e+01	324	1.656828e+02	1.944379e+01	3.296635e+01	324	1.050297e-01	0	
3.306810e+01	325	2.062092e+02	1.065222e+01	3.306810e+01	325	4.911994e-02	0	
3.316985e+01	326	2.003307e+02	1.680278e+01	3.316985e+01	326	7.738457e-02	0	
3.327160e+01	327	1.977020e+02	1.361896e+01	3.327160e+01	327	6.444680e-02	0	
3.337334e+01	328	2.102895e+02	1.200467e+01	3.337334e+01	328	5.400353e-02	0	
3.347509e+01	329	2.102609e+02	1.920784e+01	3.347509e+01	329	8.370569e-02	0	
3.357684e+01	330	2.110171e+02	2.619906e+01	3.357684e+01	330	1.104438e-01	0	
3.367859e+01	331	2.092876e+02	9.598699e+00	3.367859e+01	331	4.385244e-02	0	
3.378034e+01	332	1.956492e+02	1.237367e+01	3.378034e+01	332	5.948226e-02	0	
3.388208e+01	333	2.475394e+02	-5.089244e+00	3.388208e+01	333	-2.099089e-02	0	
3.398383e+01	334	2.146738e+02	8.325796e+00	3.398383e+01	334	3.733548e-02	0	
3.408558e+01	335	2.139475e+02	1.756532e+01	3.408558e+01	335	7.587191e-02	0	
3.418733e+01	336	2.475190e+02	-4.716606e+00	3.418733e+01	336	-1.942570e-02	0	
3.428908e+01	337	2.111105e+02	7.344722e+00	3.428908e+01	337	3.362118e-02	0	
3.439082e+01	338	1.971589e+02	-1.555536e+01	3.439082e+01	338	-8.565560e-02	0	
3.449257e+01	339	1.621203e+02	-2.197741e+01	3.449257e+01	339	-1.568214e-01	0	
3.459432e+01	340	1.699014e+02	-7.763244e+00	3.459432e+01	340	-4.788043e-02	0	
3.469607e+01	341	2.003073e+02	-1.244907e+01	3.469607e+01	341	-6.626843e-02	0	
3.479782e+01	342	2.075509e+02	-7.562615e+00	3.479782e+01	342	-3.781529e-02	0	
3.489956e+01	343	1.890430e+02	-6.092012e+00	3.489956e+01	343	-3.329860e-02	0	
3.500131e+01	344	1.730252e+02	2.284380e+01	3.500131e+01	344	1.166280e-01	0	
3.510306e+01	345	1.935054e+02	3.188303e+01	3.510306e+01	345	1.414581e-01	0	
3.520481e+01	346	1.611039e+02	2.733866e+01	3.520481e+01	346	1.450769e-01	0	
3.530656e+01	347	2.076762e+02	4.539530e+01	3.530656e+01	347	1.793774e-01	0	
3.540830e+01	348	1.985112e+02	3.691752e+01	3.540830e+01	348	1.568098e-01	0	
3.551005e+01	349	2.008668e+02	2.207596e+00	3.551005e+01	349	1.087087e-02	0	
3.561180e+01	350	1.829986e+02	3.006655e+01	3.561180e+01	350	1.411143e-01	0	
3.571355e+01	351	1.968252e+02	1.369047e+01	3.571355e+01	351	6.503302e-02	0	
3.581530e+01	352	1.787421e+02	-3.243171e+00	3.581530e+01	352	-1.847972e-02	0	
3.591704e+01	353	1.976810e+02	5.128563e+00	3.591704e+01	353	2.528758e-02	0	
3.601879e+01	354	1.955490e+02	1.692190e+01	3.601879e+01	354	7.964338e-02	0	
3.612054e+01	355	2.111897e+02	5.186153e+00	3.612054e+01	355	2.396826e-02	0	
3.622229e+01	356	1.934031e+02	3.854983e+01	3.622229e+01	356	1.661968e-01	0	
3.632404e+01	357	1.647402e+02	2.255366e+01	3.632404e+01	357	1.204186e-01	0	
3.642578e+01	358	1.963651e+02	5.049147e+00	3.642578e+01	358	2.506847e-02	0	
3.652753e+01	359	1.878333e+02	2.847019e+01	3.652753e+01	359	1.316215e-01	0	
3.662928e+01	360	1.894839e+02	2.804214e+01	3.662928e+01	360	1.289139e-01	0	
3.673103e+01	361	1.869269e+02	4.976511e+01	3.673103e+01	361	2.102526e-01	0	
3.683278e+01	362	1.917742e+02	3.042519e+01	3.683278e+01	362	1.369274e-01	0	
3.693452e+01	363	1.852236e+02	1.549978e+01	3.693452e+01	363	7.721960e-02	0	
3.703627e+01	364	2.108148e+02	1.033745e+02	3.703627e+01	364	3.290198e-01	0	
3.713802e+01	365	1.858784e+02	8.783966e+01	3.713802e+01	365	3.209129e-01	0	
3.723977e+01	366	1.933337e+02	6.828132e+01	3.723977e+01	366	2.609992e-01	0	
3.734152e+01	367	1.842130e+02	7.015387e+01	3.734152e+01	367	2.757980e-01	0	
3.744326e+01	368	1.956675e+02	6.914886e+01	3.744326e+01	368	2.611200e-01	0	
3.754501e+01	369	1.823018e+02	7.249025e+01	3.754501e+01	369	2.845075e-01	0	
3.764676e+01	370	2.060025e+02	5.631208e+01	3.764676e+01	370	2.146738e-01	0	
3.774851e+01	371	1.998414e+02	1.112881e+02	3.774851e+01	371	3.576906e-01	0	
3.785026e+01	372	1.987279e+02	1.034722e+02	3.785026e+01	372	3.423963e-01	0	
3.795200e+01	373	1.539170e+02	1.185592e+02	3.795200e+01	373	4.351176e-01	0	
3.805375e+01	374	1.961566e+02	1.176120e+02	3.805375e+01	374	3.748367e-01	0	
3.815550e+01	375	1.712151e+02	2.666763e+01	3.815550e+01	375	1.347648e-01	0	
3.825725e+01	376	1.880949e+02	8.061587e+01	3.825725e+01	376	3.000098e-01	0	
3.835900e+01	377	1.835666e+02	8.429431e+01	3.835900e+01	377	3.146943e-01	0	
3.846074e+01	378	1.794214e+02	3.394006e+01	3.846074e+01	378	1.590731e-01	0	
3.856249e+01	379	1.604565e+02	1.522193e+01	3.856249e+01	379	8.664655e-02	0	
3.866424e+01	380	1.912238e+02	1.360589e+01	3.866424e+01	380	6.642538e-02	0	
3.876599e+01	381	1.609294e+02	1.534060e+01	3.876599e+01	381	8.702899e-02	0	
3.886774e+01	382	1.500429e+02	3.401418e+00	3.886774e+01	382	2.216712e-02	0	
3.896948e+01	383	1.721351e+02	3.145758e+01	3.896948e+01	383	1.545123e-01	0	
3.907123e+01	384	1.749057e+02	1.177046e+01	3.907123e+01	384	6.305283e-02	0	
3.917298e+01	385	1.801834e+02	1.545283e+01	3.917298e+01	385	7.898757e-02	0	
3.927473e+01	386	1.669383e+02	5.638637e+00	3.927473e+01	386	3.267318e-02	0	
3.937648e+01	387	1.765707e+02	1.314650e+01	3.937648e+01	387	6.929525e-02	0	
3.947822e+01	388	1.718236e+02	-2.604563e+00	3.947822e+01	388	-1.539167e-02	0	
3.957997e+01	389	1.839958e+02	1.608479e+01	3.957997e+01	389	8.039156e-02	0	
3.968172e+01	390	1.835454e+02	1.804755e+01	3.968172e+01	390	8.952471e-02	0	
3.978347e+01	391	1.730812e+02	1.980035e+01	3.978347e+01	391	1.026555e-01	0	
3.988522e+01	392	1.732256e+02	1.170899e+01	3.988522e+01	392	6.331422e-02	0	
3.998696e+01	393	1.927932e+02	1.922611e+01	3.998696e+01	393	9.068094e-02	0	
4.008871e+01	394	2.027897e+02	2.799623e+01	4.008871e+01	394	1.213082e-01	0	
4.019046e+01	395	2.334287e+02	1.126115e+01	4.019046e+01	395	4.602214e-02	0	
4.029221e+01	396	2.043722e+02	1.929792e+01	4.029221e+01	396	8.627849e-02	0	
4.039396e+01	397	1.845700e+02	1.969172e+01	4.039396e+01	397	9.640436e-02	0	
4.049570e+01	398	2.139716e+02	1.297995e+01	4.049570e+01	398	5.719260e-02	0	
4.059745e+01	399	2.646351e+02	4.463307e+00	4.059745e+01	399	1.658615e-02	0	
4.069920e+01	400	2.172983e+02	1.491868e+01	4.069920e+01	400	6.424457e-02	0	
4.080095e+01	401	2.400470e+02	8.773391e+00	4.080095e+01	401	3.525994e-02	0	
4.090270e+01	402	2.665692e+02	4.914773e+00	4.090270e+01	402	1.810336e-02	0	
4.100444e+01	403	2.322192e+02	9.637621e-01	4.100444e+01	403	4.133073e-03	0	
4.110619e+01	404	1.780165e+02	-2.657774e+01	4.110619e+01	404	-1.755016e-01	0	
4.120794e+01	405	2.112301e+02	3.098238e+00	4.120794e+01	405	1.445557e-02	0	
4.130969e+01	406	2.101893e+02	6.161976e+00	4.130969e+01	406	2.848135e-02	0	
4.141144e+01	407	1.961796e+02	1.542887e+01	4.141144e+01	407	7.291235e-02	0	
4.151318e+01	408	2.116417e+02	1.402566e+01	4.151318e+01	408	6.215192e-02	0	
4.161493e+01	409	2.137608e+02	1.296342e+01	4.161493e+01	409	5.717704e-02	0	
4.171668e+01	410	1.969401e+02	5.572100e+00	4.171668e+01	410	2.751489e-02	0	
4.181843e+01	411	1.969288e+02	7.523209e+00	4.181843e+01	411	3.679694e-02	0	
4.192018e+01	412	2.034952e+02	-2.644625e+00	4.192018e+01	412	-1.316713e-02	0	
4.202192e+01	413	1.659435e+02	3.892616e+00	4.202192e+01	413	2.291984e-02	0	
4.212367e+01	414	1.848516e+02	5.417665e+00	4.212367e+01	414	2.847367e-02	0	
4.222542e+01	415	2.074721e+02	1.471276e+01	4.222542e+01	415	6.621855e-02	0	
4.232717e+01	416	1.818113e+02	-1.290926e+00	4.232717e+01	416	-7.151137e-03	0	
4.242892e+01	417	2.064998e+02	1.490598e+01	4.242892e+01	417	6.732426e-02	0	
4.253066e+01	418	1.648504e+02	6.569195e+00	4.253066e+01	418	3.832231e-02	0	
4.263241e+01	419	1.500832e+02	-2.605301e+01	4.263241e+01	419	-2.100538e-01	0	
4.273416e+01	420	1.756740e+02	-1.184046e+00	4.273416e+01	420	-6.785755e-03	0	
4.283591e+01	421	1.474687e+02	-6.400988e+00	4.283591e+01	421	-4.537529e-02	0	
4.293766e+01	422	1.609435e+02	1.209607e+00	4.293766e+01	422	7.459660e-03	0	
4.303940e+01	423	2.027894e+02	6.086415e+00	4.303940e+01	423	2.913892e-02	0	
4.314115e+01	424	2.338644e+02	1.259240e+01	4.314115e+01	424	5.109374e-02	0	
4.324290e+01	425	2.516126e+02	1.225278e+01	4.324290e+01	425	4.643572e-02	0	
4.334465e+01	426	1.885364e+02	3.152461e+00	4.334465e+01	426	1.644572e-02	0	
4.344640e+01	427	2.296360e+02	1.041181e+01	4.344640e+01	427	4.337390e-02	0	
4.354814e+01	428	2.569532e+02	1.908920e+01	4.354814e+01	428	6.915314e-02	0	
4.364989e+01	429	2.248565e+02	1.000968e+01	4.364989e+01	429	4.261865e-02	0	
4.375164e+01	430	2.159128e+02	6.900405e+00	4.375164e+01	430	3.096946e-02	0	
4.385339e+01	431	2.417979e+02	1.363828e+01	4.385339e+01	431	5.339212e-02	0	
4.395514e+01	432	2.100383e+02	1.304007e+01	4.395514e+01	432	5.845511e-02	0	
4.405688e+01	433	2.231591e+02	1.313727e+01	4.405688e+01	433	5.559658e-02	0	
4.415863e+01	434	1.953571e+02	1.111697e+01	4.415863e+01	434	5.384197e-02	0	
4.426038e+01	435	2.066244e+02	5.916154e+00	4.426038e+01	435	2.783541e-02	0	
4.436213e+01	436	2.094219e+02	7.452292e+00	4.436213e+01	436	3.436228e-02	0	
4.446388e+01	437	2.017256e+02	1.268477e+01	4.446388e+01	437	5.916118e-02	0	
4.456562e+01	438	2.002622e+02	1.016464e+01	4.456562e+01	438	4.830486e-02	0	
4.466737e+01	439	2.118971e+02	5.357351e+00	4.466737e+01	439	2.465934e-02	0	
4.476912e+01	440	2.016215e+02	2.251313e+00	4.476912e+01	440	1.104273e-02	0	
4.487087e+01	441	2.258821e+02	4.566780e+00	4.487087e+01	441	1.981689e-02	0	
4.497262e+01	442	2.209168e+02	4.336152e+00	4.497262e+01	442	1.925015e-02	0	
4.507436e+01	443	2.185687e+02	1.211635e+01	4.507436e+01	443	5.252334e-02	0	
4.517611e+01	444	2.065716e+02	8.974802e+00	4.517611e+01	444	4.163745e-02	0	
4.527786e+01	445	2.010741e+02	1.233065e+01	4.527786e+01	445	5.778058e-02	0	
4.537961e+01	446	2.170753e+02	7.345012e+00	4.537961e+01	446	3.272882e-02	0	
4.548136e+01	447	2.162604e+02	1.134145e+01	4.548136e+01	447	4.983022e-02	0	
4.558310e+01	448	2.142966e+02	9.084629e+00	4.558310e+01	448	4.066872e-02	0	
4.568485e+01	449	1.910299e+02	-4.966763e+00	4.568485e+01	449	-2.669397e-02	0	
4.578660e+01	450	2.138073e+02	1.375505e+01	4.578660e+01	450	6.044519e-02	0	
4.588835e+01	451	1.711301e+02	2.490741e+01	4.588835e+01	451	1.270543e-01	0	
4.599010e+01	452	1.911364e+02	2.397847e+01	4.599010e+01	452	1.114682e-01	0	
4.609184e+01	453	1.763151e+02	-1.541929e+00	4.609184e+01	453	-8.822458e-03	0	
4.619359e+01	454	1.980918e+02	1.313071e+01	4.619359e+01	454	6.216530e-02	0	
4.629534e+01	455	1.973789e+02	2.979815e+01	4.629534e+01	455	1.311671e-01	0	
4.639709e+01	456	1.761270e+02	2.488310e+01	4.639709e+01	456	1.237903e-01	0	
4.649884e+01	457	1.915273e+02	1.640883e+01	4.649884e+01	457	7.891284e-02	0	
4.660058e+01	458	2.026206e+02	8.389298e+00	4.660058e+01	458	3.975784e-02	0	
4.670233e+01	459	1.976732e+02	-2.729447e+00	4.670233e+01	459	-1.400120e-02	0	
4.680408e+01	460	2.135145e+02	5.655972e+00	4.680408e+01	460	2.580627e-02	0	
4.690583e+01	461	1.816646e+02	-1.198617e+00	4.690583e+01	461	-6.641789e-03	0	
4.700758e+01	462	1.796748e+02	9.267353e+00	4.700758e+01	462	4.904863e-02	0	
4.710932e+01	463	1.806805e+02	-3.728560e+00	4.710932e+01	463	-2.107103e-02	0	
4.721107e+01	464	1.587520e+02	2.817299e+00	4.721107e+01	464	1.743709e-02	0	
4.731282e+01	465	1.639849e+02	1.441865e+01	4.731282e+01	465	8.082042e-02	0	
4.741457e+01	466	2.050242e+02	1.839317e+00	4.741457e+01	466	8.891452e-03	0	
4.751632e+01	467	1.810303e+02	2.378481e+01	4.751632e+01	467	1.161282e-01	0	
4.761806e+01	468	1.435592e+02	2.675751e+00	4.761806e+01	468	1.829762e-02	0	
4.771981e+01	469	1.705210e+02	-4.067229e+00	4.771981e+01	469	-2.443459e-02	0	
4.782156e+01	470	1.317937e+02	8.349214e+01	4.782156e+01	470	3.878199e-01	0	
4.792331e+01	471	1.636183e+02	1.240457e+01	4.792331e+01	471	7.047135e-02	0	
4.802506e+01	472	1.685008e+02	1.941632e+01	4.802506e+01	472	1.033238e-01	0	
4.812680e+01	473	1.704511e+02	2.000014e+01	4.812680e+01	473	1.050145e-01	0	
4.822855e+01	474	1.638084e+02	1.358072e+01	4.822855e+01	474	7.655892e-02	0	
4.833030e+01	475	1.497123e+02	7.042909e+01	4.833030e+01	475	3.199266e-01	0	
4.843205e+01	476	5.006998e+01	2.074496e+02	4.843205e+01	476	8.055683e-01	7.000000e-01	
4.853380e+01	477	5.982118e+01	1.983131e+02	4.853380e+01	477	7.682556e-01	7.000000e-01	
4.863554e+01	478	6.250203e+01	1.866510e+02	4.863554e+01	478	7.491420e-01	7.000000e-01	
4.873729e+01	479	2.122961e+01	1.896638e+02	4.873729e+01	479	8.993349e-01	7.000000e-01	
4.883904e+01	480	6.718317e+01	1.605702e+02	4.883904e+01	480	7.050179e-01	7.000000e-01	
4.894079e+01	481	4.619592e+01	2.212937e+02	4.894079e+01	481	8.272983e-01	7.000000e-01	
4.904254e+01	482	5.135390e+01	2.006138e+02	4.904254e+01	482	7.961886e-01	7.000000e-01	
4.914428e+01	483	4.864573e+01	1.872632e+02	4.914428e+01	483	7.937945e-01	7.000000e-01	
4.924603e+01	484	4.243581e+01	1.814278e+02	4.924603e+01	484	8.104390e-01	7.000000e-01	
4.934778e+01	485	5.135552e+01	2.082814e+02	4.934778e+01	485	8.022026e-01	7.000000e-01	
4.944953e+01	486	6.255496e+01	2.274824e+02	4.944953e+01	486	7.843210e-01	7.000000e-01	
4.955128e+01	487	5.407974e+01	1.465255e+02	4.955128e+01	487	7.304171e-01	7.000000e-01	
4.965302e+01	488	7.723840e+01	1.519013e+02	4.965302e+01	488	6.629200e-01	7.000000e-01	
4.975477e+01	489	5.370532e+01	1.520433e+02	4.975477e+01	489	7.389760e-01	7.000000e-01	
4.985652e+01	490	5.242173e+01	1.627221e+02	4.985652e+01	490	7.563410e-01	7.000000e-01	
4.995827e+01	491	4.475212e+01	1.347648e+02	4.995827e+01	491	7.507081e-01	7.000000e-01	
5.006002e+01	492	4.769504e+01	1.530033e+02	5.006002e+01	492	7.623546e-01	7.000000e-01	
5.016176e+01	493	3.905882e+01	1.380944e+02	5.016176e+01	493	7.795196e-01	7.000000e-01	
5.026351e+01	494	5.077014e+01	1.284601e+02	5.026351e+01	494	7.167323e-01	7.000000e-01	
5.036526e+01	495	4.737723e+01	1.352250e+02	5.036526e+01	495	7.405441e-01	7.000000e-01	
5.046701e+01	496	2.972754e+01	1.331894e+02	5.046701e+01	496	8.175295e-01	7.000000e-01	
5.056876e+01	497	4.848607e+01	1.332455e+02	5.056876e+01	497	7.331995e-01	7.000000e-01	
5.067050e+01	498	3.864795e+01	1.618257e+02	5.067050e+01	498	8.072168e-01	7.000000e-01	
5.077225e+01	499	3.898416e+01	1.737043e+02	5.077225e+01	499	8.167077e-01	7.000000e-01	
5.087400e+01	500	3.393412e+01	9.603982e+01	5.087400e+01	500	7.389160e-01	7.000000e-01	
5.097575e+01	501	2.924889e+01	1.526170e+02	5.097575e+01	501	8.391733e-01	7.000000e-01	
5.107750e+01	502	4.067010e+01	1.746409e+02	5.107750e+01	502	8.111100e-01	7.000000e-01	
5.117924e+01	503	3.424347e+01	1.499449e+02	5.117924e+01	503	8.140845e-01	7.000000e-01	
5.128099e+01	504	2.969222e+01	1.522054e+02	5.128099e+01	504	8.367641e-01	7.000000e-01	
5.138274e+01	505	3.816474e+01	1.663595e+02	5.138274e+01	505	8.133975e-01	7.000000e-01	
5.148449e+01	506	4.221011e+01	1.918097e+02	5.148449e+01	506	8.196302e-01	7.000000e-01	
5.158624e+01	507	4.782889e+01	1.621192e+02	5.158624e+01	507	7.721871e-01	7.000000e-01	
5.168798e+01	508	4.247489e+01	1.730787e+02	5.168798e+01	508	8.029497e-01	7.000000e-01	
5.178973e+01	509	4.161776e+01	1.658482e+02	5.178973e+01	509	7.993996e-01	7.000000e-01	
5.189148e+01	510	3.117770e+01	1.906943e+02	5.189148e+01	510	8.594789e-01	7.000000e-01	
5.199323e+01	511	3.702310e+01	1.791480e+02	5.199323e+01	511	8.287324e-01	7.000000e-01	
5.209498e+01	512	3.479030e+01	1.281126e+02	5.209498e+01	512	7.864354e-01	7.000000e-01	
5.219672e+01	513	6.375119e+01	1.082190e+02	5.219672e+01	513	6.292893e-01	7.000000e-01	
5.229847e+01	514	3.999614e+01	1.431649e+02	5.229847e+01	514	7.816340e-01	7.000000e-01	
5.240022e+01	515	4.341694e+01	1.478887e+02	5.240022e+01	515	7.730493e-01	7.000000e-01	
5.250197e+01	516	4.030092e+01	1.766723e+02	5.250197e+01	516	8.142586e-01	7.000000e-01	
5.260372e+01	517	4.263721e+01	1.831176e+02	5.260372e+01	517	8.111349e-01	7.000000e-01	
5.270546e+01	518	4.038809e+01	1.800590e+02	5.270546e+01	518	8.167901e-01	7.000000e-01	
5.280721e+01	519	3.964688e+01	1.569741e+02	5.280721e+01	519	7.983589e-01	7.000000e-01	
5.290896e+01	520	3.435985e+01	1.693300e+02	5.290896e+01	520	8.313129e-01	7.000000e-01	
5.301071e+01	521	4.748491e+01	1.665940e+02	5.301071e+01	521	7.781897e-01	7.000000e-01	
5.311246e+01	522	3.779414e+01	1.979863e+02	5.311246e+01	522	8.397062e-01	7.000000e-01	
5.321420e+01	523	4.548719e+01	2.211841e+02	5.321420e+01	523	8.294260e-01	7.000000e-01	
5.331595e+01	524	4.441651e+01	1.812269e+02	5.331595e+01	524	8.031562e-01	7.000000e-01	
5.341770e+01	525	3.896468e+01	1.805206e+02	5.341770e+01	525	8.224725e-01	7.000000e-01	
5.351945e+01	526	5.072504e+01	1.680026e+02	5.351945e+01	526	7.680904e-01	7.000000e-01	
5.362120e+01	527	3.952000e+01	1.820016e+02	5.362120e+01	527	8.215975e-01	7.000000e-01	
5.372294e+01	528	3.400562e+01	1.854706e+02	5.372294e+01	528	8.450601e-01	7.000000e-01	
5.382469e+01	529	3.967001e+01	1.624668e+02	5.382469e+01	529	8.037467e-01	7.000000e-01	
5.392644e+01	530	2.944208e+01	1.953528e+02	5.392644e+01	530	8.690269e-01	7.000000e-01	
5.402819e+01	531	4.465577e+01	2.286192e+02	5.402819e+01	531	8.365903e-01	7.000000e-01	
5.412994e+01	532	3.187753e+01	2.063838e+02	5.412994e+01	532	8.662077e-01	7.000000e-01	
5.423168e+01	533	3.399750e+01	1.954622e+02	5.423168e+01	533	8.518367e-01	7.000000e-01	
5.433343e+01	534	4.327895e+01	2.080372e+02	5.433343e+01	534	8.277908e-01	7.000000e-01	
5.443518e+01	535	3.469034e+01	1.843246e+02	5.443518e+01	535	8.416074e-01	7.000000e-01	
5.453693e+01	536	4.109674e+01	1.854241e+02	5.453693e+01	536	8.185741e-01	7.000000e-01	
5.463868e+01	537	4.402920e+01	2.197146e+02	5.463868e+01	537	8.330607e-01	7.000000e-01	
5.474042e+01	538	3.255922e+01	1.857075e+02	5.474042e+01	538	8.508283e-01	7.000000e-01	
5.484217e+01	539	4.714332e+01	2.196545e+02	5.484217e+01	539	8.232995e-01	7.000000e-01	
5.494392e+01	540	6.002800e+01	2.238043e+02	5.494392e+01	540	7.885089e-01	7.000000e-01	
5.504567e+01	541	4.675015e+01	2.450336e+02	5.504567e+01	541	8.397781e-01	7.000000e-01	
5.514742e+01	542	5.660652e+01	2.385067e+02	5.514742e+01	542	8.081871e-01	7.000000e-01	
5.524916e+01	543	5.209537e+01	2.288608e+02	5.524916e+01	543	8.145783e-01	7.000000e-01	
5.535091e+01	544	5.047053e+01	2.450512e+02	5.535091e+01	544	8.292155e-01	7.000000e-01	
5.545266e+01	545	3.112214e+01	1.862276e+02	5.545266e+01	545	8.568108e-01	7.000000e-01	
5.555441e+01	546	2.263909e+01	1.988825e+02	5.555441e+01	546	8.978019e-01	7.000000e-01	
5.565616e+01	547	5.226798e+01	2.112125e+02	5.565616e+01	547	8.016248e-01	7.000000e-01	
5.575790e+01	548	3.280918e+01	1.831949e+02	5.575790e+01	548	8.481085e-01	7.000000e-01	
5.585965e+01	549	2.893226e+01	1.646086e+02	5.585965e+01	549	8.505108e-01	7.000000e-01	
5.596140e+01	550	3.313122e+01	1.976108e+02	5.596140e+01	550	8.564144e-01	7.000000e-01	
5.606315e+01	551	3.729354e+01	1.633171e+02	5.606315e+01	551	8.140999e-01	7.000000e-01	
5.616490e+01	552	4.446528e+01	1.871605e+02	5.616490e+01	552	8.080297e-01	7.000000e-01	
5.626664e+01	553	4.261769e+01	1.762261e+02	5.626664e+01	553	8.052598e-01	7.000000e-01	
5.636839e+01	554	3.161595e+01	1.845602e+02	5.636839e+01	554	8.537491e-01	7.000000e-01	
5.647014e+01	555	2.687620e+01	1.739427e+02	5.647014e+01	555	8.661670e-01	7.000000e-01	
5.657189e+01	556	5.366032e+01	2.093907e+02	5.657189e+01	556	7.960079e-01	7.000000e-01	
5.667364e+01	557	5.542950e+01	1.847937e+02	5.667364e+01	557	7.692583e-01	7.000000e-01	
5.677538e+01	558	3.153150e+01	1.714371e+02	5.677538e+01	558	8.446484e-01	7.000000e-01	
5.687713e+01	559	5.888033e+01	2.228670e+02	5.687713e+01	559	7.910173e-01	7.000000e-01	
5.697888e+01	560	4.802781e+01	2.147164e+02	5.697888e+01	560	8.172070e-01	7.000000e-01	
5.708063e+01	561	6.222284e+01	2.110480e+02	5.708063e+01	561	7.723034e-01	7.000000e-01	
5.718238e+01	562	5.416988e+01	2.349361e+02	5.718238e+01	562	8.126297e-01	7.000000e-01	
5.728412e+01	563	5.382635e+01	1.885352e+02	5.728412e+01	563	7.779089e-01	7.000000e-01	
5.738587e+01	564	5.035127e+01	2.301427e+02	5.738587e+01	564	8.204907e-01	7.000000e-01	
5.748762e+01	565	5.898512e+01	2.222073e+02	5.748762e+01	565	7.902322e-01	7.000000e-01	
5.758937e+01	566	5.799946e+01	2.135930e+02	5.758937e+01	566	7.864467e-01	7.000000e-01	
5.769112e+01	567	4.479243e+01	2.370218e+02	5.769112e+01	567	8.410569e-01	7.000000e-01	
5.779286e+01	568	5.281925e+01	2.432309e+02	5.779286e+01	568	8.215868e-01	7.000000e-01	
5.789461e+01	569	5.120512e+01	2.250443e+02	5.789461e+01	569	8.146417e-01	7.000000e-01	
5.799636e+01	570	5.802626e+01	2.370470e+02	5.799636e+01	570	8.033496e-01	7.000000e-01	
5.809811e+01	571	6.075490e+01	1.896956e+02	5.809811e+01	571	7.574175e-01	7.000000e-01	
5.819986e+01	572	6.350474e+01	2.219633e+02	5.819986e+01	572	7.775417e-01	7.000000e-01	
5.830160e+01	573	5.429214e+01	2.271153e+02	5.830160e+01	573	8.070693e-01	7.000000e-01	
5.840335e+01	574	5.084929e+01	2.161977e+02	5.840335e+01	574	8.095867e-01	7.000000e-01	
5.850510e+01	575	5.309414e+01	2.411713e+02	5.850510e+01	575	8.195706e-01	7.000000e-01	
5.860685e+01	576	5.856835e+01	2.561750e+02	5.860685e+01	576	8.139171e-01	7.000000e-01	
5.870860e+01	577	4.148440e+01	1.853354e+02	5.870860e+01	577	8.171042e-01	7.000000e-01	
5.881034e+01	578	5.567180e+01	2.336771e+02	5.881034e+01	578	8.075963e-01	7.000000e-01	
5.891209e+01	579	6.462787e+01	2.392359e+02	5.891209e+01	579	7.873130e-01	7.000000e-01	
5.901384e+01	580	5.952493e+01	2.510087e+02	5.901384e+01	580	8.083141e-01	7.000000e-01	
5.911559e+01	581	4.644356e+01	1.642296e+02	5.911559e+01	581	7.795469e-01	7.000000e-01	
5.921734e+01	582	3.020629e+01	1.538574e+02	5.921734e+01	582	8.358922e-01	7.000000e-01	
5.931908e+01	583	3.843839e+01	1.578441e+02	5.931908e+01	583	8.041680e-01	7.000000e-01	
5.942083e+01	584	4.883283e+01	1.339778e+02	5.942083e+01	584	7.328775e-01	7.000000e-01	
5.952258e+01	585	4.784407e+01	1.339788e+02	5.952258e+01	585	7.368644e-01	7.000000e-01	
5.962433e+01	586	4.549781e+01	1.505716e+02	5.962433e+01	586	7.679505e-01	7.000000e-01	
5.972608e+01	587	4.230377e+01	1.450080e+02	5.972608e+01	587	7.741532e-01	7.000000e-01	
5.982782e+01	588	4.304763e+01	1.551969e+02	5.982782e+01	588	7.828559e-01	7.000000e-01	
5.992957e+01	589	4.616524e+01	1.684435e+02	5.992957e+01	589	7.848865e-01	7.000000e-01	
6.003132e+01	590	4.966328e+01	1.730596e+02	6.003132e+01	590	7.770176e-01	7.000000e-01	
6.013307e+01	591	5.062708e+01	1.305327e+02	6.013307e+01	591	7.205391e-01	7.000000e-01	
6.023482e+01	592	4.875678e+01	1.484004e+02	6.023482e+01	592	7.527010e-01	7.000000e-01	
6.033656e+01	593	3.290026e+01	1.309899e+02	6.033656e+01	593	7.992542e-01	7.000000e-01	
6.043831e+01	594	4.970621e+01	1.296303e+02	6.043831e+01	594	7.228327e-01	7.000000e-01	
6.054006e+01	595	4.735348e+01	2.106043e+02	6.054006e+01	595	8.164293e-01	7.000000e-01	
6.064181e+01	596	3.928426e+01	2.241387e+02	6.064181e+01	596	8.508700e-01	7.000000e-01	
6.074356e+01	597	5.816976e+01	2.112553e+02	6.074356e+01	597	7.840967e-01	7.000000e-01	
6.084530e+01	598	4.752950e+01	1.926108e+02	6.084530e+01	598	8.020761e-01	7.000000e-01	
6.094705e+01	599	2.980853e+01	2.660178e+02	6.094705e+01	599	8.992364e-01	7.000000e-01	
6.104880e+01	600	4.341936e+01	2.016785e+02	6.104880e+01	600	8.228489e-01	7.000000e-01	
6.115055e+01	601	4.675831e+01	2.022016e+02	6.115055e+01	601	8.121854e-01	7.000000e-01	
